# time, fQ
0,0.774
10,0.650
20,0.663
30,0.659
40,0.625
50,0.650
60,0.637
70,0.606
80,0.606
90,0.608
100,0.608
110,0.589
120,0.590
130,0.595
140,0.553
150,0.564
160,0.540
170,0.572
180,0.575
190,0.553
200,0.562
210,0.547
220,0.543
230,0.512
240,0.532
250,0.522
260,0.526
270,0.522
280,0.521
290,0.506
300,0.526
310,0.507
320,0.480
330,0.499
340,0.488
350,0.484
360,0.533
370,0.513
380,0.549
390,0.524
400,0.520
410,0.491
420,0.505
430,0.498
440,0.480
450,0.507
460,0.501
470,0.513
480,0.482
490,0.518
500,0.482
510,0.486
520,0.487
530,0.470
540,0.441
550,0.463
560,0.442
570,0.457
580,0.409
590,0.376
600,0.401
610,0.413
620,0.409
630,0.403
640,0.383
650,0.386
660,0.382
670,0.352
680,0.357
690,0.361
700,0.365
710,0.383
720,0.380
730,0.417
740,0.360
750,0.406
760,0.399
770,0.390
780,0.399
790,0.398
800,0.382
810,0.388
820,0.379
830,0.382
840,0.387
850,0.355
860,0.337
870,0.329
880,0.334
890,0.337
900,0.360
910,0.337
920,0.304
930,0.300
940,0.310
950,0.319
960,0.302
970,0.337
980,0.333
990,0.334
1000,0.334
1010,0.321
1020,0.299
1030,0.318
1040,0.295
1050,0.300
1060,0.292
1070,0.288
1080,0.281
1090,0.264
1100,0.263
1110,0.267
1120,0.264
1130,0.264
1140,0.245
1150,0.231
1160,0.237
1170,0.234
1180,0.237
1190,0.241
1200,0.240
1210,0.210
1220,0.227
1230,0.222
1240,0.234
1250,0.227
1260,0.242
1270,0.246
1280,0.263
1290,0.268
1300,0.246
1310,0.260
1320,0.230
1330,0.240
1340,0.246
1350,0.261
1360,0.250
1370,0.246
1380,0.256
1390,0.241
1400,0.256
1410,0.260
1420,0.253
1430,0.248
1440,0.242
1450,0.240
1460,0.238
1470,0.229
1480,0.238
1490,0.227
1500,0.253
1510,0.235
1520,0.226
1530,0.233
1540,0.242
1550,0.223
1560,0.253
1570,0.249
1580,0.248
1590,0.231
1600,0.246
1610,0.249
1620,0.246
1630,0.235
1640,0.222
1650,0.211
1660,0.219
1670,0.223
1680,0.219
1690,0.218
1700,0.225
1710,0.230
1720,0.222
1730,0.226
1740,0.219
1750,0.210
1760,0.199
1770,0.202
1780,0.208
1790,0.222
1800,0.229
1810,0.231
1820,0.226
1830,0.235
1840,0.237
1850,0.240
1860,0.233
1870,0.235
1880,0.225
1890,0.227
1900,0.211
1910,0.217
1920,0.195
1930,0.196
1940,0.199
1950,0.206
1960,0.191
1970,0.191
1980,0.208
1990,0.198
2000,0.185
2010,0.199
2020,0.187
2030,0.188
2040,0.194
2050,0.200
2060,0.199
2070,0.194
2080,0.183
2090,0.188
2100,0.191
2110,0.181
2120,0.191
2130,0.187
2140,0.203
2150,0.194
2160,0.169
2170,0.171
2180,0.191
2190,0.180
2200,0.188
2210,0.181
2220,0.177
2230,0.171
2240,0.180
2250,0.160
2260,0.177
2270,0.189
2280,0.189
2290,0.189
2300,0.175
2310,0.177
2320,0.181
2330,0.191
2340,0.203
2350,0.200
2360,0.207
2370,0.177
2380,0.173
2390,0.191
2400,0.184
2410,0.192
2420,0.187
2430,0.188
2440,0.179
2450,0.200
2460,0.187
2470,0.207
2480,0.184
2490,0.187
2500,0.184
2510,0.203
2520,0.195
2530,0.169
2540,0.175
2550,0.172
2560,0.152
2570,0.164
2580,0.162
2590,0.168
2600,0.179
2610,0.183
2620,0.210
2630,0.191
2640,0.180
2650,0.191
2660,0.196
2670,0.172
2680,0.169
2690,0.169
2700,0.188
2710,0.175
2720,0.175
2730,0.194
2740,0.184
2750,0.192
2760,0.177
2770,0.169
2780,0.165
2790,0.177
2800,0.160
2810,0.160
2820,0.154
2830,0.166
2840,0.162
2850,0.157
2860,0.150
2870,0.138
2880,0.137
2890,0.150
2900,0.141
2910,0.145
2920,0.133
2930,0.129
2940,0.141
2950,0.131
2960,0.119
2970,0.129
2980,0.112
2990,0.112
3000,0.118
3010,0.127
3020,0.135
3030,0.122
3040,0.133
3050,0.130
3060,0.112
3070,0.097
3080,0.111
3090,0.122
3100,0.114
3110,0.112
3120,0.108
3130,0.111
3140,0.096
3150,0.100
3160,0.095
3170,0.099
3180,0.111
3190,0.112
3200,0.099
3210,0.101
3220,0.091
3230,0.093
3240,0.108
3250,0.103
3260,0.104
3270,0.097
3280,0.099
3290,0.092
3300,0.101
3310,0.092
3320,0.077
3330,0.089
3340,0.080
3350,0.074
3360,0.087
3370,0.092
3380,0.077
3390,0.078
3400,0.066
3410,0.076
3420,0.065
3430,0.078
3440,0.073
3450,0.070
3460,0.076
3470,0.066
3480,0.064
3490,0.064
3500,0.061
3510,0.072
3520,0.085
3530,0.072
3540,0.080
3550,0.101
3560,0.083
3570,0.083
3580,0.077
3590,0.074
3600,0.081
3610,0.065
3620,0.066
3630,0.072
3640,0.066
3650,0.076
3660,0.076
3670,0.084
3680,0.076
3690,0.073
3700,0.076
3710,0.083
3720,0.076
3730,0.096
3740,0.072
3750,0.061
3760,0.053
3770,0.064
3780,0.068
3790,0.068
3800,0.074
3810,0.064
3820,0.076
3830,0.078
3840,0.076
3850,0.084
3860,0.078
3870,0.073
3880,0.066
3890,0.069
3900,0.066
3910,0.073
3920,0.078
3930,0.072
3940,0.068
3950,0.064
3960,0.053
3970,0.061
3980,0.076
3990,0.068
4000,0.062
4010,0.070
4020,0.074
4030,0.081
4040,0.083
4050,0.070
4060,0.058
4070,0.068
4080,0.068
4090,0.065
4100,0.064
4110,0.074
4120,0.072
4130,0.066
4140,0.069
4150,0.058
4160,0.058
4170,0.070
4180,0.054
4190,0.054
4200,0.041
4210,0.032
4220,0.047
4230,0.041
4240,0.053
4250,0.046
4260,0.043
4270,0.051
4280,0.053
4290,0.046
4300,0.046
4310,0.051
4320,0.046
4330,0.039
4340,0.041
4350,0.039
4360,0.042
4370,0.038
4380,0.037
4390,0.035
4400,0.032
4410,0.031
4420,0.037
4430,0.031
4440,0.034
4450,0.043
4460,0.045
4470,0.037
4480,0.034
4490,0.034
4500,0.034
4510,0.030
4520,0.030
4530,0.034
4540,0.032
4550,0.032
4560,0.035
4570,0.038
4580,0.034
4590,0.030
4600,0.026
4610,0.031
4620,0.027
4630,0.023
4640,0.023
4650,0.016
4660,0.019
4670,0.039
4680,0.041
4690,0.047
4700,0.041
4710,0.042
4720,0.041
4730,0.043
4740,0.042
4750,0.038
4760,0.041
4770,0.027
4780,0.032
4790,0.037
4800,0.035
4810,0.030
4820,0.034
4830,0.030
4840,0.034
4850,0.045
4860,0.037
4870,0.037
4880,0.038
4890,0.037
4900,0.051
4910,0.043
4920,0.038
4930,0.047
4940,0.043
4950,0.058
4960,0.046
4970,0.060
4980,0.061
4990,0.057
5000,0.069
5010,0.057
5020,0.043
5030,0.041
5040,0.039
5050,0.050
5060,0.047
5070,0.051
5080,0.049
5090,0.037
5100,0.049
5110,0.050
5120,0.058
5130,0.046
5140,0.047
5150,0.057
5160,0.051
5170,0.055
5180,0.053
5190,0.043
5200,0.043
5210,0.042
5220,0.045
5230,0.045
5240,0.037
5250,0.030
5260,0.042
5270,0.037
5280,0.043
5290,0.047
5300,0.034
5310,0.041
5320,0.039
5330,0.041
5340,0.038
5350,0.039
5360,0.038
5370,0.037
5380,0.031
5390,0.034
5400,0.039
5410,0.039
5420,0.031
5430,0.032
5440,0.032
5450,0.039
5460,0.037
5470,0.037
5480,0.045
5490,0.038
5500,0.041
5510,0.042
5520,0.043
5530,0.046
5540,0.039
5550,0.053
5560,0.053
5570,0.041
5580,0.041
5590,0.038
5600,0.043
5610,0.034
5620,0.035
5630,0.035
5640,0.030
5650,0.028
5660,0.038
5670,0.042
5680,0.038
5690,0.035
5700,0.039
5710,0.049
5720,0.050
5730,0.051
5740,0.045
5750,0.041
5760,0.041
5770,0.047
5780,0.031
5790,0.039
5800,0.035
5810,0.023
5820,0.027
5830,0.032
5840,0.022
5850,0.028
5860,0.031
5870,0.032
5880,0.032
5890,0.031
5900,0.042
5910,0.043
5920,0.043
5930,0.039
5940,0.035
5950,0.037
5960,0.043
5970,0.037
5980,0.039
5990,0.032
6000,0.030
6010,0.037
6020,0.024
6030,0.041
6040,0.042
6050,0.035
6060,0.034
6070,0.031
6080,0.027
6090,0.028
6100,0.034
6110,0.028
6120,0.034
6130,0.031
6140,0.037
6150,0.050
6160,0.047
6170,0.037
6180,0.032
6190,0.041
6200,0.039
6210,0.046
6220,0.038
6230,0.042
6240,0.045
6250,0.045
6260,0.061
6270,0.047
6280,0.055
6290,0.041
6300,0.053
6310,0.050
6320,0.053
6330,0.050
6340,0.046
6350,0.035
6360,0.039
6370,0.035
6380,0.024
6390,0.041
6400,0.045
6410,0.039
6420,0.041
6430,0.035
6440,0.042
6450,0.046
6460,0.038
6470,0.046
6480,0.046
6490,0.039
6500,0.049
6510,0.046
6520,0.045
6530,0.050
6540,0.049
6550,0.049
6560,0.046
6570,0.051
6580,0.054
6590,0.045
6600,0.047
6610,0.058
6620,0.054
6630,0.061
6640,0.065
6650,0.062
6660,0.065
6670,0.066
6680,0.068
6690,0.057
6700,0.065
6710,0.055
6720,0.060
6730,0.054
6740,0.054
6750,0.047
6760,0.055
6770,0.046
6780,0.050
6790,0.058
6800,0.049
6810,0.051
6820,0.053
6830,0.047
6840,0.042
6850,0.032
6860,0.023
6870,0.023
6880,0.023
6890,0.030
6900,0.035
6910,0.034
6920,0.032
6930,0.030
6940,0.032
6950,0.024
6960,0.041
6970,0.037
6980,0.032
6990,0.030
7000,0.037
7010,0.023
7020,0.027
7030,0.035
7040,0.038
7050,0.024
7060,0.023
7070,0.022
7080,0.023
7090,0.022
7100,0.027
7110,0.031
7120,0.028
7130,0.032
7140,0.032
7150,0.034
7160,0.037
7170,0.035
7180,0.027
7190,0.041
7200,0.032
7210,0.032
7220,0.037
7230,0.032
7240,0.039
7250,0.041
7260,0.041
7270,0.031
7280,0.035
7290,0.030
7300,0.027
7310,0.032
7320,0.027
7330,0.031
7340,0.035
7350,0.037
7360,0.030
7370,0.028
7380,0.024
7390,0.027
7400,0.037
7410,0.045
7420,0.038
7430,0.038
7440,0.035
7450,0.045
7460,0.047
7470,0.055
7480,0.038
7490,0.046
7500,0.054
7510,0.045
7520,0.043
7530,0.051
7540,0.047
7550,0.046
7560,0.055
7570,0.039
7580,0.034
7590,0.042
7600,0.054
7610,0.045
7620,0.053
7630,0.041
7640,0.047
7650,0.045
7660,0.038
7670,0.053
7680,0.038
7690,0.032
7700,0.050
7710,0.037
7720,0.045
7730,0.038
7740,0.051
7750,0.043
7760,0.043
7770,0.037
7780,0.032
7790,0.043
7800,0.050
7810,0.046
7820,0.047
7830,0.042
7840,0.034
7850,0.038
7860,0.047
7870,0.043
7880,0.034
7890,0.035
7900,0.039
7910,0.045
7920,0.042
7930,0.045
7940,0.039
7950,0.038
7960,0.031
7970,0.035
7980,0.046
7990,0.037
8000,0.034
