# time, fQ
0,0.774
10,0.694
20,0.645
30,0.678
40,0.673
50,0.667
60,0.644
70,0.633
80,0.621
90,0.625
100,0.616
110,0.618
120,0.624
130,0.594
140,0.635
150,0.617
160,0.613
170,0.571
180,0.563
190,0.547
200,0.558
210,0.547
220,0.516
230,0.539
240,0.535
250,0.525
260,0.544
270,0.522
280,0.558
290,0.567
300,0.502
310,0.524
320,0.520
330,0.502
340,0.501
350,0.522
360,0.499
370,0.494
380,0.484
390,0.483
400,0.476
410,0.456
420,0.474
430,0.480
440,0.474
450,0.484
460,0.456
470,0.447
480,0.411
490,0.395
500,0.429
510,0.447
520,0.418
530,0.417
540,0.424
550,0.429
560,0.402
570,0.369
580,0.378
590,0.357
600,0.361
610,0.360
620,0.357
630,0.355
640,0.346
650,0.337
660,0.332
670,0.338
680,0.325
690,0.329
700,0.334
710,0.322
720,0.322
730,0.332
740,0.342
750,0.318
760,0.319
770,0.334
780,0.318
790,0.326
800,0.332
810,0.298
820,0.332
830,0.345
840,0.315
850,0.304
860,0.303
870,0.303
880,0.294
890,0.290
900,0.279
910,0.287
920,0.284
930,0.280
940,0.263
950,0.284
960,0.287
970,0.291
980,0.269
990,0.257
1000,0.272
1010,0.271
1020,0.281
1030,0.271
1040,0.250
1050,0.237
1060,0.245
1070,0.254
1080,0.268
1090,0.260
1100,0.264
1110,0.258
1120,0.263
1130,0.267
1140,0.279
1150,0.249
1160,0.257
1170,0.260
1180,0.249
1190,0.258
1200,0.256
1210,0.244
1220,0.256
1230,0.242
1240,0.237
1250,0.241
1260,0.256
1270,0.249
1280,0.238
1290,0.233
1300,0.248
1310,0.248
1320,0.240
1330,0.249
1340,0.241
1350,0.238
1360,0.234
1370,0.253
1380,0.249
1390,0.248
1400,0.238
1410,0.234
1420,0.248
1430,0.226
1440,0.238
1450,0.242
1460,0.245
1470,0.254
1480,0.260
1490,0.242
1500,0.245
1510,0.249
1520,0.254
1530,0.260
1540,0.244
1550,0.258
1560,0.258
1570,0.269
1580,0.254
1590,0.244
1600,0.238
1610,0.246
1620,0.227
1630,0.234
1640,0.225
1650,0.234
1660,0.237
1670,0.212
1680,0.225
1690,0.225
1700,0.219
1710,0.221
1720,0.214
1730,0.223
1740,0.202
1750,0.203
1760,0.195
1770,0.204
1780,0.208
1790,0.208
1800,0.196
1810,0.202
1820,0.195
1830,0.200
1840,0.210
1850,0.218
1860,0.248
1870,0.227
1880,0.244
1890,0.250
1900,0.257
1910,0.245
1920,0.222
1930,0.244
1940,0.264
1950,0.248
1960,0.264
1970,0.271
1980,0.249
1990,0.234
2000,0.237
2010,0.242
2020,0.233
2030,0.241
2040,0.242
2050,0.244
2060,0.203
2070,0.223
2080,0.211
2090,0.217
2100,0.207
2110,0.212
2120,0.225
2130,0.194
2140,0.181
2150,0.200
2160,0.199
2170,0.210
2180,0.210
2190,0.203
2200,0.202
2210,0.198
2220,0.210
2230,0.217
2240,0.215
2250,0.188
2260,0.187
2270,0.164
2280,0.164
2290,0.172
2300,0.179
2310,0.156
2320,0.187
2330,0.164
2340,0.175
2350,0.162
2360,0.154
2370,0.154
2380,0.164
2390,0.164
2400,0.165
2410,0.164
2420,0.165
2430,0.175
2440,0.165
2450,0.179
2460,0.194
2470,0.156
2480,0.169
2490,0.152
2500,0.171
2510,0.162
2520,0.162
2530,0.150
2540,0.150
2550,0.168
2560,0.161
2570,0.149
2580,0.153
2590,0.145
2600,0.160
2610,0.146
2620,0.138
2630,0.145
2640,0.149
2650,0.157
2660,0.134
2670,0.133
2680,0.147
2690,0.147
2700,0.141
2710,0.147
2720,0.143
2730,0.143
2740,0.135
2750,0.126
2760,0.146
2770,0.130
2780,0.133
2790,0.122
2800,0.112
2810,0.124
2820,0.133
2830,0.131
2840,0.135
2850,0.122
2860,0.129
2870,0.154
2880,0.131
2890,0.139
2900,0.137
2910,0.131
2920,0.130
2930,0.138
2940,0.127
2950,0.120
2960,0.118
2970,0.120
2980,0.114
2990,0.108
3000,0.099
3010,0.096
3020,0.096
3030,0.111
3040,0.101
3050,0.093
3060,0.096
3070,0.091
3080,0.088
3090,0.096
3100,0.100
3110,0.095
3120,0.101
3130,0.115
3140,0.104
3150,0.124
3160,0.108
3170,0.122
3180,0.119
3190,0.116
3200,0.116
3210,0.120
3220,0.114
3230,0.114
3240,0.119
3250,0.110
3260,0.111
3270,0.096
3280,0.096
3290,0.083
3300,0.099
3310,0.091
3320,0.091
3330,0.084
3340,0.085
3350,0.085
3360,0.077
3370,0.074
3380,0.081
3390,0.076
3400,0.092
3410,0.080
3420,0.073
3430,0.085
3440,0.084
3450,0.096
3460,0.099
3470,0.083
3480,0.080
3490,0.080
3500,0.073
3510,0.064
3520,0.062
3530,0.065
3540,0.072
3550,0.066
3560,0.064
3570,0.072
3580,0.081
3590,0.066
3600,0.060
3610,0.058
3620,0.057
3630,0.054
3640,0.060
3650,0.072
3660,0.073
3670,0.058
3680,0.053
3690,0.049
3700,0.055
3710,0.060
3720,0.066
3730,0.054
3740,0.051
3750,0.045
3760,0.065
3770,0.066
3780,0.053
3790,0.062
3800,0.062
3810,0.055
3820,0.054
3830,0.045
3840,0.047
3850,0.051
3860,0.046
3870,0.047
3880,0.050
3890,0.050
3900,0.047
3910,0.054
3920,0.046
3930,0.053
3940,0.043
3950,0.039
3960,0.030
3970,0.037
3980,0.046
3990,0.032
4000,0.037
4010,0.038
4020,0.039
4030,0.035
4040,0.043
4050,0.039
4060,0.042
4070,0.032
4080,0.035
4090,0.035
4100,0.035
4110,0.034
4120,0.041
4130,0.039
4140,0.046
4150,0.043
4160,0.050
4170,0.045
4180,0.041
4190,0.042
4200,0.037
4210,0.034
4220,0.037
4230,0.028
4240,0.038
4250,0.039
4260,0.041
4270,0.041
4280,0.041
4290,0.045
4300,0.049
4310,0.051
4320,0.047
4330,0.045
4340,0.039
4350,0.045
4360,0.042
4370,0.055
4380,0.051
4390,0.045
4400,0.045
4410,0.046
4420,0.032
4430,0.035
4440,0.032
4450,0.038
4460,0.026
4470,0.037
4480,0.046
4490,0.041
4500,0.045
4510,0.054
4520,0.046
4530,0.041
4540,0.041
4550,0.035
4560,0.046
4570,0.031
4580,0.026
4590,0.031
4600,0.038
4610,0.032
4620,0.023
4630,0.026
4640,0.024
4650,0.026
4660,0.031
4670,0.037
4680,0.034
4690,0.032
4700,0.034
4710,0.032
4720,0.026
4730,0.031
4740,0.026
4750,0.031
4760,0.032
4770,0.031
4780,0.031
4790,0.028
4800,0.031
4810,0.035
4820,0.038
4830,0.039
4840,0.038
4850,0.037
4860,0.041
4870,0.037
4880,0.035
4890,0.045
4900,0.045
4910,0.041
4920,0.045
4930,0.043
4940,0.041
4950,0.038
4960,0.037
4970,0.038
4980,0.045
4990,0.046
5000,0.051
5010,0.046
5020,0.055
5030,0.047
5040,0.043
5050,0.046
5060,0.049
5070,0.046
5080,0.042
5090,0.038
5100,0.038
5110,0.043
5120,0.047
5130,0.032
5140,0.034
5150,0.026
5160,0.023
5170,0.026
5180,0.022
5190,0.022
5200,0.020
5210,0.027
5220,0.027
5230,0.015
5240,0.014
5250,0.011
5260,0.011
5270,0.018
5280,0.023
5290,0.024
5300,0.026
5310,0.028
5320,0.028
5330,0.030
5340,0.027
5350,0.030
5360,0.026
5370,0.030
5380,0.020
5390,0.016
5400,0.023
5410,0.023
5420,0.023
5430,0.023
5440,0.022
5450,0.034
5460,0.034
5470,0.032
5480,0.022
5490,0.031
5500,0.028
5510,0.030
5520,0.026
5530,0.030
5540,0.037
5550,0.024
5560,0.035
5570,0.035
5580,0.030
5590,0.031
5600,0.037
5610,0.024
5620,0.034
5630,0.023
5640,0.024
5650,0.026
5660,0.027
5670,0.027
5680,0.028
5690,0.028
5700,0.030
5710,0.023
5720,0.035
5730,0.034
5740,0.034
5750,0.035
5760,0.034
5770,0.030
5780,0.027
5790,0.032
5800,0.035
5810,0.037
5820,0.035
5830,0.041
5840,0.039
5850,0.043
5860,0.041
5870,0.041
5880,0.038
5890,0.037
5900,0.037
5910,0.037
5920,0.031
5930,0.031
5940,0.037
5950,0.038
5960,0.030
5970,0.022
5980,0.035
5990,0.023
6000,0.027
6010,0.022
6020,0.027
6030,0.030
6040,0.031
6050,0.031
6060,0.042
6070,0.037
6080,0.035
6090,0.035
6100,0.045
6110,0.037
6120,0.039
6130,0.028
6140,0.027
6150,0.034
6160,0.034
6170,0.037
6180,0.032
6190,0.032
6200,0.031
6210,0.030
6220,0.030
6230,0.023
6240,0.030
6250,0.034
6260,0.045
6270,0.041
6280,0.037
6290,0.038
6300,0.041
6310,0.039
6320,0.039
6330,0.042
6340,0.037
6350,0.028
6360,0.026
6370,0.027
6380,0.031
6390,0.034
6400,0.041
6410,0.037
6420,0.039
6430,0.038
6440,0.027
6450,0.018
6460,0.024
6470,0.024
6480,0.015
6490,0.018
6500,0.023
6510,0.030
6520,0.020
6530,0.015
6540,0.018
6550,0.016
6560,0.019
6570,0.022
6580,0.026
6590,0.020
6600,0.027
6610,0.019
6620,0.023
6630,0.030
6640,0.022
6650,0.028
6660,0.024
6670,0.024
6680,0.028
6690,0.022
6700,0.015
6710,0.024
6720,0.028
6730,0.019
6740,0.026
6750,0.032
6760,0.031
6770,0.031
6780,0.028
6790,0.015
6800,0.016
6810,0.020
6820,0.018
6830,0.015
6840,0.024
6850,0.016
6860,0.015
6870,0.015
6880,0.012
6890,0.015
6900,0.014
6910,0.015
6920,0.019
6930,0.019
6940,0.018
6950,0.012
6960,0.019
6970,0.024
6980,0.024
6990,0.026
7000,0.022
7010,0.024
7020,0.024
7030,0.020
7040,0.026
7050,0.030
7060,0.030
7070,0.031
7080,0.039
7090,0.038
7100,0.039
7110,0.047
7120,0.051
7130,0.050
7140,0.046
7150,0.043
7160,0.043
7170,0.045
7180,0.039
7190,0.027
7200,0.026
7210,0.030
7220,0.035
7230,0.035
7240,0.037
7250,0.030
7260,0.034
7270,0.032
7280,0.038
7290,0.032
7300,0.032
7310,0.035
7320,0.034
7330,0.034
7340,0.028
7350,0.023
7360,0.027
7370,0.038
7380,0.034
7390,0.027
7400,0.031
7410,0.028
7420,0.030
7430,0.027
7440,0.038
7450,0.042
7460,0.031
7470,0.022
7480,0.023
7490,0.018
7500,0.030
7510,0.035
7520,0.037
7530,0.030
7540,0.042
7550,0.039
7560,0.034
7570,0.032
7580,0.038
7590,0.039
7600,0.031
7610,0.026
7620,0.030
7630,0.026
7640,0.031
7650,0.024
7660,0.023
7670,0.037
7680,0.038
7690,0.031
7700,0.035
7710,0.031
7720,0.024
7730,0.020
7740,0.026
7750,0.031
7760,0.028
7770,0.031
7780,0.041
7790,0.049
7800,0.043
7810,0.035
7820,0.034
7830,0.031
7840,0.030
7850,0.035
7860,0.032
7870,0.035
7880,0.042
7890,0.041
7900,0.042
7910,0.038
7920,0.031
7930,0.024
7940,0.030
7950,0.024
7960,0.024
7970,0.023
7980,0.022
7990,0.020
8000,0.026
