# time, fQ
0,0.689
10,0.549
20,0.521
30,0.533
40,0.537
50,0.529
60,0.521
70,0.544
80,0.502
90,0.505
100,0.463
110,0.503
120,0.502
130,0.483
140,0.499
150,0.517
160,0.505
170,0.503
180,0.475
190,0.498
200,0.490
210,0.475
220,0.505
230,0.476
240,0.482
250,0.487
260,0.487
270,0.503
280,0.465
290,0.478
300,0.475
310,0.456
320,0.452
330,0.447
340,0.468
350,0.463
360,0.465
370,0.455
380,0.456
390,0.461
400,0.452
410,0.448
420,0.448
430,0.472
440,0.475
450,0.460
460,0.493
470,0.479
480,0.470
490,0.472
500,0.474
510,0.463
520,0.457
530,0.429
540,0.449
550,0.442
560,0.433
570,0.451
580,0.451
590,0.452
600,0.451
610,0.422
620,0.429
630,0.432
640,0.434
650,0.438
660,0.448
670,0.433
680,0.428
690,0.434
700,0.436
710,0.452
720,0.410
730,0.445
740,0.419
750,0.402
760,0.406
770,0.396
780,0.409
790,0.425
800,0.429
810,0.428
820,0.407
830,0.418
840,0.415
850,0.405
860,0.434
870,0.428
880,0.413
890,0.411
900,0.411
910,0.409
920,0.410
930,0.406
940,0.414
950,0.392
960,0.399
970,0.403
980,0.395
990,0.406
1000,0.391
1010,0.395
1020,0.388
1030,0.359
1040,0.384
1050,0.360
1060,0.369
1070,0.356
1080,0.375
1090,0.383
1100,0.378
1110,0.390
1120,0.363
1130,0.361
1140,0.379
1150,0.375
1160,0.379
1170,0.396
1180,0.380
1190,0.395
1200,0.380
1210,0.378
1220,0.365
1230,0.371
1240,0.375
1250,0.383
1260,0.402
1270,0.392
1280,0.383
1290,0.372
1300,0.373
1310,0.379
1320,0.382
1330,0.383
1340,0.391
1350,0.388
1360,0.390
1370,0.367
1380,0.363
1390,0.392
1400,0.386
1410,0.380
1420,0.387
1430,0.364
1440,0.348
1450,0.345
1460,0.346
1470,0.357
1480,0.346
1490,0.340
1500,0.348
1510,0.345
1520,0.359
1530,0.346
1540,0.368
1550,0.353
1560,0.367
1570,0.337
1580,0.355
1590,0.336
1600,0.360
1610,0.359
1620,0.349
1630,0.333
1640,0.333
1650,0.333
1660,0.303
1670,0.318
1680,0.326
1690,0.318
1700,0.311
1710,0.318
1720,0.292
1730,0.290
1740,0.291
1750,0.309
1760,0.304
1770,0.300
1780,0.303
1790,0.298
1800,0.299
1810,0.295
1820,0.284
1830,0.294
1840,0.295
1850,0.286
1860,0.280
1870,0.283
1880,0.294
1890,0.287
1900,0.279
1910,0.281
1920,0.275
1930,0.265
1940,0.269
1950,0.276
1960,0.291
1970,0.273
1980,0.272
1990,0.275
2000,0.284
2010,0.288
2020,0.284
2030,0.288
2040,0.283
2050,0.279
2060,0.272
2070,0.275
2080,0.271
2090,0.279
2100,0.280
2110,0.258
2120,0.281
2130,0.271
2140,0.265
2150,0.263
2160,0.253
2170,0.256
2180,0.265
2190,0.257
2200,0.252
2210,0.257
2220,0.246
2230,0.237
2240,0.263
2250,0.229
2260,0.250
2270,0.241
2280,0.230
2290,0.217
2300,0.223
2310,0.237
2320,0.241
2330,0.242
2340,0.225
2350,0.235
2360,0.238
2370,0.231
2380,0.244
2390,0.254
2400,0.250
2410,0.240
2420,0.240
2430,0.250
2440,0.249
2450,0.241
2460,0.231
2470,0.248
2480,0.226
2490,0.233
2500,0.241
2510,0.235
2520,0.233
2530,0.238
2540,0.233
2550,0.219
2560,0.229
2570,0.225
2580,0.233
2590,0.235
2600,0.233
2610,0.235
2620,0.229
2630,0.227
2640,0.217
2650,0.226
2660,0.198
2670,0.235
2680,0.221
2690,0.218
2700,0.211
2710,0.214
2720,0.225
2730,0.231
2740,0.231
2750,0.226
2760,0.217
2770,0.210
2780,0.210
2790,0.215
2800,0.207
2810,0.194
2820,0.211
2830,0.206
2840,0.215
2850,0.221
2860,0.214
2870,0.210
2880,0.221
2890,0.219
2900,0.195
2910,0.211
2920,0.215
2930,0.211
2940,0.199
2950,0.195
2960,0.175
2970,0.179
2980,0.204
2990,0.215
3000,0.211
3010,0.219
3020,0.212
3030,0.218
3040,0.210
3050,0.195
3060,0.191
3070,0.211
3080,0.206
3090,0.199
3100,0.184
3110,0.196
3120,0.202
3130,0.202
3140,0.202
3150,0.192
3160,0.210
3170,0.189
3180,0.207
3190,0.206
3200,0.184
3210,0.183
3220,0.183
3230,0.189
3240,0.191
3250,0.183
3260,0.175
3270,0.176
3280,0.184
3290,0.179
3300,0.187
3310,0.171
3320,0.171
3330,0.176
3340,0.176
3350,0.184
3360,0.179
3370,0.208
3380,0.202
3390,0.212
3400,0.196
3410,0.204
3420,0.192
3430,0.194
3440,0.192
3450,0.176
3460,0.176
3470,0.183
3480,0.183
3490,0.156
3500,0.188
3510,0.191
3520,0.177
3530,0.172
3540,0.158
3550,0.165
3560,0.175
3570,0.172
3580,0.158
3590,0.169
3600,0.156
3610,0.156
3620,0.153
3630,0.141
3640,0.150
3650,0.160
3660,0.137
3670,0.134
3680,0.135
3690,0.123
3700,0.150
3710,0.138
3720,0.133
3730,0.141
3740,0.149
3750,0.146
3760,0.149
3770,0.146
3780,0.135
3790,0.152
3800,0.147
3810,0.141
3820,0.142
3830,0.139
3840,0.146
3850,0.141
3860,0.130
3870,0.149
3880,0.145
3890,0.145
3900,0.158
3910,0.149
3920,0.147
3930,0.147
3940,0.150
3950,0.157
3960,0.165
3970,0.152
3980,0.157
3990,0.146
4000,0.142
4010,0.157
4020,0.149
4030,0.150
4040,0.139
4050,0.122
4060,0.131
4070,0.123
4080,0.127
4090,0.139
4100,0.145
4110,0.137
4120,0.142
4130,0.150
4140,0.153
4150,0.142
4160,0.138
4170,0.126
4180,0.127
4190,0.134
4200,0.120
4210,0.118
4220,0.110
4230,0.101
4240,0.115
4250,0.111
4260,0.106
4270,0.114
4280,0.114
4290,0.118
4300,0.101
4310,0.118
4320,0.114
4330,0.111
4340,0.111
4350,0.116
4360,0.130
4370,0.119
4380,0.108
4390,0.101
4400,0.097
4410,0.099
4420,0.095
4430,0.095
4440,0.096
4450,0.100
4460,0.099
4470,0.099
4480,0.093
4490,0.096
4500,0.095
4510,0.078
4520,0.087
4530,0.101
4540,0.084
4550,0.081
4560,0.078
4570,0.077
4580,0.088
4590,0.076
4600,0.085
4610,0.095
4620,0.089
4630,0.074
4640,0.081
4650,0.078
4660,0.066
4670,0.062
4680,0.065
4690,0.069
4700,0.061
4710,0.068
4720,0.074
4730,0.066
4740,0.076
4750,0.077
4760,0.078
4770,0.073
4780,0.076
4790,0.077
4800,0.080
4810,0.087
4820,0.069
4830,0.073
4840,0.070
4850,0.070
4860,0.068
4870,0.055
4880,0.050
4890,0.060
4900,0.068
4910,0.070
4920,0.066
4930,0.083
4940,0.073
4950,0.074
4960,0.068
4970,0.060
4980,0.068
4990,0.073
5000,0.066
5010,0.061
5020,0.066
5030,0.066
5040,0.064
5050,0.070
5060,0.066
5070,0.072
5080,0.081
5090,0.053
5100,0.055
5110,0.054
5120,0.060
5130,0.058
5140,0.058
5150,0.054
5160,0.041
5170,0.041
5180,0.042
5190,0.047
5200,0.050
5210,0.051
5220,0.053
5230,0.050
5240,0.042
5250,0.053
5260,0.058
5270,0.058
5280,0.074
5290,0.060
5300,0.058
5310,0.060
5320,0.065
5330,0.051
5340,0.064
5350,0.053
5360,0.043
5370,0.045
5380,0.046
5390,0.046
5400,0.042
5410,0.050
5420,0.049
5430,0.053
5440,0.060
5450,0.061
5460,0.057
5470,0.065
5480,0.066
5490,0.064
5500,0.065
5510,0.057
5520,0.064
5530,0.070
5540,0.061
5550,0.057
5560,0.051
5570,0.058
5580,0.058
5590,0.050
5600,0.045
5610,0.051
5620,0.061
5630,0.047
5640,0.054
5650,0.049
5660,0.049
5670,0.053
5680,0.065
5690,0.053
5700,0.057
5710,0.058
5720,0.054
5730,0.061
5740,0.055
5750,0.057
5760,0.061
5770,0.051
5780,0.049
5790,0.051
5800,0.060
5810,0.058
5820,0.060
5830,0.061
5840,0.061
5850,0.062
5860,0.050
5870,0.065
5880,0.058
5890,0.058
5900,0.055
5910,0.058
5920,0.062
5930,0.070
5940,0.066
5950,0.072
5960,0.068
5970,0.070
5980,0.062
5990,0.062
6000,0.069
6010,0.055
6020,0.057
6030,0.062
6040,0.054
6050,0.058
6060,0.046
6070,0.055
6080,0.054
6090,0.047
6100,0.053
6110,0.047
6120,0.054
6130,0.051
6140,0.055
6150,0.060
6160,0.050
6170,0.051
6180,0.051
6190,0.057
6200,0.058
6210,0.054
6220,0.051
6230,0.057
6240,0.054
6250,0.065
6260,0.066
6270,0.060
6280,0.061
6290,0.051
6300,0.057
6310,0.064
6320,0.068
6330,0.070
6340,0.066
6350,0.062
6360,0.054
6370,0.069
6380,0.074
6390,0.066
6400,0.070
6410,0.058
6420,0.065
6430,0.055
6440,0.050
6450,0.046
6460,0.046
6470,0.053
6480,0.050
6490,0.058
6500,0.053
6510,0.046
6520,0.066
6530,0.068
6540,0.066
6550,0.064
6560,0.058
6570,0.057
6580,0.064
6590,0.062
6600,0.065
6610,0.054
6620,0.054
6630,0.069
6640,0.073
6650,0.064
6660,0.072
6670,0.064
6680,0.076
6690,0.068
6700,0.060
6710,0.051
6720,0.050
6730,0.051
6740,0.046
6750,0.046
6760,0.042
6770,0.061
6780,0.061
6790,0.065
6800,0.055
6810,0.062
6820,0.072
6830,0.074
6840,0.061
6850,0.069
6860,0.072
6870,0.068
6880,0.065
6890,0.057
6900,0.060
6910,0.058
6920,0.054
6930,0.055
6940,0.051
6950,0.058
6960,0.055
6970,0.060
6980,0.057
6990,0.053
7000,0.057
7010,0.064
7020,0.066
7030,0.060
7040,0.057
7050,0.062
7060,0.064
7070,0.058
7080,0.049
7090,0.049
7100,0.058
7110,0.051
7120,0.064
7130,0.058
7140,0.055
7150,0.061
7160,0.053
7170,0.061
7180,0.065
7190,0.058
7200,0.051
7210,0.049
7220,0.057
7230,0.055
7240,0.053
7250,0.058
7260,0.046
7270,0.051
7280,0.050
7290,0.045
7300,0.055
7310,0.054
7320,0.062
7330,0.050
7340,0.061
7350,0.054
7360,0.053
7370,0.054
7380,0.058
7390,0.054
7400,0.050
7410,0.058
7420,0.045
7430,0.049
7440,0.054
7450,0.057
7460,0.054
7470,0.051
7480,0.046
7490,0.050
7500,0.049
7510,0.046
7520,0.041
7530,0.039
7540,0.041
7550,0.037
7560,0.034
7570,0.037
7580,0.038
7590,0.046
7600,0.053
7610,0.050
7620,0.047
7630,0.054
7640,0.055
7650,0.042
7660,0.043
7670,0.050
7680,0.061
7690,0.064
7700,0.061
7710,0.060
7720,0.065
7730,0.068
7740,0.047
7750,0.064
7760,0.051
7770,0.058
7780,0.051
7790,0.060
7800,0.057
7810,0.051
7820,0.058
7830,0.058
7840,0.060
7850,0.054
7860,0.054
7870,0.043
7880,0.043
7890,0.038
7900,0.042
7910,0.046
7920,0.045
7930,0.042
7940,0.060
7950,0.042
7960,0.046
7970,0.042
7980,0.051
7990,0.054
8000,0.042
8010,0.049
8020,0.046
8030,0.043
8040,0.045
8050,0.045
8060,0.037
8070,0.039
8080,0.053
8090,0.038
8100,0.046
8110,0.046
8120,0.054
8130,0.057
8140,0.057
8150,0.057
8160,0.062
8170,0.058
8180,0.060
8190,0.055
8200,0.050
8210,0.061
8220,0.070
8230,0.064
8240,0.069
8250,0.076
8260,0.066
8270,0.058
8280,0.066
8290,0.074
8300,0.074
8310,0.065
8320,0.070
8330,0.068
8340,0.060
8350,0.057
8360,0.053
8370,0.054
8380,0.050
8390,0.057
8400,0.060
8410,0.070
8420,0.065
8430,0.066
8440,0.062
8450,0.046
8460,0.050
8470,0.058
8480,0.065
8490,0.070
8500,0.069
8510,0.066
8520,0.061
8530,0.053
8540,0.054
8550,0.060
8560,0.065
8570,0.068
8580,0.060
8590,0.066
8600,0.069
8610,0.062
8620,0.068
8630,0.072
8640,0.069
8650,0.068
8660,0.069
8670,0.058
8680,0.061
8690,0.061
8700,0.070
8710,0.066
8720,0.061
8730,0.055
8740,0.065
8750,0.055
8760,0.069
8770,0.068
8780,0.072
8790,0.064
8800,0.072
8810,0.084
8820,0.081
8830,0.084
8840,0.070
8850,0.078
8860,0.070
8870,0.066
8880,0.070
8890,0.066
8900,0.077
8910,0.061
8920,0.062
8930,0.072
8940,0.076
8950,0.074
8960,0.070
8970,0.076
8980,0.066
8990,0.076
9000,0.074
9010,0.076
9020,0.077
9030,0.076
9040,0.091
9050,0.084
9060,0.088
9070,0.095
9080,0.097
9090,0.087
9100,0.089
9110,0.091
9120,0.087
9130,0.089
9140,0.092
9150,0.096
9160,0.093
9170,0.091
9180,0.095
9190,0.085
9200,0.084
9210,0.081
9220,0.084
9230,0.083
9240,0.085
9250,0.065
9260,0.074
9270,0.076
9280,0.076
9290,0.073
9300,0.070
9310,0.074
9320,0.080
9330,0.085
9340,0.068
9350,0.064
9360,0.068
9370,0.065
9380,0.074
9390,0.069
9400,0.065
9410,0.065
9420,0.060
9430,0.055
9440,0.058
9450,0.055
9460,0.065
9470,0.062
9480,0.057
9490,0.060
9500,0.053
9510,0.047
9520,0.062
9530,0.058
9540,0.064
9550,0.064
9560,0.060
9570,0.061
9580,0.054
9590,0.061
9600,0.069
9610,0.066
9620,0.061
9630,0.070
9640,0.064
9650,0.053
9660,0.051
9670,0.045
9680,0.054
9690,0.034
9700,0.045
9710,0.047
9720,0.057
9730,0.049
9740,0.032
9750,0.045
9760,0.037
9770,0.050
9780,0.043
9790,0.039
9800,0.039
9810,0.043
9820,0.043
9830,0.047
9840,0.051
9850,0.057
9860,0.042
9870,0.053
9880,0.049
9890,0.049
9900,0.051
9910,0.050
9920,0.057
9930,0.045
9940,0.039
9950,0.045
9960,0.050
9970,0.049
9980,0.060
9990,0.050
10000,0.054
10010,0.055
10020,0.060
10030,0.053
10040,0.053
10050,0.043
10060,0.055
10070,0.060
10080,0.050
10090,0.054
10100,0.049
10110,0.043
10120,0.035
10130,0.047
10140,0.038
10150,0.039
10160,0.039
10170,0.039
10180,0.042
10190,0.051
10200,0.046
10210,0.038
10220,0.049
10230,0.035
10240,0.032
10250,0.031
10260,0.037
10270,0.035
10280,0.042
10290,0.037
10300,0.032
10310,0.034
10320,0.035
10330,0.027
10340,0.034
10350,0.035
10360,0.030
10370,0.037
10380,0.028
10390,0.026
10400,0.030
10410,0.037
10420,0.031
10430,0.032
10440,0.037
10450,0.039
10460,0.035
10470,0.023
10480,0.034
10490,0.027
10500,0.027
10510,0.024
10520,0.024
10530,0.026
10540,0.031
10550,0.037
10560,0.035
10570,0.032
10580,0.034
10590,0.028
10600,0.031
10610,0.034
10620,0.035
10630,0.047
10640,0.050
10650,0.043
10660,0.055
10670,0.042
10680,0.046
10690,0.042
10700,0.045
10710,0.034
10720,0.030
10730,0.038
10740,0.035
10750,0.042
10760,0.047
10770,0.039
10780,0.043
10790,0.043
10800,0.045
10810,0.041
10820,0.051
10830,0.047
10840,0.047
10850,0.041
10860,0.045
10870,0.042
10880,0.028
10890,0.037
10900,0.038
10910,0.041
10920,0.037
10930,0.030
10940,0.034
10950,0.032
10960,0.035
10970,0.028
10980,0.024
10990,0.027
11000,0.028
11010,0.030
11020,0.031
11030,0.032
11040,0.034
11050,0.031
11060,0.035
11070,0.032
11080,0.035
11090,0.038
11100,0.023
11110,0.030
11120,0.034
11130,0.030
11140,0.022
11150,0.018
11160,0.026
11170,0.031
11180,0.028
11190,0.023
11200,0.019
11210,0.023
11220,0.023
11230,0.020
11240,0.020
11250,0.026
11260,0.031
11270,0.023
11280,0.030
11290,0.035
11300,0.032
11310,0.042
11320,0.041
11330,0.035
11340,0.041
11350,0.032
11360,0.028
11370,0.035
11380,0.028
11390,0.030
11400,0.031
11410,0.023
11420,0.024
11430,0.016
11440,0.023
11450,0.027
11460,0.024
11470,0.030
11480,0.020
11490,0.028
11500,0.028
11510,0.034
11520,0.027
11530,0.027
11540,0.037
11550,0.030
11560,0.035
11570,0.039
11580,0.035
11590,0.031
11600,0.030
11610,0.023
11620,0.030
11630,0.031
11640,0.028
11650,0.042
11660,0.032
11670,0.039
11680,0.038
11690,0.039
11700,0.042
11710,0.034
11720,0.041
11730,0.042
11740,0.039
11750,0.037
11760,0.030
11770,0.032
11780,0.031
11790,0.023
11800,0.030
11810,0.026
11820,0.024
11830,0.027
11840,0.027
11850,0.020
11860,0.032
11870,0.024
11880,0.024
11890,0.026
11900,0.032
11910,0.026
11920,0.028
11930,0.031
11940,0.027
11950,0.023
11960,0.020
11970,0.016
11980,0.026
11990,0.020
12000,0.024
12010,0.019
12020,0.016
12030,0.018
12040,0.026
12050,0.020
12060,0.028
12070,0.018
12080,0.018
12090,0.012
12100,0.024
12110,0.022
12120,0.020
12130,0.026
12140,0.027
12150,0.027
12160,0.037
12170,0.032
12180,0.032
12190,0.035
12200,0.031
12210,0.028
12220,0.031
12230,0.026
12240,0.031
12250,0.022
12260,0.026
12270,0.026
12280,0.026
12290,0.023
12300,0.028
12310,0.022
12320,0.026
12330,0.026
12340,0.026
12350,0.018
12360,0.024
12370,0.022
12380,0.022
12390,0.024
12400,0.022
12410,0.023
12420,0.015
12430,0.020
12440,0.020
12450,0.016
12460,0.015
12470,0.022
12480,0.024
12490,0.015
12500,0.018
12510,0.009
12520,0.016
12530,0.019
12540,0.024
12550,0.026
12560,0.024
12570,0.027
12580,0.031
12590,0.028
12600,0.022
12610,0.023
12620,0.026
12630,0.024
12640,0.023
12650,0.032
12660,0.034
12670,0.027
12680,0.022
12690,0.024
12700,0.020
12710,0.019
12720,0.015
12730,0.024
12740,0.027
12750,0.034
12760,0.023
12770,0.037
12780,0.023
12790,0.027
12800,0.024
12810,0.026
12820,0.018
12830,0.015
12840,0.019
12850,0.020
12860,0.015
12870,0.019
12880,0.012
12890,0.016
12900,0.014
12910,0.019
12920,0.015
12930,0.016
12940,0.016
12950,0.008
12960,0.009
12970,0.014
12980,0.019
12990,0.019
13000,0.023
13010,0.016
13020,0.019
13030,0.019
13040,0.020
13050,0.027
13060,0.018
13070,0.012
13080,0.016
13090,0.022
13100,0.012
13110,0.016
13120,0.024
13130,0.022
13140,0.018
13150,0.026
13160,0.023
13170,0.020
13180,0.016
13190,0.023
13200,0.026
13210,0.020
13220,0.020
13230,0.024
13240,0.034
13250,0.028
13260,0.019
13270,0.022
13280,0.026
13290,0.018
13300,0.027
13310,0.023
13320,0.037
13330,0.026
13340,0.031
13350,0.026
13360,0.020
13370,0.024
13380,0.035
13390,0.024
13400,0.028
13410,0.023
13420,0.022
13430,0.022
13440,0.030
13450,0.030
13460,0.035
13470,0.037
13480,0.035
13490,0.041
13500,0.042
13510,0.038
13520,0.039
13530,0.038
13540,0.035
13550,0.026
13560,0.034
13570,0.032
13580,0.035
13590,0.037
13600,0.030
13610,0.035
13620,0.032
13630,0.032
13640,0.031
13650,0.031
13660,0.020
13670,0.028
13680,0.026
13690,0.022
13700,0.020
13710,0.022
13720,0.024
13730,0.032
13740,0.030
13750,0.026
13760,0.026
13770,0.038
13780,0.035
13790,0.038
13800,0.035
13810,0.041
13820,0.034
13830,0.031
13840,0.027
13850,0.030
13860,0.026
13870,0.035
13880,0.034
13890,0.041
13900,0.032
13910,0.042
13920,0.038
13930,0.039
13940,0.035
13950,0.031
13960,0.034
13970,0.032
13980,0.034
13990,0.032
14000,0.030
14010,0.027
14020,0.024
14030,0.022
14040,0.023
14050,0.031
14060,0.031
14070,0.026
14080,0.030
14090,0.032
14100,0.026
14110,0.030
14120,0.030
14130,0.039
14140,0.034
14150,0.037
14160,0.038
14170,0.032
14180,0.037
14190,0.032
14200,0.030
14210,0.035
14220,0.028
14230,0.043
14240,0.038
14250,0.032
14260,0.037
14270,0.043
14280,0.032
14290,0.038
14300,0.028
14310,0.032
14320,0.037
14330,0.034
14340,0.038
14350,0.037
14360,0.041
14370,0.042
14380,0.035
14390,0.037
14400,0.043
14410,0.038
14420,0.042
14430,0.034
14440,0.042
14450,0.037
14460,0.043
14470,0.037
14480,0.032
14490,0.032
14500,0.031
14510,0.032
14520,0.038
14530,0.035
14540,0.032
14550,0.038
14560,0.037
14570,0.038
14580,0.034
14590,0.034
14600,0.042
14610,0.041
14620,0.051
14630,0.045
14640,0.050
14650,0.035
14660,0.051
14670,0.055
14680,0.051
14690,0.058
14700,0.055
14710,0.054
14720,0.046
14730,0.057
14740,0.043
14750,0.045
14760,0.045
14770,0.057
14780,0.050
14790,0.053
14800,0.046
14810,0.046
14820,0.039
14830,0.045
14840,0.038
14850,0.043
14860,0.047
14870,0.045
14880,0.047
14890,0.047
14900,0.041
14910,0.041
14920,0.053
14930,0.049
14940,0.042
14950,0.043
14960,0.045
14970,0.043
14980,0.037
14990,0.041
15000,0.037
15010,0.037
15020,0.031
15030,0.042
15040,0.039
15050,0.046
15060,0.041
15070,0.039
15080,0.050
15090,0.042
15100,0.046
15110,0.043
15120,0.047
15130,0.046
15140,0.042
15150,0.037
15160,0.049
15170,0.057
15180,0.051
15190,0.060
15200,0.054
15210,0.058
15220,0.050
15230,0.053
15240,0.045
15250,0.045
15260,0.043
15270,0.038
15280,0.045
15290,0.051
15300,0.042
15310,0.037
15320,0.042
15330,0.043
15340,0.035
15350,0.035
15360,0.037
15370,0.038
15380,0.034
15390,0.031
15400,0.028
15410,0.031
15420,0.028
15430,0.028
15440,0.028
15450,0.028
15460,0.027
15470,0.031
15480,0.030
15490,0.031
15500,0.035
15510,0.041
15520,0.038
15530,0.028
15540,0.027
15550,0.024
15560,0.023
15570,0.020
15580,0.022
15590,0.032
15600,0.024
15610,0.026
15620,0.026
15630,0.022
15640,0.028
15650,0.032
15660,0.024
15670,0.027
15680,0.024
15690,0.032
15700,0.035
15710,0.023
15720,0.030
15730,0.031
15740,0.032
15750,0.043
15760,0.037
15770,0.039
15780,0.037
15790,0.038
15800,0.038
15810,0.035
15820,0.037
15830,0.034
15840,0.035
15850,0.034
15860,0.037
15870,0.038
15880,0.026
15890,0.034
15900,0.037
15910,0.042
15920,0.030
15930,0.030
15940,0.041
15950,0.028
15960,0.051
15970,0.051
15980,0.049
15990,0.053
16000,0.045
16010,0.047
16020,0.047
16030,0.041
16040,0.032
16050,0.034
16060,0.045
16070,0.045
16080,0.043
16090,0.041
16100,0.041
16110,0.050
16120,0.049
16130,0.054
16140,0.047
16150,0.045
16160,0.051
16170,0.050
16180,0.053
16190,0.050
16200,0.049
16210,0.042
16220,0.042
16230,0.050
16240,0.049
16250,0.041
16260,0.047
16270,0.039
16280,0.039
16290,0.049
16300,0.047
16310,0.051
16320,0.045
16330,0.045
16340,0.050
16350,0.041
16360,0.038
16370,0.041
16380,0.039
16390,0.028
16400,0.038
16410,0.039
16420,0.038
16430,0.038
16440,0.039
16450,0.035
16460,0.031
16470,0.037
16480,0.034
16490,0.038
16500,0.024
16510,0.034
16520,0.027
16530,0.030
16540,0.034
16550,0.038
16560,0.046
16570,0.042
16580,0.055
16590,0.045
16600,0.043
16610,0.057
16620,0.054
16630,0.051
16640,0.042
16650,0.038
16660,0.041
16670,0.038
16680,0.042
16690,0.032
16700,0.039
16710,0.039
16720,0.035
16730,0.042
16740,0.034
16750,0.039
16760,0.037
16770,0.028
16780,0.026
16790,0.032
16800,0.030
16810,0.024
16820,0.024
16830,0.024
16840,0.024
16850,0.026
16860,0.027
16870,0.028
16880,0.030
16890,0.030
16900,0.030
16910,0.034
16920,0.030
16930,0.026
16940,0.026
16950,0.024
16960,0.031
16970,0.027
16980,0.023
16990,0.023
17000,0.020
17010,0.019
17020,0.019
17030,0.020
17040,0.022
17050,0.022
17060,0.016
17070,0.016
17080,0.018
17090,0.026
17100,0.015
17110,0.018
17120,0.016
17130,0.018
17140,0.020
17150,0.024
17160,0.024
17170,0.028
17180,0.031
17190,0.032
17200,0.028
17210,0.022
17220,0.024
17230,0.020
17240,0.015
17250,0.023
17260,0.022
17270,0.026
17280,0.023
17290,0.023
17300,0.018
17310,0.031
17320,0.030
17330,0.023
17340,0.030
17350,0.035
17360,0.028
17370,0.030
17380,0.032
17390,0.023
17400,0.026
17410,0.028
17420,0.023
17430,0.024
17440,0.018
17450,0.023
17460,0.016
17470,0.015
17480,0.024
17490,0.018
17500,0.019
17510,0.016
17520,0.007
17530,0.018
17540,0.018
17550,0.014
17560,0.018
17570,0.015
17580,0.020
17590,0.014
17600,0.016
17610,0.026
17620,0.020
17630,0.022
17640,0.024
17650,0.024
17660,0.026
17670,0.018
17680,0.015
17690,0.009
17700,0.016
17710,0.011
17720,0.026
17730,0.026
17740,0.026
17750,0.024
17760,0.023
17770,0.020
17780,0.027
17790,0.014
17800,0.022
17810,0.023
17820,0.022
17830,0.023
17840,0.026
17850,0.023
17860,0.022
17870,0.016
17880,0.023
17890,0.023
17900,0.018
17910,0.022
17920,0.014
17930,0.018
17940,0.019
17950,0.022
17960,0.027
17970,0.020
17980,0.024
17990,0.015
18000,0.014
18010,0.014
18020,0.019
18030,0.020
18040,0.016
18050,0.015
18060,0.022
18070,0.023
18080,0.018
18090,0.018
18100,0.024
18110,0.023
18120,0.023
18130,0.026
18140,0.022
18150,0.028
18160,0.030
18170,0.023
18180,0.031
18190,0.028
18200,0.031
18210,0.034
18220,0.039
18230,0.038
18240,0.024
18250,0.037
18260,0.030
18270,0.024
18280,0.031
18290,0.034
18300,0.038
18310,0.035
18320,0.032
18330,0.037
18340,0.042
18350,0.042
18360,0.037
18370,0.031
18380,0.015
18390,0.020
18400,0.016
18410,0.018
18420,0.030
18430,0.020
18440,0.023
18450,0.019
18460,0.016
18470,0.008
18480,0.016
18490,0.018
18500,0.015
18510,0.019
18520,0.027
18530,0.026
18540,0.026
18550,0.024
18560,0.027
18570,0.027
18580,0.030
18590,0.034
18600,0.024
18610,0.026
18620,0.027
18630,0.018
18640,0.019
18650,0.022
18660,0.020
18670,0.026
18680,0.026
18690,0.018
18700,0.016
18710,0.016
18720,0.020
18730,0.023
18740,0.024
18750,0.031
18760,0.026
18770,0.035
18780,0.042
18790,0.037
18800,0.030
18810,0.043
18820,0.037
18830,0.034
18840,0.020
18850,0.018
18860,0.018
18870,0.028
18880,0.024
18890,0.018
18900,0.027
18910,0.020
18920,0.027
18930,0.028
18940,0.028
18950,0.030
18960,0.030
18970,0.028
18980,0.031
18990,0.031
19000,0.028
19010,0.035
19020,0.027
19030,0.024
19040,0.026
19050,0.023
19060,0.023
19070,0.024
19080,0.035
19090,0.026
19100,0.027
19110,0.028
19120,0.032
19130,0.030
19140,0.027
19150,0.027
19160,0.022
19170,0.020
19180,0.024
19190,0.026
19200,0.018
19210,0.016
19220,0.022
19230,0.027
19240,0.019
19250,0.019
19260,0.026
19270,0.023
19280,0.022
19290,0.026
19300,0.035
19310,0.028
19320,0.024
19330,0.028
19340,0.028
19350,0.023
19360,0.038
19370,0.034
19380,0.031
19390,0.024
19400,0.023
19410,0.022
19420,0.022
19430,0.022
19440,0.022
19450,0.015
19460,0.019
19470,0.018
19480,0.024
19490,0.030
19500,0.034
19510,0.034
19520,0.041
19530,0.031
19540,0.032
19550,0.034
19560,0.038
19570,0.031
19580,0.031
19590,0.031
19600,0.032
19610,0.030
19620,0.030
19630,0.031
19640,0.032
19650,0.043
19660,0.042
19670,0.037
19680,0.039
19690,0.043
19700,0.039
19710,0.039
19720,0.039
19730,0.039
19740,0.032
19750,0.028
19760,0.022
19770,0.024
19780,0.020
19790,0.022
19800,0.022
19810,0.024
19820,0.032
19830,0.028
19840,0.031
19850,0.027
19860,0.030
19870,0.026
19880,0.023
19890,0.031
19900,0.024
19910,0.024
19920,0.030
19930,0.035
19940,0.028
19950,0.023
19960,0.028
19970,0.024
19980,0.024
19990,0.024
20000,0.020
