# time, fQ
0,0.689
10,0.563
20,0.524
30,0.544
40,0.539
50,0.539
60,0.548
70,0.521
80,0.526
90,0.547
100,0.532
110,0.501
120,0.498
130,0.482
140,0.482
150,0.505
160,0.512
170,0.510
180,0.518
190,0.506
200,0.525
210,0.490
220,0.502
230,0.494
240,0.493
250,0.486
260,0.498
270,0.507
280,0.486
290,0.480
300,0.478
310,0.452
320,0.429
330,0.445
340,0.460
350,0.480
360,0.474
370,0.457
380,0.448
390,0.463
400,0.447
410,0.449
420,0.455
430,0.447
440,0.441
450,0.460
460,0.448
470,0.451
480,0.436
490,0.436
500,0.438
510,0.436
520,0.467
530,0.449
540,0.460
550,0.470
560,0.461
570,0.445
580,0.453
590,0.463
600,0.461
610,0.457
620,0.448
630,0.424
640,0.434
650,0.440
660,0.421
670,0.436
680,0.445
690,0.437
700,0.429
710,0.429
720,0.432
730,0.425
740,0.445
750,0.442
760,0.422
770,0.421
780,0.426
790,0.415
800,0.414
810,0.402
820,0.406
830,0.398
840,0.388
850,0.414
860,0.407
870,0.378
880,0.390
890,0.390
900,0.388
910,0.394
920,0.387
930,0.380
940,0.363
950,0.372
960,0.359
970,0.380
980,0.373
990,0.350
1000,0.372
1010,0.356
1020,0.392
1030,0.407
1040,0.399
1050,0.407
1060,0.405
1070,0.382
1080,0.388
1090,0.401
1100,0.380
1110,0.395
1120,0.384
1130,0.359
1140,0.357
1150,0.340
1160,0.367
1170,0.375
1180,0.373
1190,0.357
1200,0.371
1210,0.349
1220,0.353
1230,0.352
1240,0.353
1250,0.325
1260,0.325
1270,0.348
1280,0.344
1290,0.330
1300,0.325
1310,0.323
1320,0.342
1330,0.357
1340,0.344
1350,0.333
1360,0.338
1370,0.321
1380,0.348
1390,0.322
1400,0.319
1410,0.311
1420,0.317
1430,0.322
1440,0.306
1450,0.311
1460,0.310
1470,0.296
1480,0.300
1490,0.277
1500,0.283
1510,0.276
1520,0.280
1530,0.295
1540,0.290
1550,0.310
1560,0.302
1570,0.310
1580,0.294
1590,0.265
1600,0.268
1610,0.256
1620,0.234
1630,0.248
1640,0.271
1650,0.260
1660,0.250
1670,0.244
1680,0.254
1690,0.269
1700,0.269
1710,0.260
1720,0.280
1730,0.269
1740,0.281
1750,0.260
1760,0.263
1770,0.246
1780,0.249
1790,0.249
1800,0.237
1810,0.233
1820,0.235
1830,0.242
1840,0.237
1850,0.242
1860,0.230
1870,0.233
1880,0.218
1890,0.238
1900,0.245
1910,0.238
1920,0.242
1930,0.245
1940,0.233
1950,0.233
1960,0.245
1970,0.238
1980,0.230
1990,0.240
2000,0.268
2010,0.230
2020,0.222
2030,0.210
2040,0.222
2050,0.225
2060,0.212
2070,0.214
2080,0.215
2090,0.189
2100,0.208
2110,0.204
2120,0.196
2130,0.196
2140,0.191
2150,0.195
2160,0.195
2170,0.196
2180,0.191
2190,0.183
2200,0.177
2210,0.185
2220,0.203
2230,0.187
2240,0.206
2250,0.187
2260,0.194
2270,0.176
2280,0.177
2290,0.172
2300,0.176
2310,0.172
2320,0.175
2330,0.194
2340,0.192
2350,0.194
2360,0.181
2370,0.187
2380,0.200
2390,0.181
2400,0.192
2410,0.180
2420,0.181
2430,0.196
2440,0.177
2450,0.189
2460,0.183
2470,0.184
2480,0.180
2490,0.181
2500,0.157
2510,0.165
2520,0.171
2530,0.173
2540,0.160
2550,0.168
2560,0.168
2570,0.156
2580,0.157
2590,0.156
2600,0.157
2610,0.145
2620,0.160
2630,0.166
2640,0.169
2650,0.179
2660,0.169
2670,0.179
2680,0.161
2690,0.181
2700,0.183
2710,0.172
2720,0.177
2730,0.184
2740,0.171
2750,0.175
2760,0.183
2770,0.169
2780,0.165
2790,0.154
2800,0.168
2810,0.172
2820,0.187
2830,0.175
2840,0.177
2850,0.158
2860,0.169
2870,0.175
2880,0.176
2890,0.168
2900,0.165
2910,0.171
2920,0.169
2930,0.175
2940,0.165
2950,0.188
2960,0.191
2970,0.185
2980,0.189
2990,0.183
3000,0.188
3010,0.185
3020,0.181
3030,0.189
3040,0.168
3050,0.183
3060,0.191
3070,0.191
3080,0.188
3090,0.206
3100,0.188
3110,0.194
3120,0.194
3130,0.199
3140,0.207
3150,0.196
3160,0.200
3170,0.189
3180,0.204
3190,0.185
3200,0.188
3210,0.175
3220,0.195
3230,0.199
3240,0.180
3250,0.208
3260,0.211
3270,0.195
3280,0.200
3290,0.203
3300,0.188
3310,0.180
3320,0.169
3330,0.177
3340,0.176
3350,0.176
3360,0.184
3370,0.179
3380,0.169
3390,0.171
3400,0.183
3410,0.176
3420,0.152
3430,0.161
3440,0.156
3450,0.160
3460,0.164
3470,0.166
3480,0.168
3490,0.166
3500,0.164
3510,0.153
3520,0.158
3530,0.146
3540,0.139
3550,0.135
3560,0.139
3570,0.146
3580,0.147
3590,0.135
3600,0.131
3610,0.146
3620,0.150
3630,0.153
3640,0.145
3650,0.149
3660,0.162
3670,0.157
3680,0.150
3690,0.149
3700,0.177
3710,0.160
3720,0.147
3730,0.147
3740,0.161
3750,0.162
3760,0.158
3770,0.154
3780,0.139
3790,0.135
3800,0.143
3810,0.143
3820,0.138
3830,0.153
3840,0.157
3850,0.157
3860,0.160
3870,0.157
3880,0.142
3890,0.152
3900,0.141
3910,0.147
3920,0.160
3930,0.150
3940,0.139
3950,0.150
3960,0.124
3970,0.131
3980,0.131
3990,0.118
4000,0.112
4010,0.110
4020,0.111
4030,0.106
4040,0.115
4050,0.114
4060,0.115
4070,0.107
4080,0.116
4090,0.118
4100,0.110
4110,0.115
4120,0.116
4130,0.120
4140,0.126
4150,0.123
4160,0.126
4170,0.131
4180,0.126
4190,0.127
4200,0.130
4210,0.142
4220,0.135
4230,0.126
4240,0.129
4250,0.130
4260,0.133
4270,0.120
4280,0.134
4290,0.129
4300,0.120
4310,0.130
4320,0.122
4330,0.110
4340,0.120
4350,0.112
4360,0.112
4370,0.123
4380,0.124
4390,0.106
4400,0.106
4410,0.097
4420,0.108
4430,0.101
4440,0.089
4450,0.088
4460,0.104
4470,0.084
4480,0.108
4490,0.100
4500,0.092
4510,0.089
4520,0.091
4530,0.091
4540,0.099
4550,0.096
4560,0.092
4570,0.097
4580,0.101
4590,0.106
4600,0.100
4610,0.099
4620,0.101
4630,0.110
4640,0.114
4650,0.106
4660,0.103
4670,0.084
4680,0.091
4690,0.097
4700,0.097
4710,0.101
4720,0.127
4730,0.093
4740,0.097
4750,0.118
4760,0.099
4770,0.107
4780,0.106
4790,0.091
4800,0.087
4810,0.081
4820,0.085
4830,0.080
4840,0.093
4850,0.092
4860,0.088
4870,0.080
4880,0.085
4890,0.092
4900,0.099
4910,0.116
4920,0.111
4930,0.106
4940,0.111
4950,0.110
4960,0.107
4970,0.101
4980,0.101
4990,0.095
5000,0.103
5010,0.088
5020,0.085
5030,0.095
5040,0.091
5050,0.095
5060,0.081
5070,0.091
5080,0.093
5090,0.096
5100,0.106
5110,0.088
5120,0.084
5130,0.084
5140,0.083
5150,0.095
5160,0.087
5170,0.081
5180,0.077
5190,0.087
5200,0.074
5210,0.087
5220,0.083
5230,0.084
5240,0.080
5250,0.085
5260,0.076
5270,0.068
5280,0.069
5290,0.088
5300,0.080
5310,0.077
5320,0.091
5330,0.077
5340,0.088
5350,0.099
5360,0.100
5370,0.087
5380,0.096
5390,0.093
5400,0.089
5410,0.087
5420,0.081
5430,0.091
5440,0.084
5450,0.097
5460,0.081
5470,0.074
5480,0.066
5490,0.068
5500,0.068
5510,0.064
5520,0.068
5530,0.068
5540,0.076
5550,0.080
5560,0.073
5570,0.081
5580,0.074
5590,0.072
5600,0.080
5610,0.081
5620,0.074
5630,0.087
5640,0.080
5650,0.062
5660,0.073
5670,0.064
5680,0.066
5690,0.072
5700,0.072
5710,0.060
5720,0.061
5730,0.065
5740,0.070
5750,0.074
5760,0.064
5770,0.060
5780,0.050
5790,0.055
5800,0.065
5810,0.057
5820,0.060
5830,0.046
5840,0.055
5850,0.058
5860,0.055
5870,0.054
5880,0.055
5890,0.062
5900,0.050
5910,0.055
5920,0.057
5930,0.062
5940,0.074
5950,0.066
5960,0.072
5970,0.076
5980,0.077
5990,0.081
6000,0.068
6010,0.072
6020,0.060
6030,0.058
6040,0.055
6050,0.061
6060,0.053
6070,0.049
6080,0.046
6090,0.051
6100,0.043
6110,0.050
6120,0.055
6130,0.051
6140,0.053
6150,0.069
6160,0.062
6170,0.061
6180,0.061
6190,0.062
6200,0.062
6210,0.060
6220,0.054
6230,0.051
6240,0.045
6250,0.051
6260,0.061
6270,0.060
6280,0.062
6290,0.065
6300,0.073
6310,0.074
6320,0.073
6330,0.074
6340,0.064
6350,0.068
6360,0.076
6370,0.069
6380,0.066
6390,0.064
6400,0.062
6410,0.060
6420,0.053
6430,0.076
6440,0.053
6450,0.053
6460,0.046
6470,0.054
6480,0.045
6490,0.054
6500,0.038
6510,0.038
6520,0.039
6530,0.043
6540,0.051
6550,0.058
6560,0.046
6570,0.049
6580,0.054
6590,0.053
6600,0.037
6610,0.041
6620,0.047
6630,0.043
6640,0.049
6650,0.050
6660,0.053
6670,0.053
6680,0.057
6690,0.058
6700,0.051
6710,0.049
6720,0.045
6730,0.046
6740,0.046
6750,0.054
6760,0.049
6770,0.045
6780,0.047
6790,0.042
6800,0.045
6810,0.047
6820,0.047
6830,0.039
6840,0.043
6850,0.042
6860,0.041
6870,0.043
6880,0.051
6890,0.051
6900,0.045
6910,0.047
6920,0.045
6930,0.050
6940,0.054
6950,0.064
6960,0.051
6970,0.053
6980,0.057
6990,0.051
7000,0.049
7010,0.043
7020,0.064
7030,0.065
7040,0.054
7050,0.051
7060,0.054
7070,0.057
7080,0.060
7090,0.057
7100,0.062
7110,0.064
7120,0.051
7130,0.049
7140,0.050
7150,0.051
7160,0.049
7170,0.042
7180,0.050
7190,0.062
7200,0.046
7210,0.053
7220,0.046
7230,0.057
7240,0.043
7250,0.055
7260,0.046
7270,0.054
7280,0.053
7290,0.047
7300,0.041
7310,0.041
7320,0.041
7330,0.050
7340,0.051
7350,0.046
7360,0.038
7370,0.045
7380,0.037
7390,0.041
7400,0.041
7410,0.042
7420,0.034
7430,0.034
7440,0.034
7450,0.046
7460,0.037
7470,0.037
7480,0.031
7490,0.047
7500,0.043
7510,0.045
7520,0.041
7530,0.039
7540,0.039
7550,0.047
7560,0.054
7570,0.050
7580,0.037
7590,0.027
7600,0.039
7610,0.035
7620,0.032
7630,0.034
7640,0.035
7650,0.030
7660,0.039
7670,0.034
7680,0.039
7690,0.039
7700,0.035
7710,0.039
7720,0.043
7730,0.043
7740,0.041
7750,0.041
7760,0.037
7770,0.042
7780,0.049
7790,0.038
7800,0.032
7810,0.028
7820,0.037
7830,0.035
7840,0.034
7850,0.035
7860,0.037
7870,0.038
7880,0.043
7890,0.039
7900,0.047
7910,0.045
7920,0.042
7930,0.042
7940,0.030
7950,0.034
7960,0.024
7970,0.027
7980,0.031
7990,0.028
8000,0.031
8010,0.035
8020,0.037
8030,0.034
8040,0.034
8050,0.032
8060,0.030
8070,0.030
8080,0.031
8090,0.026
8100,0.035
8110,0.032
8120,0.031
8130,0.038
8140,0.041
8150,0.047
8160,0.039
8170,0.022
8180,0.034
8190,0.032
8200,0.041
8210,0.043
8220,0.041
8230,0.038
8240,0.034
8250,0.037
8260,0.049
8270,0.041
8280,0.042
8290,0.041
8300,0.032
8310,0.032
8320,0.023
8330,0.027
8340,0.045
8350,0.034
8360,0.031
8370,0.028
8380,0.030
8390,0.039
8400,0.041
8410,0.031
8420,0.039
8430,0.039
8440,0.039
8450,0.032
8460,0.027
8470,0.037
8480,0.039
8490,0.035
8500,0.038
8510,0.042
8520,0.045
8530,0.035
8540,0.038
8550,0.041
8560,0.037
8570,0.043
8580,0.034
8590,0.030
8600,0.034
8610,0.032
8620,0.043
8630,0.045
8640,0.043
8650,0.042
8660,0.034
8670,0.035
8680,0.038
8690,0.049
8700,0.031
8710,0.046
8720,0.043
8730,0.039
8740,0.034
8750,0.035
8760,0.038
8770,0.035
8780,0.041
8790,0.045
8800,0.041
8810,0.045
8820,0.045
8830,0.050
8840,0.050
8850,0.039
8860,0.037
8870,0.038
8880,0.041
8890,0.035
8900,0.032
8910,0.039
8920,0.041
8930,0.031
8940,0.027
8950,0.031
8960,0.035
8970,0.035
8980,0.041
8990,0.031
9000,0.039
9010,0.041
9020,0.037
9030,0.041
9040,0.035
9050,0.038
9060,0.043
9070,0.045
9080,0.045
9090,0.046
9100,0.037
9110,0.041
9120,0.034
9130,0.041
9140,0.042
9150,0.042
9160,0.043
9170,0.042
9180,0.051
9190,0.039
9200,0.041
9210,0.035
9220,0.038
9230,0.041
9240,0.035
9250,0.030
9260,0.031
9270,0.034
9280,0.024
9290,0.035
9300,0.030
9310,0.034
9320,0.032
9330,0.043
9340,0.041
9350,0.041
9360,0.042
9370,0.039
9380,0.038
9390,0.039
9400,0.035
9410,0.051
9420,0.041
9430,0.038
9440,0.034
9450,0.034
9460,0.051
9470,0.050
9480,0.050
9490,0.041
9500,0.057
9510,0.047
9520,0.045
9530,0.053
9540,0.034
9550,0.038
9560,0.038
9570,0.032
9580,0.034
9590,0.032
9600,0.039
9610,0.039
9620,0.043
9630,0.042
9640,0.041
9650,0.037
9660,0.041
9670,0.037
9680,0.030
9690,0.035
9700,0.035
9710,0.038
9720,0.034
9730,0.043
9740,0.045
9750,0.049
9760,0.047
9770,0.042
9780,0.049
9790,0.043
9800,0.039
9810,0.047
9820,0.051
9830,0.046
9840,0.054
9850,0.054
9860,0.054
9870,0.045
9880,0.053
9890,0.053
9900,0.050
9910,0.053
9920,0.049
9930,0.045
9940,0.051
9950,0.055
9960,0.055
9970,0.047
9980,0.045
9990,0.057
10000,0.049
10010,0.057
10020,0.049
10030,0.054
10040,0.045
10050,0.055
10060,0.060
10070,0.045
10080,0.057
10090,0.058
10100,0.058
10110,0.047
10120,0.042
10130,0.047
10140,0.047
10150,0.045
10160,0.035
10170,0.039
10180,0.039
10190,0.039
10200,0.049
10210,0.047
10220,0.046
10230,0.042
10240,0.041
10250,0.041
10260,0.037
10270,0.038
10280,0.028
10290,0.032
10300,0.034
10310,0.039
10320,0.041
10330,0.030
10340,0.031
10350,0.027
10360,0.034
10370,0.023
10380,0.030
10390,0.035
10400,0.039
10410,0.037
10420,0.035
10430,0.037
10440,0.042
10450,0.038
10460,0.043
10470,0.032
10480,0.035
10490,0.043
10500,0.041
10510,0.043
10520,0.051
10530,0.055
10540,0.050
10550,0.057
10560,0.050
10570,0.055
10580,0.043
10590,0.028
10600,0.043
10610,0.045
10620,0.046
10630,0.041
10640,0.046
10650,0.037
10660,0.041
10670,0.035
10680,0.047
10690,0.041
10700,0.038
10710,0.043
10720,0.037
10730,0.050
10740,0.042
10750,0.037
10760,0.039
10770,0.032
10780,0.035
10790,0.034
10800,0.050
10810,0.047
10820,0.051
10830,0.049
10840,0.039
10850,0.043
10860,0.041
10870,0.039
10880,0.037
10890,0.046
10900,0.038
10910,0.041
10920,0.038
10930,0.034
10940,0.035
10950,0.032
10960,0.027
10970,0.030
10980,0.030
10990,0.035
11000,0.042
11010,0.043
11020,0.045
11030,0.031
11040,0.038
11050,0.028
11060,0.027
11070,0.037
11080,0.028
11090,0.034
11100,0.034
11110,0.042
11120,0.041
11130,0.038
11140,0.038
11150,0.032
11160,0.034
11170,0.041
11180,0.038
11190,0.049
11200,0.046
11210,0.046
11220,0.045
11230,0.051
11240,0.058
11250,0.057
11260,0.064
11270,0.062
11280,0.062
11290,0.057
11300,0.060
11310,0.054
11320,0.062
11330,0.057
11340,0.054
11350,0.054
11360,0.047
11370,0.051
11380,0.053
11390,0.050
11400,0.057
11410,0.054
11420,0.054
11430,0.062
11440,0.066
11450,0.066
11460,0.055
11470,0.061
11480,0.050
11490,0.054
11500,0.069
11510,0.066
11520,0.062
11530,0.062
11540,0.058
11550,0.068
11560,0.073
11570,0.051
11580,0.053
11590,0.058
11600,0.046
11610,0.053
11620,0.055
11630,0.055
11640,0.064
11650,0.042
11660,0.054
11670,0.053
11680,0.042
11690,0.038
11700,0.070
11710,0.055
11720,0.061
11730,0.055
11740,0.049
11750,0.055
11760,0.051
11770,0.051
11780,0.060
11790,0.057
11800,0.053
11810,0.055
11820,0.057
11830,0.058
11840,0.058
11850,0.065
11860,0.050
11870,0.058
11880,0.058
11890,0.065
11900,0.057
11910,0.043
11920,0.062
11930,0.055
11940,0.058
11950,0.061
11960,0.047
11970,0.042
11980,0.053
11990,0.042
12000,0.041
12010,0.055
12020,0.060
12030,0.061
12040,0.047
12050,0.043
12060,0.050
12070,0.054
12080,0.065
12090,0.043
12100,0.043
12110,0.055
12120,0.042
12130,0.049
12140,0.049
12150,0.041
12160,0.039
12170,0.041
12180,0.043
12190,0.047
12200,0.039
12210,0.039
12220,0.037
12230,0.037
12240,0.030
12250,0.045
12260,0.034
12270,0.032
12280,0.035
12290,0.015
12300,0.031
12310,0.022
12320,0.028
12330,0.026
12340,0.018
12350,0.032
12360,0.031
12370,0.039
12380,0.041
12390,0.046
12400,0.038
12410,0.042
12420,0.037
12430,0.050
12440,0.041
12450,0.034
12460,0.032
12470,0.039
12480,0.031
12490,0.034
12500,0.035
12510,0.037
12520,0.042
12530,0.039
12540,0.050
12550,0.041
12560,0.038
12570,0.047
12580,0.035
12590,0.039
12600,0.046
12610,0.034
12620,0.038
12630,0.042
12640,0.039
12650,0.046
12660,0.049
12670,0.047
12680,0.043
12690,0.045
12700,0.062
12710,0.047
12720,0.051
12730,0.049
12740,0.050
12750,0.049
12760,0.050
12770,0.045
12780,0.057
12790,0.058
12800,0.055
12810,0.046
12820,0.038
12830,0.057
12840,0.064
12850,0.055
12860,0.053
12870,0.045
12880,0.054
12890,0.061
12900,0.054
12910,0.050
12920,0.047
12930,0.042
12940,0.057
12950,0.050
12960,0.050
12970,0.058
12980,0.055
12990,0.051
13000,0.046
13010,0.054
13020,0.058
13030,0.058
13040,0.053
13050,0.057
13060,0.053
13070,0.053
13080,0.041
13090,0.041
13100,0.047
13110,0.050
13120,0.054
13130,0.055
13140,0.047
13150,0.050
13160,0.058
13170,0.053
13180,0.053
13190,0.046
13200,0.049
13210,0.054
13220,0.046
13230,0.053
13240,0.050
13250,0.050
13260,0.047
13270,0.042
13280,0.050
13290,0.046
13300,0.050
13310,0.057
13320,0.055
13330,0.051
13340,0.039
13350,0.042
13360,0.035
13370,0.041
13380,0.028
13390,0.035
13400,0.042
13410,0.045
13420,0.050
13430,0.041
13440,0.046
13450,0.054
13460,0.050
13470,0.041
13480,0.042
13490,0.042
13500,0.049
13510,0.041
13520,0.042
13530,0.041
13540,0.032
13550,0.043
13560,0.049
13570,0.050
13580,0.054
13590,0.050
13600,0.042
13610,0.046
13620,0.042
13630,0.049
13640,0.047
13650,0.038
13660,0.037
13670,0.045
13680,0.043
13690,0.049
13700,0.039
13710,0.046
13720,0.043
13730,0.041
13740,0.043
13750,0.045
13760,0.039
13770,0.045
13780,0.042
13790,0.043
13800,0.041
13810,0.032
13820,0.037
13830,0.041
13840,0.047
13850,0.046
13860,0.049
13870,0.055
13880,0.050
13890,0.049
13900,0.042
13910,0.060
13920,0.053
13930,0.046
13940,0.053
13950,0.060
13960,0.065
13970,0.057
13980,0.055
13990,0.057
14000,0.050
14010,0.049
14020,0.045
14030,0.053
14040,0.055
14050,0.058
14060,0.053
14070,0.053
14080,0.055
14090,0.050
14100,0.049
14110,0.050
14120,0.057
14130,0.057
14140,0.051
14150,0.054
14160,0.061
14170,0.064
14180,0.055
14190,0.054
14200,0.055
14210,0.057
14220,0.050
14230,0.050
14240,0.054
14250,0.058
14260,0.061
14270,0.064
14280,0.062
14290,0.068
14300,0.070
14310,0.070
14320,0.070
14330,0.061
14340,0.064
14350,0.068
14360,0.069
14370,0.072
14380,0.074
14390,0.072
14400,0.076
14410,0.072
14420,0.064
14430,0.073
14440,0.077
14450,0.080
14460,0.076
14470,0.076
14480,0.070
14490,0.072
14500,0.069
14510,0.073
14520,0.061
14530,0.068
14540,0.060
14550,0.065
14560,0.072
14570,0.070
14580,0.065
14590,0.055
14600,0.060
14610,0.066
14620,0.062
14630,0.057
14640,0.050
14650,0.050
14660,0.046
14670,0.047
14680,0.047
14690,0.054
14700,0.053
14710,0.038
14720,0.041
14730,0.043
14740,0.051
14750,0.053
14760,0.065
14770,0.050
14780,0.053
14790,0.053
14800,0.050
14810,0.060
14820,0.061
14830,0.054
14840,0.049
14850,0.051
14860,0.045
14870,0.046
14880,0.054
14890,0.049
14900,0.047
14910,0.046
14920,0.064
14930,0.062
14940,0.061
14950,0.061
14960,0.053
14970,0.058
14980,0.055
14990,0.050
15000,0.045
15010,0.054
15020,0.042
15030,0.042
15040,0.042
15050,0.039
15060,0.039
15070,0.041
15080,0.042
15090,0.047
15100,0.046
15110,0.034
15120,0.031
15130,0.053
15140,0.042
15150,0.026
15160,0.043
15170,0.039
15180,0.045
15190,0.047
15200,0.045
15210,0.049
15220,0.054
15230,0.038
15240,0.053
15250,0.050
15260,0.055
15270,0.049
15280,0.039
15290,0.061
15300,0.057
15310,0.051
15320,0.053
15330,0.053
15340,0.058
15350,0.054
15360,0.055
15370,0.050
15380,0.065
15390,0.060
15400,0.051
15410,0.065
15420,0.054
15430,0.057
15440,0.053
15450,0.054
15460,0.047
15470,0.050
15480,0.046
15490,0.049
15500,0.051
15510,0.060
15520,0.047
15530,0.046
15540,0.049
15550,0.050
15560,0.058
15570,0.051
15580,0.042
15590,0.043
15600,0.041
15610,0.045
15620,0.046
15630,0.050
15640,0.043
15650,0.041
15660,0.053
15670,0.037
15680,0.041
15690,0.043
15700,0.042
15710,0.043
15720,0.047
15730,0.049
15740,0.049
15750,0.043
15760,0.050
15770,0.045
15780,0.047
15790,0.042
15800,0.038
15810,0.034
15820,0.028
15830,0.035
15840,0.030
15850,0.032
15860,0.039
15870,0.043
15880,0.039
15890,0.046
15900,0.041
15910,0.050
15920,0.050
15930,0.050
15940,0.049
15950,0.053
15960,0.049
15970,0.041
15980,0.034
15990,0.047
16000,0.043
16010,0.035
16020,0.035
16030,0.043
16040,0.042
16050,0.043
16060,0.045
16070,0.034
16080,0.046
16090,0.045
16100,0.042
16110,0.054
16120,0.054
16130,0.055
16140,0.055
16150,0.053
16160,0.046
16170,0.042
16180,0.047
16190,0.039
16200,0.039
16210,0.026
16220,0.031
16230,0.035
16240,0.032
16250,0.026
16260,0.024
16270,0.020
16280,0.024
16290,0.020
16300,0.028
16310,0.035
16320,0.031
16330,0.027
16340,0.027
16350,0.032
16360,0.034
16370,0.038
16380,0.037
16390,0.027
16400,0.037
16410,0.027
16420,0.030
16430,0.032
16440,0.026
16450,0.032
16460,0.031
16470,0.034
16480,0.031
16490,0.031
16500,0.031
16510,0.031
16520,0.030
16530,0.030
16540,0.030
16550,0.034
16560,0.026
16570,0.022
16580,0.030
16590,0.032
16600,0.032
16610,0.032
16620,0.032
16630,0.027
16640,0.041
16650,0.035
16660,0.034
16670,0.041
16680,0.034
16690,0.032
16700,0.027
16710,0.030
16720,0.024
16730,0.028
16740,0.027
16750,0.035
16760,0.030
16770,0.031
16780,0.037
16790,0.037
16800,0.039
16810,0.041
16820,0.043
16830,0.049
16840,0.053
16850,0.055
16860,0.047
16870,0.039
16880,0.042
16890,0.038
16900,0.049
16910,0.047
16920,0.046
16930,0.046
16940,0.042
16950,0.043
16960,0.046
16970,0.045
16980,0.043
16990,0.046
17000,0.043
17010,0.034
17020,0.050
17030,0.043
17040,0.051
17050,0.045
17060,0.051
17070,0.049
17080,0.042
17090,0.043
17100,0.038
17110,0.042
17120,0.032
17130,0.028
17140,0.037
17150,0.035
17160,0.028
17170,0.028
17180,0.034
17190,0.034
17200,0.037
17210,0.028
17220,0.037
17230,0.041
17240,0.035
17250,0.035
17260,0.043
17270,0.034
17280,0.037
17290,0.043
17300,0.039
17310,0.042
17320,0.043
17330,0.047
17340,0.051
17350,0.042
17360,0.038
17370,0.041
17380,0.041
17390,0.034
17400,0.038
17410,0.034
17420,0.035
17430,0.034
17440,0.031
17450,0.034
17460,0.026
17470,0.037
17480,0.041
17490,0.032
17500,0.032
17510,0.034
17520,0.031
17530,0.035
17540,0.039
17550,0.034
17560,0.037
17570,0.032
17580,0.041
17590,0.034
17600,0.038
17610,0.034
17620,0.037
17630,0.032
17640,0.042
17650,0.035
17660,0.038
17670,0.045
17680,0.039
17690,0.037
17700,0.038
17710,0.043
17720,0.041
17730,0.042
17740,0.032
17750,0.034
17760,0.031
17770,0.031
17780,0.037
17790,0.035
17800,0.037
17810,0.041
17820,0.041
17830,0.042
17840,0.037
17850,0.034
17860,0.046
17870,0.045
17880,0.043
17890,0.045
17900,0.047
17910,0.050
17920,0.042
17930,0.046
17940,0.053
17950,0.047
17960,0.042
17970,0.041
17980,0.045
17990,0.049
18000,0.047
18010,0.046
18020,0.039
18030,0.055
18040,0.043
18050,0.046
18060,0.047
18070,0.042
18080,0.032
18090,0.041
18100,0.049
18110,0.053
18120,0.055
18130,0.066
18140,0.046
18150,0.054
18160,0.053
18170,0.057
18180,0.049
18190,0.053
18200,0.043
18210,0.053
18220,0.035
18230,0.038
18240,0.045
18250,0.042
18260,0.045
18270,0.035
18280,0.037
18290,0.039
18300,0.039
18310,0.046
18320,0.060
18330,0.057
18340,0.053
18350,0.038
18360,0.034
18370,0.045
18380,0.046
18390,0.047
18400,0.057
18410,0.047
18420,0.050
18430,0.053
18440,0.047
18450,0.062
18460,0.060
18470,0.054
18480,0.051
18490,0.060
18500,0.055
18510,0.049
18520,0.060
18530,0.051
18540,0.060
18550,0.064
18560,0.054
18570,0.050
18580,0.049
18590,0.046
18600,0.057
18610,0.046
18620,0.042
18630,0.042
18640,0.046
18650,0.064
18660,0.047
18670,0.046
18680,0.042
18690,0.037
18700,0.041
18710,0.039
18720,0.042
18730,0.050
18740,0.045
18750,0.049
18760,0.053
18770,0.047
18780,0.047
18790,0.041
18800,0.047
18810,0.043
18820,0.054
18830,0.053
18840,0.050
18850,0.054
18860,0.053
18870,0.041
18880,0.046
18890,0.057
18900,0.047
18910,0.053
18920,0.055
18930,0.047
18940,0.045
18950,0.046
18960,0.050
18970,0.050
18980,0.064
18990,0.046
19000,0.039
19010,0.050
19020,0.039
19030,0.060
19040,0.050
19050,0.053
19060,0.050
19070,0.058
19080,0.041
19090,0.041
19100,0.053
19110,0.045
19120,0.042
19130,0.038
19140,0.042
19150,0.041
19160,0.043
19170,0.043
19180,0.039
19190,0.034
19200,0.042
19210,0.042
19220,0.038
19230,0.039
19240,0.038
19250,0.039
19260,0.032
19270,0.035
19280,0.038
19290,0.046
19300,0.045
19310,0.049
19320,0.047
19330,0.045
19340,0.045
19350,0.051
19360,0.037
19370,0.045
19380,0.058
19390,0.054
19400,0.057
19410,0.050
19420,0.057
19430,0.058
19440,0.057
19450,0.057
19460,0.053
19470,0.057
19480,0.061
19490,0.058
19500,0.057
19510,0.061
19520,0.064
19530,0.061
19540,0.058
19550,0.061
19560,0.054
19570,0.054
19580,0.054
19590,0.047
19600,0.043
19610,0.046
19620,0.049
19630,0.043
19640,0.049
19650,0.042
19660,0.045
19670,0.043
19680,0.049
19690,0.051
19700,0.050
19710,0.051
19720,0.055
19730,0.060
19740,0.055
19750,0.051
19760,0.054
19770,0.057
19780,0.060
19790,0.064
19800,0.066
19810,0.055
19820,0.050
19830,0.060
19840,0.061
19850,0.057
19860,0.051
19870,0.046
19880,0.047
19890,0.046
19900,0.043
19910,0.042
19920,0.049
19930,0.049
19940,0.043
19950,0.045
19960,0.047
19970,0.046
19980,0.045
19990,0.050
20000,0.050
