# time, fQ
0,0.689
10,0.583
20,0.549
30,0.544
40,0.501
50,0.516
60,0.493
70,0.460
80,0.467
90,0.463
100,0.433
110,0.429
120,0.433
130,0.448
140,0.430
150,0.432
160,0.451
170,0.440
180,0.428
190,0.424
200,0.430
210,0.422
220,0.419
230,0.403
240,0.411
250,0.415
260,0.429
270,0.428
280,0.394
290,0.384
300,0.396
310,0.409
320,0.417
330,0.401
340,0.395
350,0.402
360,0.382
370,0.398
380,0.395
390,0.417
400,0.390
410,0.392
420,0.367
430,0.382
440,0.390
450,0.373
460,0.394
470,0.378
480,0.368
490,0.363
500,0.373
510,0.371
520,0.345
530,0.375
540,0.390
550,0.386
560,0.372
570,0.365
580,0.378
590,0.369
600,0.368
610,0.367
620,0.372
630,0.365
640,0.342
650,0.325
660,0.323
670,0.333
680,0.329
690,0.314
700,0.334
710,0.325
720,0.332
730,0.332
740,0.314
750,0.313
760,0.327
770,0.319
780,0.338
790,0.323
800,0.304
810,0.317
820,0.319
830,0.292
840,0.317
850,0.295
860,0.321
870,0.313
880,0.309
890,0.298
900,0.298
910,0.298
920,0.302
930,0.306
940,0.294
950,0.314
960,0.307
970,0.290
980,0.291
990,0.276
1000,0.288
1010,0.311
1020,0.303
1030,0.309
1040,0.315
1050,0.304
1060,0.296
1070,0.304
1080,0.313
1090,0.306
1100,0.309
1110,0.309
1120,0.314
1130,0.323
1140,0.306
1150,0.306
1160,0.309
1170,0.311
1180,0.319
1190,0.303
1200,0.291
1210,0.290
1220,0.291
1230,0.281
1240,0.298
1250,0.295
1260,0.281
1270,0.265
1280,0.271
1290,0.283
1300,0.261
1310,0.264
1320,0.268
1330,0.271
1340,0.275
1350,0.281
1360,0.272
1370,0.280
1380,0.254
1390,0.256
1400,0.254
1410,0.263
1420,0.267
1430,0.273
1440,0.258
1450,0.276
1460,0.265
1470,0.272
1480,0.271
1490,0.281
1500,0.273
1510,0.261
1520,0.275
1530,0.276
1540,0.273
1550,0.258
1560,0.273
1570,0.268
1580,0.248
1590,0.230
1600,0.248
1610,0.229
1620,0.240
1630,0.221
1640,0.206
1650,0.221
1660,0.227
1670,0.237
1680,0.250
1690,0.244
1700,0.245
1710,0.238
1720,0.244
1730,0.229
1740,0.226
1750,0.231
1760,0.229
1770,0.212
1780,0.195
1790,0.208
1800,0.214
1810,0.208
1820,0.206
1830,0.199
1840,0.211
1850,0.204
1860,0.212
1870,0.207
1880,0.215
1890,0.203
1900,0.214
1910,0.206
1920,0.218
1930,0.227
1940,0.221
1950,0.227
1960,0.226
1970,0.222
1980,0.212
1990,0.200
2000,0.203
2010,0.212
2020,0.210
2030,0.214
2040,0.215
2050,0.208
2060,0.204
2070,0.203
2080,0.195
2090,0.189
2100,0.196
2110,0.196
2120,0.196
2130,0.189
2140,0.196
2150,0.196
2160,0.192
2170,0.188
2180,0.185
2190,0.179
2200,0.187
2210,0.202
2220,0.196
2230,0.192
2240,0.192
2250,0.185
2260,0.194
2270,0.198
2280,0.200
2290,0.185
2300,0.189
2310,0.195
2320,0.195
2330,0.202
2340,0.200
2350,0.188
2360,0.187
2370,0.191
2380,0.188
2390,0.200
2400,0.189
2410,0.189
2420,0.183
2430,0.172
2440,0.164
2450,0.184
2460,0.185
2470,0.185
2480,0.166
2490,0.179
2500,0.181
2510,0.166
2520,0.175
2530,0.179
2540,0.166
2550,0.180
2560,0.177
2570,0.172
2580,0.172
2590,0.164
2600,0.166
2610,0.176
2620,0.169
2630,0.162
2640,0.168
2650,0.162
2660,0.158
2670,0.173
2680,0.194
2690,0.198
2700,0.198
2710,0.188
2720,0.188
2730,0.180
2740,0.180
2750,0.184
2760,0.173
2770,0.171
2780,0.156
2790,0.149
2800,0.161
2810,0.152
2820,0.169
2830,0.180
2840,0.181
2850,0.188
2860,0.169
2870,0.158
2880,0.169
2890,0.183
2900,0.175
2910,0.203
2920,0.185
2930,0.181
2940,0.171
2950,0.169
2960,0.172
2970,0.150
2980,0.150
2990,0.160
3000,0.171
3010,0.160
3020,0.162
3030,0.153
3040,0.173
3050,0.153
3060,0.146
3070,0.153
3080,0.134
3090,0.150
3100,0.142
3110,0.138
3120,0.153
3130,0.139
3140,0.126
3150,0.143
3160,0.120
3170,0.123
3180,0.112
3190,0.131
3200,0.120
3210,0.129
3220,0.157
3230,0.134
3240,0.139
3250,0.153
3260,0.146
3270,0.141
3280,0.146
3290,0.131
3300,0.134
3310,0.127
3320,0.141
3330,0.127
3340,0.123
3350,0.134
3360,0.129
3370,0.124
3380,0.126
3390,0.135
3400,0.134
3410,0.124
3420,0.123
3430,0.127
3440,0.135
3450,0.118
3460,0.130
3470,0.122
3480,0.133
3490,0.127
3500,0.133
3510,0.126
3520,0.143
3530,0.161
3540,0.143
3550,0.139
3560,0.145
3570,0.141
3580,0.138
3590,0.141
3600,0.141
3610,0.146
3620,0.139
3630,0.137
3640,0.137
3650,0.130
3660,0.135
3670,0.141
3680,0.137
3690,0.123
3700,0.124
3710,0.119
3720,0.130
3730,0.138
3740,0.139
3750,0.138
3760,0.135
3770,0.123
3780,0.141
3790,0.138
3800,0.137
3810,0.126
3820,0.134
3830,0.137
3840,0.149
3850,0.145
3860,0.139
3870,0.142
3880,0.146
3890,0.156
3900,0.145
3910,0.145
3920,0.141
3930,0.145
3940,0.131
3950,0.133
3960,0.131
3970,0.129
3980,0.135
3990,0.135
4000,0.137
4010,0.127
4020,0.129
4030,0.131
4040,0.141
4050,0.133
4060,0.129
4070,0.137
4080,0.120
4090,0.130
4100,0.123
4110,0.131
4120,0.134
4130,0.147
4140,0.134
4150,0.131
4160,0.131
4170,0.116
4180,0.100
4190,0.118
4200,0.122
4210,0.104
4220,0.107
4230,0.114
4240,0.111
4250,0.103
4260,0.114
4270,0.106
4280,0.096
4290,0.104
4300,0.106
4310,0.118
4320,0.110
4330,0.091
4340,0.099
4350,0.118
4360,0.111
4370,0.112
4380,0.120
4390,0.115
4400,0.106
4410,0.119
4420,0.112
4430,0.107
4440,0.108
4450,0.131
4460,0.112
4470,0.112
4480,0.108
4490,0.103
4500,0.095
4510,0.116
4520,0.108
4530,0.119
4540,0.112
4550,0.111
4560,0.111
4570,0.116
4580,0.104
4590,0.122
4600,0.108
4610,0.107
4620,0.108
4630,0.107
4640,0.101
4650,0.107
4660,0.101
4670,0.097
4680,0.091
4690,0.101
4700,0.106
4710,0.106
4720,0.110
4730,0.106
4740,0.110
4750,0.107
4760,0.107
4770,0.103
4780,0.111
4790,0.099
4800,0.089
4810,0.088
4820,0.099
4830,0.089
4840,0.103
4850,0.103
4860,0.088
4870,0.081
4880,0.073
4890,0.080
4900,0.074
4910,0.078
4920,0.093
4930,0.089
4940,0.095
4950,0.093
4960,0.097
4970,0.091
4980,0.099
4990,0.084
5000,0.087
5010,0.092
5020,0.088
5030,0.088
5040,0.081
5050,0.085
5060,0.093
5070,0.089
5080,0.088
5090,0.084
5100,0.080
5110,0.085
5120,0.084
5130,0.095
5140,0.091
5150,0.095
5160,0.088
5170,0.088
5180,0.095
5190,0.101
5200,0.097
5210,0.100
5220,0.103
5230,0.097
5240,0.088
5250,0.095
5260,0.083
5270,0.100
5280,0.085
5290,0.093
5300,0.087
5310,0.088
5320,0.085
5330,0.091
5340,0.095
5350,0.099
5360,0.108
5370,0.096
5380,0.084
5390,0.093
5400,0.092
5410,0.099
5420,0.103
5430,0.087
5440,0.085
5450,0.083
5460,0.097
5470,0.095
5480,0.097
5490,0.114
5500,0.112
5510,0.110
5520,0.122
5530,0.116
5540,0.112
5550,0.119
5560,0.115
5570,0.126
5580,0.120
5590,0.118
5600,0.122
5610,0.108
5620,0.119
5630,0.112
5640,0.107
5650,0.114
5660,0.133
5670,0.127
5680,0.100
5690,0.087
5700,0.095
5710,0.083
5720,0.088
5730,0.089
5740,0.088
5750,0.107
5760,0.133
5770,0.100
5780,0.083
5790,0.091
5800,0.092
5810,0.104
5820,0.107
5830,0.111
5840,0.104
5850,0.097
5860,0.103
5870,0.112
5880,0.108
5890,0.104
5900,0.107
5910,0.104
5920,0.110
5930,0.096
5940,0.099
5950,0.097
5960,0.108
5970,0.107
5980,0.104
5990,0.095
6000,0.104
6010,0.083
6020,0.092
6030,0.107
6040,0.103
6050,0.108
6060,0.100
6070,0.103
6080,0.091
6090,0.096
6100,0.103
6110,0.096
6120,0.097
6130,0.099
6140,0.110
6150,0.093
6160,0.107
6170,0.107
6180,0.095
6190,0.119
6200,0.103
6210,0.116
6220,0.116
6230,0.134
6240,0.115
6250,0.103
6260,0.103
6270,0.114
6280,0.112
6290,0.103
6300,0.099
6310,0.095
6320,0.092
6330,0.093
6340,0.097
6350,0.101
6360,0.104
6370,0.103
6380,0.107
6390,0.110
6400,0.120
6410,0.106
6420,0.104
6430,0.112
6440,0.100
6450,0.103
6460,0.111
6470,0.115
6480,0.118
6490,0.126
6500,0.126
6510,0.127
6520,0.126
6530,0.122
6540,0.120
6550,0.122
6560,0.120
6570,0.118
6580,0.120
6590,0.108
6600,0.111
6610,0.122
6620,0.119
6630,0.124
6640,0.122
6650,0.120
6660,0.116
6670,0.127
6680,0.122
6690,0.119
6700,0.118
6710,0.126
6720,0.120
6730,0.124
6740,0.118
6750,0.124
6760,0.115
6770,0.107
6780,0.110
6790,0.116
6800,0.112
6810,0.104
6820,0.101
6830,0.114
6840,0.123
6850,0.118
6860,0.116
6870,0.114
6880,0.106
6890,0.112
6900,0.112
6910,0.095
6920,0.106
6930,0.104
6940,0.106
6950,0.103
6960,0.093
6970,0.106
6980,0.097
6990,0.099
7000,0.107
7010,0.100
7020,0.108
7030,0.107
7040,0.107
7050,0.092
7060,0.095
7070,0.097
7080,0.089
7090,0.096
7100,0.107
7110,0.106
7120,0.108
7130,0.097
7140,0.104
7150,0.107
7160,0.104
7170,0.103
7180,0.107
7190,0.100
7200,0.097
7210,0.104
7220,0.096
7230,0.106
7240,0.108
7250,0.118
7260,0.111
7270,0.116
7280,0.118
7290,0.106
7300,0.104
7310,0.101
7320,0.097
7330,0.101
7340,0.103
7350,0.085
7360,0.103
7370,0.103
7380,0.104
7390,0.111
7400,0.108
7410,0.123
7420,0.119
7430,0.118
7440,0.101
7450,0.107
7460,0.107
7470,0.100
7480,0.112
7490,0.114
7500,0.103
7510,0.116
7520,0.096
7530,0.116
7540,0.106
7550,0.099
7560,0.116
7570,0.116
7580,0.124
7590,0.114
7600,0.123
7610,0.118
7620,0.127
7630,0.118
7640,0.110
7650,0.129
7660,0.119
7670,0.114
7680,0.112
7690,0.104
7700,0.097
7710,0.096
7720,0.127
7730,0.124
7740,0.122
7750,0.120
7760,0.120
7770,0.114
7780,0.114
7790,0.138
7800,0.124
7810,0.124
7820,0.134
7830,0.111
7840,0.118
7850,0.084
7860,0.106
7870,0.104
7880,0.099
7890,0.095
7900,0.104
7910,0.107
7920,0.111
7930,0.103
7940,0.100
7950,0.104
7960,0.099
7970,0.100
7980,0.106
7990,0.100
8000,0.097
8010,0.097
8020,0.093
8030,0.085
8040,0.074
8050,0.076
8060,0.084
8070,0.073
8080,0.085
8090,0.096
8100,0.087
8110,0.092
8120,0.081
8130,0.096
8140,0.096
8150,0.095
8160,0.096
8170,0.108
8180,0.076
8190,0.096
8200,0.103
8210,0.111
8220,0.104
8230,0.111
8240,0.103
8250,0.112
8260,0.116
8270,0.108
8280,0.107
8290,0.110
8300,0.119
8310,0.120
8320,0.110
8330,0.107
8340,0.118
8350,0.115
8360,0.104
8370,0.107
8380,0.104
8390,0.106
8400,0.104
8410,0.099
8420,0.100
8430,0.101
8440,0.095
8450,0.101
8460,0.110
8470,0.116
8480,0.106
8490,0.101
8500,0.095
8510,0.101
8520,0.101
8530,0.104
8540,0.101
8550,0.101
8560,0.119
8570,0.114
8580,0.107
8590,0.108
8600,0.097
8610,0.099
8620,0.103
8630,0.101
8640,0.097
8650,0.099
8660,0.091
8670,0.095
8680,0.095
8690,0.085
8700,0.089
8710,0.088
8720,0.088
8730,0.085
8740,0.078
8750,0.078
8760,0.073
8770,0.080
8780,0.087
8790,0.081
8800,0.085
8810,0.087
8820,0.078
8830,0.087
8840,0.096
8850,0.100
8860,0.089
8870,0.083
8880,0.095
8890,0.091
8900,0.096
8910,0.101
8920,0.097
8930,0.092
8940,0.087
8950,0.087
8960,0.093
8970,0.103
8980,0.106
8990,0.104
9000,0.103
9010,0.093
9020,0.095
9030,0.108
9040,0.118
9050,0.111
9060,0.120
9070,0.108
9080,0.107
9090,0.106
9100,0.108
9110,0.097
9120,0.095
9130,0.104
9140,0.107
9150,0.103
9160,0.106
9170,0.106
9180,0.110
9190,0.097
9200,0.104
9210,0.106
9220,0.093
9230,0.104
9240,0.106
9250,0.100
9260,0.106
9270,0.096
9280,0.100
9290,0.111
9300,0.104
9310,0.101
9320,0.104
9330,0.081
9340,0.088
9350,0.085
9360,0.084
9370,0.107
9380,0.092
9390,0.100
9400,0.097
9410,0.100
9420,0.099
9430,0.097
9440,0.101
9450,0.097
9460,0.101
9470,0.099
9480,0.092
9490,0.097
9500,0.088
9510,0.092
9520,0.095
9530,0.093
9540,0.089
9550,0.081
9560,0.084
9570,0.077
9580,0.087
9590,0.080
9600,0.085
9610,0.099
9620,0.092
9630,0.099
9640,0.087
9650,0.096
9660,0.088
9670,0.092
9680,0.078
9690,0.077
9700,0.088
9710,0.083
9720,0.091
9730,0.087
9740,0.084
9750,0.104
9760,0.116
9770,0.104
9780,0.095
9790,0.097
9800,0.100
9810,0.093
9820,0.095
9830,0.093
9840,0.091
9850,0.080
9860,0.083
9870,0.074
9880,0.078
9890,0.076
9900,0.085
9910,0.085
9920,0.085
9930,0.088
9940,0.096
9950,0.089
9960,0.089
9970,0.093
9980,0.091
9990,0.101
10000,0.092
10010,0.097
10020,0.084
10030,0.093
10040,0.110
10050,0.111
10060,0.101
10070,0.101
10080,0.097
10090,0.106
10100,0.106
10110,0.100
10120,0.110
10130,0.100
10140,0.101
10150,0.095
10160,0.101
10170,0.107
10180,0.095
10190,0.107
10200,0.106
10210,0.097
10220,0.096
10230,0.092
10240,0.104
10250,0.096
10260,0.089
10270,0.101
10280,0.092
10290,0.093
10300,0.095
10310,0.088
10320,0.091
10330,0.085
10340,0.078
10350,0.081
10360,0.089
10370,0.093
10380,0.095
10390,0.092
10400,0.081
10410,0.088
10420,0.074
10430,0.084
10440,0.076
10450,0.080
10460,0.066
10470,0.062
10480,0.085
10490,0.076
10500,0.061
10510,0.068
10520,0.058
10530,0.060
10540,0.062
10550,0.055
10560,0.058
10570,0.046
10580,0.057
10590,0.053
10600,0.050
10610,0.047
10620,0.045
10630,0.042
10640,0.037
10650,0.028
10660,0.022
10670,0.027
10680,0.039
10690,0.026
10700,0.031
10710,0.028
10720,0.032
10730,0.030
10740,0.028
10750,0.035
10760,0.032
10770,0.043
10780,0.031
10790,0.028
10800,0.028
10810,0.031
10820,0.046
10830,0.042
10840,0.037
10850,0.043
10860,0.039
10870,0.032
10880,0.035
10890,0.037
10900,0.034
10910,0.042
10920,0.043
10930,0.034
10940,0.038
10950,0.047
10960,0.034
10970,0.034
10980,0.045
10990,0.049
11000,0.039
11010,0.042
11020,0.034
11030,0.042
11040,0.039
11050,0.043
11060,0.038
11070,0.032
11080,0.034
11090,0.037
11100,0.043
11110,0.047
11120,0.035
11130,0.043
11140,0.039
11150,0.042
11160,0.037
11170,0.042
11180,0.041
11190,0.034
11200,0.034
11210,0.038
11220,0.035
11230,0.041
11240,0.049
11250,0.042
11260,0.043
11270,0.042
11280,0.045
11290,0.038
11300,0.042
11310,0.037
11320,0.049
11330,0.041
11340,0.034
11350,0.038
11360,0.034
11370,0.042
11380,0.042
11390,0.030
11400,0.030
11410,0.032
11420,0.041
11430,0.043
11440,0.045
11450,0.039
11460,0.041
11470,0.042
11480,0.049
11490,0.042
11500,0.039
11510,0.039
11520,0.031
11530,0.041
11540,0.028
11550,0.043
11560,0.045
11570,0.046
11580,0.051
11590,0.042
11600,0.047
11610,0.047
11620,0.045
11630,0.042
11640,0.038
11650,0.034
11660,0.038
11670,0.042
11680,0.037
11690,0.032
11700,0.034
11710,0.028
11720,0.035
11730,0.031
11740,0.034
11750,0.027
11760,0.023
11770,0.023
11780,0.032
11790,0.042
11800,0.039
11810,0.027
11820,0.030
11830,0.031
11840,0.039
11850,0.049
11860,0.050
11870,0.050
11880,0.041
11890,0.035
11900,0.037
11910,0.032
11920,0.034
11930,0.026
11940,0.028
11950,0.034
11960,0.035
11970,0.022
11980,0.024
11990,0.026
12000,0.032
12010,0.027
12020,0.020
12030,0.024
12040,0.028
12050,0.022
12060,0.019
12070,0.016
12080,0.023
12090,0.028
12100,0.020
12110,0.022
12120,0.028
12130,0.026
12140,0.028
12150,0.026
12160,0.026
12170,0.026
12180,0.030
12190,0.034
12200,0.041
12210,0.032
12220,0.035
12230,0.026
12240,0.026
12250,0.026
12260,0.027
12270,0.023
12280,0.020
12290,0.023
12300,0.028
12310,0.031
12320,0.038
12330,0.031
12340,0.026
12350,0.032
12360,0.031
12370,0.042
12380,0.035
12390,0.038
12400,0.032
12410,0.039
12420,0.042
12430,0.031
12440,0.043
12450,0.038
12460,0.039
12470,0.046
12480,0.047
12490,0.041
12500,0.046
12510,0.046
12520,0.055
12530,0.034
12540,0.045
12550,0.041
12560,0.042
12570,0.045
12580,0.054
12590,0.058
12600,0.047
12610,0.054
12620,0.057
12630,0.055
12640,0.049
12650,0.051
12660,0.053
12670,0.043
12680,0.051
12690,0.053
12700,0.054
12710,0.051
12720,0.045
12730,0.038
12740,0.045
12750,0.042
12760,0.038
12770,0.045
12780,0.039
12790,0.043
12800,0.050
12810,0.046
12820,0.047
12830,0.054
12840,0.045
12850,0.053
12860,0.047
12870,0.045
12880,0.047
12890,0.045
12900,0.045
12910,0.030
12920,0.043
12930,0.042
12940,0.050
12950,0.053
12960,0.061
12970,0.055
12980,0.055
12990,0.055
13000,0.053
13010,0.065
13020,0.065
13030,0.070
13040,0.072
13050,0.065
13060,0.064
13070,0.057
13080,0.043
13090,0.051
13100,0.057
13110,0.065
13120,0.061
13130,0.058
13140,0.060
13150,0.064
13160,0.060
13170,0.058
13180,0.061
13190,0.060
13200,0.053
13210,0.050
13220,0.051
13230,0.045
13240,0.054
13250,0.055
13260,0.050
13270,0.053
13280,0.051
13290,0.062
13300,0.060
13310,0.049
13320,0.054
13330,0.057
13340,0.062
13350,0.058
13360,0.053
13370,0.055
13380,0.053
13390,0.051
13400,0.051
13410,0.060
13420,0.065
13430,0.068
13440,0.066
13450,0.068
13460,0.080
13470,0.073
13480,0.077
13490,0.074
13500,0.070
13510,0.062
13520,0.066
13530,0.073
13540,0.078
13550,0.083
13560,0.074
13570,0.070
13580,0.050
13590,0.060
13600,0.051
13610,0.045
13620,0.049
13630,0.058
13640,0.062
13650,0.068
13660,0.072
13670,0.062
13680,0.061
13690,0.055
13700,0.057
13710,0.045
13720,0.045
13730,0.049
13740,0.058
13750,0.057
13760,0.050
13770,0.057
13780,0.055
13790,0.050
13800,0.050
13810,0.055
13820,0.055
13830,0.060
13840,0.057
13850,0.060
13860,0.050
13870,0.050
13880,0.042
13890,0.045
13900,0.041
13910,0.045
13920,0.053
13930,0.049
13940,0.054
13950,0.042
13960,0.047
13970,0.045
13980,0.050
13990,0.060
14000,0.055
14010,0.050
14020,0.042
14030,0.050
14040,0.053
14050,0.042
14060,0.049
14070,0.054
14080,0.051
14090,0.045
14100,0.053
14110,0.046
14120,0.057
14130,0.045
14140,0.043
14150,0.039
14160,0.035
14170,0.037
14180,0.039
14190,0.050
14200,0.051
14210,0.053
14220,0.055
14230,0.045
14240,0.054
14250,0.053
14260,0.041
14270,0.035
14280,0.039
14290,0.039
14300,0.035
14310,0.037
14320,0.037
14330,0.042
14340,0.043
14350,0.045
14360,0.045
14370,0.043
14380,0.049
14390,0.049
14400,0.042
14410,0.039
14420,0.037
14430,0.041
14440,0.032
14450,0.045
14460,0.041
14470,0.041
14480,0.050
14490,0.043
14500,0.053
14510,0.054
14520,0.054
14530,0.050
14540,0.062
14550,0.058
14560,0.055
14570,0.049
14580,0.049
14590,0.064
14600,0.057
14610,0.057
14620,0.066
14630,0.065
14640,0.069
14650,0.064
14660,0.061
14670,0.055
14680,0.069
14690,0.068
14700,0.054
14710,0.057
14720,0.061
14730,0.049
14740,0.064
14750,0.053
14760,0.062
14770,0.068
14780,0.076
14790,0.073
14800,0.068
14810,0.064
14820,0.051
14830,0.055
14840,0.065
14850,0.072
14860,0.065
14870,0.054
14880,0.047
14890,0.054
14900,0.050
14910,0.058
14920,0.055
14930,0.058
14940,0.046
14950,0.041
14960,0.051
14970,0.050
14980,0.055
14990,0.055
15000,0.047
15010,0.051
15020,0.049
15030,0.049
15040,0.050
15050,0.047
15060,0.046
15070,0.065
15080,0.057
15090,0.054
15100,0.061
15110,0.055
15120,0.039
15130,0.042
15140,0.049
15150,0.050
15160,0.046
15170,0.046
15180,0.050
15190,0.047
15200,0.057
15210,0.049
15220,0.049
15230,0.058
15240,0.060
15250,0.061
15260,0.061
15270,0.066
15280,0.062
15290,0.062
15300,0.058
15310,0.065
15320,0.049
15330,0.053
15340,0.043
15350,0.051
15360,0.053
15370,0.041
15380,0.047
15390,0.055
15400,0.058
15410,0.062
15420,0.066
15430,0.054
15440,0.058
15450,0.057
15460,0.062
15470,0.070
15480,0.057
15490,0.060
15500,0.055
15510,0.055
15520,0.060
15530,0.062
15540,0.055
15550,0.057
15560,0.068
15570,0.053
15580,0.058
15590,0.057
15600,0.062
15610,0.058
15620,0.055
15630,0.058
15640,0.057
15650,0.051
15660,0.061
15670,0.051
15680,0.057
15690,0.070
15700,0.066
15710,0.049
15720,0.058
15730,0.047
15740,0.049
15750,0.046
15760,0.047
15770,0.047
15780,0.045
15790,0.051
15800,0.045
15810,0.054
15820,0.053
15830,0.051
15840,0.047
15850,0.046
15860,0.047
15870,0.038
15880,0.043
15890,0.045
15900,0.045
15910,0.047
15920,0.037
15930,0.034
15940,0.039
15950,0.039
15960,0.047
15970,0.035
15980,0.039
15990,0.045
16000,0.038
16010,0.039
16020,0.045
16030,0.041
16040,0.030
16050,0.035
16060,0.038
16070,0.038
16080,0.028
16090,0.030
16100,0.030
16110,0.030
16120,0.026
16130,0.028
16140,0.030
16150,0.030
16160,0.024
16170,0.039
16180,0.038
16190,0.034
16200,0.020
16210,0.030
16220,0.032
16230,0.022
16240,0.020
16250,0.018
16260,0.030
16270,0.024
16280,0.028
16290,0.028
16300,0.035
16310,0.027
16320,0.030
16330,0.024
16340,0.016
16350,0.023
16360,0.022
16370,0.023
16380,0.015
16390,0.023
16400,0.026
16410,0.026
16420,0.027
16430,0.022
16440,0.026
16450,0.030
16460,0.030
16470,0.031
16480,0.035
16490,0.039
16500,0.027
16510,0.031
16520,0.030
16530,0.026
16540,0.020
16550,0.020
16560,0.023
16570,0.020
16580,0.016
16590,0.018
16600,0.023
16610,0.023
16620,0.024
16630,0.019
16640,0.030
16650,0.030
16660,0.018
16670,0.024
16680,0.030
16690,0.031
16700,0.022
16710,0.022
16720,0.027
16730,0.023
16740,0.028
16750,0.022
16760,0.022
16770,0.018
16780,0.016
16790,0.024
16800,0.038
16810,0.026
16820,0.023
16830,0.028
16840,0.031
16850,0.031
16860,0.039
16870,0.027
16880,0.027
16890,0.030
16900,0.042
16910,0.039
16920,0.039
16930,0.039
16940,0.035
16950,0.026
16960,0.032
16970,0.028
16980,0.019
16990,0.015
17000,0.019
17010,0.016
17020,0.028
17030,0.034
17040,0.028
17050,0.028
17060,0.037
17070,0.035
17080,0.032
17090,0.037
17100,0.031
17110,0.030
17120,0.026
17130,0.027
17140,0.023
17150,0.022
17160,0.027
17170,0.028
17180,0.019
17190,0.031
17200,0.027
17210,0.035
17220,0.037
17230,0.038
17240,0.038
17250,0.032
17260,0.038
17270,0.037
17280,0.038
17290,0.037
17300,0.041
17310,0.031
17320,0.030
17330,0.030
17340,0.032
17350,0.039
17360,0.035
17370,0.030
17380,0.030
17390,0.035
17400,0.037
17410,0.042
17420,0.035
17430,0.038
17440,0.041
17450,0.038
17460,0.043
17470,0.042
17480,0.055
17490,0.042
17500,0.045
17510,0.046
17520,0.035
17530,0.030
17540,0.039
17550,0.041
17560,0.039
17570,0.034
17580,0.037
17590,0.037
17600,0.032
17610,0.034
17620,0.030
17630,0.028
17640,0.024
17650,0.035
17660,0.045
17670,0.035
17680,0.034
17690,0.035
17700,0.034
17710,0.034
17720,0.028
17730,0.035
17740,0.031
17750,0.031
17760,0.032
17770,0.028
17780,0.041
17790,0.042
17800,0.024
17810,0.026
17820,0.027
17830,0.032
17840,0.038
17850,0.043
17860,0.046
17870,0.038
17880,0.031
17890,0.034
17900,0.037
17910,0.034
17920,0.037
17930,0.042
17940,0.043
17950,0.037
17960,0.030
17970,0.030
17980,0.027
17990,0.032
18000,0.024
18010,0.030
18020,0.032
18030,0.032
18040,0.031
18050,0.032
18060,0.034
18070,0.038
18080,0.035
18090,0.026
18100,0.031
18110,0.028
18120,0.024
18130,0.030
18140,0.038
18150,0.030
18160,0.023
18170,0.026
18180,0.027
18190,0.037
18200,0.019
18210,0.026
18220,0.032
18230,0.028
18240,0.037
18250,0.024
18260,0.028
18270,0.028
18280,0.032
18290,0.038
18300,0.035
18310,0.034
18320,0.031
18330,0.037
18340,0.024
18350,0.024
18360,0.023
18370,0.023
18380,0.026
18390,0.032
18400,0.032
18410,0.031
18420,0.026
18430,0.027
18440,0.038
18450,0.031
18460,0.038
18470,0.038
18480,0.045
18490,0.035
18500,0.042
18510,0.045
18520,0.039
18530,0.034
18540,0.037
18550,0.037
18560,0.034
18570,0.041
18580,0.031
18590,0.034
18600,0.032
18610,0.024
18620,0.016
18630,0.023
18640,0.024
18650,0.030
18660,0.038
18670,0.034
18680,0.039
18690,0.045
18700,0.038
18710,0.031
18720,0.042
18730,0.042
18740,0.047
18750,0.034
18760,0.031
18770,0.027
18780,0.022
18790,0.027
18800,0.028
18810,0.027
18820,0.024
18830,0.032
18840,0.022
18850,0.028
18860,0.030
18870,0.034
18880,0.028
18890,0.023
18900,0.019
18910,0.019
18920,0.018
18930,0.031
18940,0.026
18950,0.027
18960,0.031
18970,0.026
18980,0.023
18990,0.027
19000,0.028
19010,0.028
19020,0.032
19030,0.023
19040,0.026
19050,0.035
19060,0.030
19070,0.024
19080,0.028
19090,0.032
19100,0.035
19110,0.039
19120,0.035
19130,0.037
19140,0.027
19150,0.030
19160,0.041
19170,0.032
19180,0.030
19190,0.030
19200,0.031
19210,0.024
19220,0.031
19230,0.035
19240,0.038
19250,0.027
19260,0.027
19270,0.027
19280,0.027
19290,0.028
19300,0.037
19310,0.031
19320,0.037
19330,0.030
19340,0.032
19350,0.032
19360,0.026
19370,0.026
19380,0.027
19390,0.026
19400,0.022
19410,0.015
19420,0.018
19430,0.015
19440,0.020
19450,0.030
19460,0.034
19470,0.032
19480,0.034
19490,0.031
19500,0.032
19510,0.041
19520,0.034
19530,0.027
19540,0.031
19550,0.027
19560,0.026
19570,0.030
19580,0.027
19590,0.024
19600,0.024
19610,0.024
19620,0.030
19630,0.034
19640,0.028
19650,0.028
19660,0.037
19670,0.032
19680,0.028
19690,0.035
19700,0.035
19710,0.034
19720,0.027
19730,0.027
19740,0.026
19750,0.031
19760,0.030
19770,0.032
19780,0.032
19790,0.023
19800,0.026
19810,0.031
19820,0.035
19830,0.030
19840,0.023
19850,0.023
19860,0.028
19870,0.028
19880,0.020
19890,0.026
19900,0.022
19910,0.024
19920,0.027
19930,0.034
19940,0.034
19950,0.031
19960,0.026
19970,0.034
19980,0.026
19990,0.020
20000,0.023
