# time, fQ
0,0.689
10,0.543
20,0.533
30,0.488
40,0.524
50,0.528
60,0.520
70,0.502
80,0.502
90,0.488
100,0.484
110,0.493
120,0.456
130,0.456
140,0.449
150,0.461
160,0.451
170,0.434
180,0.436
190,0.465
200,0.440
210,0.418
220,0.432
230,0.414
240,0.430
250,0.433
260,0.410
270,0.413
280,0.411
290,0.402
300,0.401
310,0.417
320,0.413
330,0.379
340,0.380
350,0.395
360,0.391
370,0.367
380,0.376
390,0.383
400,0.378
410,0.365
420,0.365
430,0.371
440,0.363
450,0.371
460,0.356
470,0.383
480,0.383
490,0.368
500,0.348
510,0.349
520,0.326
530,0.340
540,0.337
550,0.334
560,0.346
570,0.332
580,0.363
590,0.341
600,0.360
610,0.333
620,0.318
630,0.332
640,0.318
650,0.300
660,0.309
670,0.309
680,0.295
690,0.290
700,0.307
710,0.288
720,0.290
730,0.294
740,0.279
750,0.268
760,0.264
770,0.250
780,0.277
790,0.280
800,0.276
810,0.286
820,0.290
830,0.311
840,0.290
850,0.281
860,0.283
870,0.269
880,0.240
890,0.257
900,0.267
910,0.271
920,0.257
930,0.249
940,0.261
950,0.246
960,0.256
970,0.272
980,0.265
990,0.279
1000,0.277
1010,0.281
1020,0.290
1030,0.280
1040,0.292
1050,0.283
1060,0.291
1070,0.295
1080,0.288
1090,0.300
1100,0.310
1110,0.307
1120,0.288
1130,0.290
1140,0.295
1150,0.304
1160,0.267
1170,0.279
1180,0.273
1190,0.265
1200,0.269
1210,0.265
1220,0.265
1230,0.261
1240,0.258
1250,0.268
1260,0.271
1270,0.260
1280,0.264
1290,0.281
1300,0.264
1310,0.248
1320,0.249
1330,0.263
1340,0.256
1350,0.272
1360,0.256
1370,0.261
1380,0.276
1390,0.267
1400,0.249
1410,0.258
1420,0.252
1430,0.267
1440,0.246
1450,0.252
1460,0.264
1470,0.260
1480,0.265
1490,0.257
1500,0.268
1510,0.263
1520,0.267
1530,0.269
1540,0.258
1550,0.248
1560,0.252
1570,0.244
1580,0.250
1590,0.254
1600,0.248
1610,0.238
1620,0.233
1630,0.249
1640,0.241
1650,0.240
1660,0.233
1670,0.241
1680,0.241
1690,0.221
1700,0.221
1710,0.227
1720,0.237
1730,0.249
1740,0.234
1750,0.235
1760,0.263
1770,0.244
1780,0.250
1790,0.248
1800,0.253
1810,0.241
1820,0.235
1830,0.245
1840,0.249
1850,0.244
1860,0.234
1870,0.238
1880,0.252
1890,0.235
1900,0.241
1910,0.229
1920,0.221
1930,0.208
1940,0.237
1950,0.231
1960,0.235
1970,0.223
1980,0.221
1990,0.230
2000,0.226
2010,0.212
2020,0.208
2030,0.230
2040,0.223
2050,0.222
2060,0.214
2070,0.222
2080,0.233
2090,0.208
2100,0.215
2110,0.217
2120,0.235
2130,0.230
2140,0.217
2150,0.219
2160,0.226
2170,0.225
2180,0.235
2190,0.230
2200,0.231
2210,0.233
2220,0.214
2230,0.217
2240,0.214
2250,0.215
2260,0.210
2270,0.204
2280,0.215
2290,0.203
2300,0.210
2310,0.200
2320,0.208
2330,0.200
2340,0.198
2350,0.185
2360,0.194
2370,0.196
2380,0.206
2390,0.187
2400,0.196
2410,0.212
2420,0.194
2430,0.212
2440,0.211
2450,0.210
2460,0.189
2470,0.204
2480,0.206
2490,0.203
2500,0.204
2510,0.210
2520,0.212
2530,0.210
2540,0.212
2550,0.223
2560,0.210
2570,0.200
2580,0.206
2590,0.211
2600,0.199
2610,0.200
2620,0.214
2630,0.185
2640,0.195
2650,0.194
2660,0.203
2670,0.191
2680,0.196
2690,0.171
2700,0.175
2710,0.189
2720,0.173
2730,0.185
2740,0.173
2750,0.198
2760,0.203
2770,0.214
2780,0.188
2790,0.191
2800,0.195
2810,0.207
2820,0.200
2830,0.195
2840,0.206
2850,0.195
2860,0.198
2870,0.194
2880,0.203
2890,0.195
2900,0.204
2910,0.192
2920,0.192
2930,0.181
2940,0.185
2950,0.176
2960,0.181
2970,0.203
2980,0.189
2990,0.192
3000,0.189
3010,0.195
3020,0.196
3030,0.195
3040,0.202
3050,0.207
3060,0.204
3070,0.210
3080,0.202
3090,0.202
3100,0.199
3110,0.207
3120,0.207
3130,0.212
3140,0.200
3150,0.192
3160,0.189
3170,0.192
3180,0.181
3190,0.185
3200,0.195
3210,0.200
3220,0.206
3230,0.203
3240,0.196
3250,0.192
3260,0.187
3270,0.184
3280,0.199
3290,0.199
3300,0.207
3310,0.203
3320,0.195
3330,0.194
3340,0.198
3350,0.196
3360,0.203
3370,0.203
3380,0.206
3390,0.207
3400,0.203
3410,0.200
3420,0.215
3430,0.207
3440,0.208
3450,0.204
3460,0.194
3470,0.204
3480,0.200
3490,0.191
3500,0.192
3510,0.200
3520,0.202
3530,0.207
3540,0.196
3550,0.189
3560,0.194
3570,0.187
3580,0.185
3590,0.221
3600,0.208
3610,0.215
3620,0.215
3630,0.214
3640,0.208
3650,0.207
3660,0.207
3670,0.219
3680,0.202
3690,0.217
3700,0.208
3710,0.198
3720,0.195
3730,0.179
3740,0.187
3750,0.160
3760,0.187
3770,0.189
3780,0.204
3790,0.172
3800,0.172
3810,0.165
3820,0.165
3830,0.166
3840,0.168
3850,0.168
3860,0.183
3870,0.171
3880,0.165
3890,0.175
3900,0.185
3910,0.194
3920,0.187
3930,0.179
3940,0.172
3950,0.161
3960,0.154
3970,0.153
3980,0.152
3990,0.156
4000,0.176
4010,0.158
4020,0.168
4030,0.169
4040,0.179
4050,0.164
4060,0.165
4070,0.171
4080,0.161
4090,0.161
4100,0.160
4110,0.165
4120,0.165
4130,0.172
4140,0.166
4150,0.180
4160,0.175
4170,0.179
4180,0.175
4190,0.194
4200,0.160
4210,0.166
4220,0.165
4230,0.156
4240,0.165
4250,0.164
4260,0.153
4270,0.166
4280,0.181
4290,0.183
4300,0.169
4310,0.176
4320,0.180
4330,0.184
4340,0.183
4350,0.165
4360,0.158
4370,0.169
4380,0.172
4390,0.175
4400,0.179
4410,0.177
4420,0.215
4430,0.194
4440,0.192
4450,0.202
4460,0.199
4470,0.187
4480,0.187
4490,0.185
4500,0.187
4510,0.185
4520,0.179
4530,0.187
4540,0.184
4550,0.180
4560,0.191
4570,0.192
4580,0.189
4590,0.202
4600,0.204
4610,0.191
4620,0.183
4630,0.202
4640,0.188
4650,0.199
4660,0.204
4670,0.198
4680,0.199
4690,0.207
4700,0.202
4710,0.218
4720,0.212
4730,0.206
4740,0.214
4750,0.203
4760,0.211
4770,0.217
4780,0.203
4790,0.208
4800,0.207
4810,0.195
4820,0.194
4830,0.199
4840,0.194
4850,0.214
4860,0.217
4870,0.196
4880,0.208
4890,0.207
4900,0.204
4910,0.196
4920,0.221
4930,0.188
4940,0.202
4950,0.202
4960,0.208
4970,0.200
4980,0.208
4990,0.207
5000,0.233
5010,0.212
5020,0.217
5030,0.214
5040,0.212
5050,0.214
5060,0.218
5070,0.212
5080,0.226
5090,0.226
5100,0.226
5110,0.215
5120,0.227
5130,0.210
5140,0.208
5150,0.218
5160,0.215
5170,0.218
5180,0.230
5190,0.207
5200,0.196
5210,0.194
5220,0.188
5230,0.175
5240,0.194
5250,0.203
5260,0.233
5270,0.214
5280,0.217
5290,0.221
5300,0.212
5310,0.208
5320,0.204
5330,0.218
5340,0.210
5350,0.202
5360,0.208
5370,0.222
5380,0.219
5390,0.226
5400,0.223
5410,0.223
5420,0.218
5430,0.217
5440,0.204
5450,0.218
5460,0.211
5470,0.212
5480,0.207
5490,0.202
5500,0.189
5510,0.179
5520,0.181
5530,0.192
5540,0.180
5550,0.183
5560,0.187
5570,0.191
5580,0.195
5590,0.194
5600,0.192
5610,0.189
5620,0.195
5630,0.196
5640,0.184
5650,0.192
5660,0.187
5670,0.184
5680,0.180
5690,0.187
5700,0.181
5710,0.188
5720,0.172
5730,0.180
5740,0.180
5750,0.180
5760,0.158
5770,0.166
5780,0.153
5790,0.161
5800,0.133
5810,0.142
5820,0.164
5830,0.156
5840,0.162
5850,0.154
5860,0.157
5870,0.145
5880,0.160
5890,0.154
5900,0.149
5910,0.160
5920,0.153
5930,0.161
5940,0.152
5950,0.169
5960,0.161
5970,0.162
5980,0.152
5990,0.135
6000,0.146
6010,0.157
6020,0.158
6030,0.154
6040,0.156
6050,0.145
6060,0.147
6070,0.150
6080,0.166
6090,0.168
6100,0.166
6110,0.153
6120,0.160
6130,0.146
6140,0.142
6150,0.154
6160,0.145
6170,0.156
6180,0.145
6190,0.143
6200,0.141
6210,0.154
6220,0.171
6230,0.157
6240,0.139
6250,0.164
6260,0.154
6270,0.156
6280,0.153
6290,0.142
6300,0.141
6310,0.138
6320,0.134
6330,0.141
6340,0.149
6350,0.141
6360,0.156
6370,0.152
6380,0.157
6390,0.158
6400,0.169
6410,0.158
6420,0.162
6430,0.143
6440,0.161
6450,0.158
6460,0.168
6470,0.162
6480,0.158
6490,0.161
6500,0.161
6510,0.180
6520,0.181
6530,0.173
6540,0.179
6550,0.187
6560,0.180
6570,0.198
6580,0.187
6590,0.177
6600,0.187
6610,0.177
6620,0.177
6630,0.177
6640,0.175
6650,0.175
6660,0.175
6670,0.161
6680,0.172
6690,0.179
6700,0.177
6710,0.173
6720,0.168
6730,0.169
6740,0.168
6750,0.176
6760,0.181
6770,0.158
6780,0.152
6790,0.166
6800,0.173
6810,0.171
6820,0.185
6830,0.175
6840,0.177
6850,0.160
6860,0.158
6870,0.156
6880,0.179
6890,0.183
6900,0.177
6910,0.180
6920,0.173
6930,0.171
6940,0.173
6950,0.158
6960,0.154
6970,0.162
6980,0.171
6990,0.157
7000,0.168
7010,0.173
7020,0.172
7030,0.176
7040,0.175
7050,0.180
7060,0.183
7070,0.173
7080,0.183
7090,0.181
7100,0.169
7110,0.161
7120,0.154
7130,0.156
7140,0.162
7150,0.176
7160,0.175
7170,0.169
7180,0.179
7190,0.175
7200,0.168
7210,0.173
7220,0.169
7230,0.180
7240,0.183
7250,0.179
7260,0.166
7270,0.175
7280,0.161
7290,0.161
7300,0.172
7310,0.165
7320,0.184
7330,0.168
7340,0.172
7350,0.179
7360,0.161
7370,0.169
7380,0.141
7390,0.152
7400,0.141
7410,0.156
7420,0.157
7430,0.162
7440,0.161
7450,0.154
7460,0.164
7470,0.168
7480,0.164
7490,0.164
7500,0.153
7510,0.160
7520,0.166
7530,0.158
7540,0.150
7550,0.147
7560,0.137
7570,0.135
7580,0.141
7590,0.149
7600,0.139
7610,0.139
7620,0.149
7630,0.150
7640,0.157
7650,0.150
7660,0.152
7670,0.126
7680,0.130
7690,0.134
7700,0.137
7710,0.137
7720,0.124
7730,0.124
7740,0.118
7750,0.129
7760,0.114
7770,0.138
7780,0.137
7790,0.135
7800,0.133
7810,0.131
7820,0.129
7830,0.127
7840,0.111
7850,0.127
7860,0.127
7870,0.131
7880,0.115
7890,0.133
7900,0.124
7910,0.127
7920,0.111
7930,0.129
7940,0.120
7950,0.110
7960,0.123
7970,0.124
7980,0.123
7990,0.126
8000,0.112
8010,0.126
8020,0.138
8030,0.123
8040,0.134
8050,0.141
8060,0.127
8070,0.137
8080,0.135
8090,0.129
8100,0.135
8110,0.116
8120,0.112
8130,0.118
8140,0.110
8150,0.141
8160,0.115
8170,0.119
8180,0.124
8190,0.127
8200,0.130
8210,0.133
8220,0.153
8230,0.134
8240,0.146
8250,0.142
8260,0.145
8270,0.150
8280,0.142
8290,0.153
8300,0.146
8310,0.153
8320,0.143
8330,0.133
8340,0.135
8350,0.138
8360,0.143
8370,0.153
8380,0.138
8390,0.146
8400,0.154
8410,0.153
8420,0.149
8430,0.150
8440,0.150
8450,0.153
8460,0.139
8470,0.135
8480,0.141
8490,0.131
8500,0.134
8510,0.127
8520,0.130
8530,0.123
8540,0.116
8550,0.122
8560,0.111
8570,0.124
8580,0.124
8590,0.137
8600,0.133
8610,0.119
8620,0.119
8630,0.135
8640,0.134
8650,0.133
8660,0.137
8670,0.141
8680,0.133
8690,0.131
8700,0.135
8710,0.131
8720,0.134
8730,0.139
8740,0.141
8750,0.133
8760,0.126
8770,0.126
8780,0.119
8790,0.112
8800,0.116
8810,0.114
8820,0.108
8830,0.126
8840,0.114
8850,0.110
8860,0.097
8870,0.114
8880,0.119
8890,0.122
8900,0.112
8910,0.104
8920,0.114
8930,0.119
8940,0.119
8950,0.112
8960,0.126
8970,0.118
8980,0.112
8990,0.119
9000,0.119
9010,0.131
9020,0.126
9030,0.114
9040,0.114
9050,0.106
9060,0.116
9070,0.103
9080,0.114
9090,0.124
9100,0.123
9110,0.126
9120,0.127
9130,0.120
9140,0.123
9150,0.120
9160,0.110
9170,0.118
9180,0.119
9190,0.130
9200,0.119
9210,0.120
9220,0.118
9230,0.110
9240,0.119
9250,0.116
9260,0.120
9270,0.124
9280,0.119
9290,0.126
9300,0.116
9310,0.122
9320,0.111
9330,0.123
9340,0.120
9350,0.127
9360,0.124
9370,0.120
9380,0.123
9390,0.131
9400,0.129
9410,0.130
9420,0.127
9430,0.129
9440,0.133
9450,0.126
9460,0.138
9470,0.131
9480,0.129
9490,0.120
9500,0.123
9510,0.122
9520,0.118
9530,0.127
9540,0.124
9550,0.122
9560,0.133
9570,0.130
9580,0.131
9590,0.120
9600,0.127
9610,0.127
9620,0.129
9630,0.122
9640,0.129
9650,0.138
9660,0.138
9670,0.153
9680,0.146
9690,0.143
9700,0.152
9710,0.158
9720,0.138
9730,0.160
9740,0.141
9750,0.139
9760,0.133
9770,0.129
9780,0.131
9790,0.142
9800,0.150
9810,0.122
9820,0.133
9830,0.122
9840,0.126
9850,0.133
9860,0.124
9870,0.127
9880,0.112
9890,0.119
9900,0.119
9910,0.112
9920,0.122
9930,0.123
9940,0.116
9950,0.122
9960,0.112
9970,0.124
9980,0.122
9990,0.133
10000,0.118
10010,0.111
10020,0.120
10030,0.127
10040,0.134
10050,0.124
10060,0.129
10070,0.143
10080,0.138
10090,0.134
10100,0.131
10110,0.119
10120,0.120
10130,0.123
10140,0.124
10150,0.120
10160,0.123
10170,0.122
10180,0.123
10190,0.115
10200,0.130
10210,0.137
10220,0.137
10230,0.133
10240,0.135
10250,0.126
10260,0.137
10270,0.134
10280,0.131
10290,0.124
10300,0.114
10310,0.122
10320,0.118
10330,0.122
10340,0.108
10350,0.104
10360,0.120
10370,0.112
10380,0.123
10390,0.114
10400,0.107
10410,0.106
10420,0.119
10430,0.111
10440,0.118
10450,0.107
10460,0.108
10470,0.103
10480,0.103
10490,0.103
10500,0.110
10510,0.103
10520,0.088
10530,0.088
10540,0.088
10550,0.088
10560,0.084
10570,0.080
10580,0.084
10590,0.081
10600,0.084
10610,0.073
10620,0.084
10630,0.087
10640,0.085
10650,0.085
10660,0.084
10670,0.078
10680,0.078
10690,0.085
10700,0.083
10710,0.072
10720,0.084
10730,0.073
10740,0.077
10750,0.076
10760,0.074
10770,0.083
10780,0.072
10790,0.083
10800,0.095
10810,0.093
10820,0.095
10830,0.084
10840,0.101
10850,0.097
10860,0.103
10870,0.091
10880,0.092
10890,0.096
10900,0.089
10910,0.100
10920,0.091
10930,0.095
10940,0.084
10950,0.083
10960,0.100
10970,0.092
10980,0.081
10990,0.093
11000,0.087
11010,0.080
11020,0.101
11030,0.103
11040,0.103
11050,0.104
11060,0.101
11070,0.101
11080,0.100
11090,0.093
11100,0.096
11110,0.093
11120,0.083
11130,0.096
11140,0.092
11150,0.083
11160,0.097
11170,0.085
11180,0.095
11190,0.091
11200,0.084
11210,0.092
11220,0.084
11230,0.091
11240,0.096
11250,0.092
11260,0.084
11270,0.083
11280,0.088
11290,0.084
11300,0.100
11310,0.089
11320,0.092
11330,0.100
11340,0.101
11350,0.099
11360,0.114
11370,0.100
11380,0.089
11390,0.095
11400,0.096
11410,0.101
11420,0.099
11430,0.087
11440,0.085
11450,0.093
11460,0.095
11470,0.081
11480,0.085
11490,0.083
11500,0.092
11510,0.083
11520,0.088
11530,0.080
11540,0.080
11550,0.083
11560,0.076
11570,0.083
11580,0.072
11590,0.064
11600,0.070
11610,0.085
11620,0.080
11630,0.081
11640,0.070
11650,0.072
11660,0.062
11670,0.062
11680,0.073
11690,0.068
11700,0.068
11710,0.068
11720,0.069
11730,0.065
11740,0.065
11750,0.050
11760,0.054
11770,0.060
11780,0.060
11790,0.057
11800,0.047
11810,0.051
11820,0.047
11830,0.046
11840,0.046
11850,0.037
11860,0.046
11870,0.049
11880,0.057
11890,0.047
11900,0.041
11910,0.047
11920,0.041
11930,0.039
11940,0.042
11950,0.039
11960,0.045
11970,0.043
11980,0.043
11990,0.043
12000,0.039
12010,0.047
12020,0.051
12030,0.054
12040,0.039
12050,0.050
12060,0.045
12070,0.055
12080,0.049
12090,0.046
12100,0.049
12110,0.051
12120,0.051
12130,0.047
12140,0.050
12150,0.051
12160,0.050
12170,0.050
12180,0.038
12190,0.041
12200,0.034
12210,0.042
12220,0.045
12230,0.035
12240,0.043
12250,0.043
12260,0.037
12270,0.046
12280,0.045
12290,0.042
12300,0.046
12310,0.043
12320,0.051
12330,0.045
12340,0.042
12350,0.050
12360,0.051
12370,0.050
12380,0.051
12390,0.051
12400,0.049
12410,0.050
12420,0.049
12430,0.049
12440,0.046
12450,0.041
12460,0.037
12470,0.034
12480,0.039
12490,0.046
12500,0.049
12510,0.050
12520,0.047
12530,0.053
12540,0.053
12550,0.051
12560,0.051
12570,0.054
12580,0.055
12590,0.058
12600,0.062
12610,0.049
12620,0.041
12630,0.045
12640,0.057
12650,0.053
12660,0.042
12670,0.051
12680,0.050
12690,0.051
12700,0.061
12710,0.045
12720,0.050
12730,0.046
12740,0.042
12750,0.050
12760,0.043
12770,0.058
12780,0.053
12790,0.037
12800,0.043
12810,0.042
12820,0.042
12830,0.043
12840,0.037
12850,0.039
12860,0.037
12870,0.035
12880,0.038
12890,0.045
12900,0.041
12910,0.034
12920,0.034
12930,0.035
12940,0.035
12950,0.026
12960,0.037
12970,0.042
12980,0.042
12990,0.034
13000,0.028
13010,0.032
13020,0.031
13030,0.034
13040,0.028
13050,0.031
13060,0.028
13070,0.028
13080,0.032
13090,0.034
13100,0.034
13110,0.030
13120,0.032
13130,0.024
13140,0.024
13150,0.028
13160,0.030
13170,0.035
13180,0.035
13190,0.039
13200,0.032
13210,0.039
13220,0.042
13230,0.051
13240,0.049
13250,0.058
13260,0.050
13270,0.053
13280,0.053
13290,0.061
13300,0.058
13310,0.053
13320,0.050
13330,0.046
13340,0.062
13350,0.054
13360,0.055
13370,0.061
13380,0.054
13390,0.053
13400,0.054
13410,0.053
13420,0.055
13430,0.045
13440,0.062
13450,0.055
13460,0.042
13470,0.042
13480,0.038
13490,0.035
13500,0.026
13510,0.026
13520,0.028
13530,0.037
13540,0.035
13550,0.035
13560,0.032
13570,0.027
13580,0.032
13590,0.034
13600,0.032
13610,0.032
13620,0.043
13630,0.037
13640,0.031
13650,0.026
13660,0.023
13670,0.022
13680,0.026
13690,0.026
13700,0.027
13710,0.032
13720,0.022
13730,0.024
13740,0.026
13750,0.026
13760,0.024
13770,0.028
13780,0.020
13790,0.026
13800,0.024
13810,0.026
13820,0.024
13830,0.028
13840,0.030
13850,0.028
13860,0.030
13870,0.026
13880,0.028
13890,0.027
13900,0.028
13910,0.023
13920,0.023
13930,0.022
13940,0.024
13950,0.022
13960,0.020
13970,0.032
13980,0.035
13990,0.030
14000,0.030
14010,0.024
14020,0.026
14030,0.041
14040,0.028
14050,0.028
14060,0.024
14070,0.028
14080,0.031
14090,0.028
14100,0.031
14110,0.027
14120,0.027
14130,0.027
14140,0.023
14150,0.023
14160,0.027
14170,0.038
14180,0.043
14190,0.034
14200,0.042
14210,0.039
14220,0.041
14230,0.038
14240,0.035
14250,0.037
14260,0.035
14270,0.035
14280,0.041
14290,0.034
14300,0.035
14310,0.035
14320,0.028
14330,0.031
14340,0.035
14350,0.028
14360,0.037
14370,0.027
14380,0.035
14390,0.035
14400,0.042
14410,0.037
14420,0.060
14430,0.039
14440,0.042
14450,0.050
14460,0.046
14470,0.047
14480,0.039
14490,0.032
14500,0.038
14510,0.043
14520,0.030
14530,0.032
14540,0.043
14550,0.034
14560,0.045
14570,0.049
14580,0.045
14590,0.045
14600,0.061
14610,0.049
14620,0.046
14630,0.047
14640,0.039
14650,0.045
14660,0.053
14670,0.047
14680,0.046
14690,0.047
14700,0.043
14710,0.054
14720,0.049
14730,0.055
14740,0.046
14750,0.053
14760,0.046
14770,0.061
14780,0.047
14790,0.053
14800,0.049
14810,0.055
14820,0.038
14830,0.034
14840,0.050
14850,0.043
14860,0.053
14870,0.047
14880,0.039
14890,0.045
14900,0.039
14910,0.054
14920,0.053
14930,0.055
14940,0.042
14950,0.045
14960,0.028
14970,0.034
14980,0.042
14990,0.043
15000,0.049
15010,0.047
15020,0.049
15030,0.046
15040,0.053
15050,0.066
15060,0.060
15070,0.047
15080,0.051
15090,0.054
15100,0.049
15110,0.065
15120,0.057
15130,0.057
15140,0.055
15150,0.053
15160,0.053
15170,0.037
15180,0.035
15190,0.028
15200,0.039
15210,0.037
15220,0.030
15230,0.030
15240,0.027
15250,0.034
15260,0.039
15270,0.034
15280,0.030
15290,0.043
15300,0.032
15310,0.032
15320,0.037
15330,0.037
15340,0.038
15350,0.041
15360,0.042
15370,0.035
15380,0.027
15390,0.023
15400,0.026
15410,0.034
15420,0.035
15430,0.028
15440,0.030
15450,0.031
15460,0.028
15470,0.030
15480,0.039
15490,0.026
15500,0.032
15510,0.028
15520,0.031
15530,0.035
15540,0.032
15550,0.031
15560,0.032
15570,0.024
15580,0.035
15590,0.028
15600,0.032
15610,0.035
15620,0.032
15630,0.031
15640,0.037
15650,0.027
15660,0.031
15670,0.027
15680,0.030
15690,0.032
15700,0.038
15710,0.032
15720,0.039
15730,0.030
15740,0.041
15750,0.049
15760,0.047
15770,0.045
15780,0.041
15790,0.049
15800,0.053
15810,0.061
15820,0.057
15830,0.047
15840,0.046
15850,0.041
15860,0.038
15870,0.035
15880,0.035
15890,0.035
15900,0.034
15910,0.049
15920,0.037
15930,0.042
15940,0.034
15950,0.031
15960,0.046
15970,0.051
15980,0.051
15990,0.046
16000,0.050
16010,0.051
16020,0.045
16030,0.047
16040,0.043
16050,0.035
16060,0.039
16070,0.043
16080,0.042
16090,0.039
16100,0.039
16110,0.037
16120,0.045
16130,0.042
16140,0.042
16150,0.041
16160,0.031
16170,0.041
16180,0.049
16190,0.039
16200,0.038
16210,0.035
16220,0.037
16230,0.041
16240,0.043
16250,0.035
16260,0.038
16270,0.028
16280,0.043
16290,0.039
16300,0.038
16310,0.037
16320,0.037
16330,0.032
16340,0.037
16350,0.035
16360,0.031
16370,0.043
16380,0.032
16390,0.038
16400,0.041
16410,0.043
16420,0.046
16430,0.042
16440,0.030
16450,0.039
16460,0.043
16470,0.035
16480,0.041
16490,0.047
16500,0.053
16510,0.045
16520,0.047
16530,0.047
16540,0.039
16550,0.042
16560,0.037
16570,0.041
16580,0.038
16590,0.039
16600,0.034
16610,0.045
16620,0.041
16630,0.042
16640,0.041
16650,0.037
16660,0.031
16670,0.031
16680,0.031
16690,0.035
16700,0.034
16710,0.037
16720,0.037
16730,0.027
16740,0.039
16750,0.049
16760,0.042
16770,0.038
16780,0.032
16790,0.027
16800,0.030
16810,0.034
16820,0.039
16830,0.039
16840,0.038
16850,0.038
16860,0.045
16870,0.045
16880,0.042
16890,0.047
16900,0.046
16910,0.030
16920,0.030
16930,0.030
16940,0.024
16950,0.038
16960,0.037
16970,0.034
16980,0.039
16990,0.028
17000,0.023
17010,0.023
17020,0.020
17030,0.024
17040,0.031
17050,0.027
17060,0.026
17070,0.031
17080,0.028
17090,0.024
17100,0.023
17110,0.024
17120,0.027
17130,0.028
17140,0.027
17150,0.027
17160,0.027
17170,0.027
17180,0.026
17190,0.031
17200,0.027
17210,0.016
17220,0.019
17230,0.024
17240,0.030
17250,0.020
17260,0.027
17270,0.022
17280,0.011
17290,0.019
17300,0.012
17310,0.015
17320,0.015
17330,0.019
17340,0.018
17350,0.020
17360,0.023
17370,0.026
17380,0.022
17390,0.028
17400,0.027
17410,0.022
17420,0.018
17430,0.027
17440,0.037
17450,0.037
17460,0.043
17470,0.034
17480,0.031
17490,0.041
17500,0.032
17510,0.043
17520,0.043
17530,0.032
17540,0.047
17550,0.041
17560,0.039
17570,0.038
17580,0.042
17590,0.045
17600,0.045
17610,0.047
17620,0.030
17630,0.041
17640,0.038
17650,0.031
17660,0.030
17670,0.034
17680,0.027
17690,0.026
17700,0.026
17710,0.022
17720,0.028
17730,0.022
17740,0.024
17750,0.037
17760,0.019
17770,0.028
17780,0.030
17790,0.034
17800,0.038
17810,0.038
17820,0.034
17830,0.030
17840,0.027
17850,0.032
17860,0.035
17870,0.028
17880,0.037
17890,0.031
17900,0.043
17910,0.045
17920,0.038
17930,0.035
17940,0.038
17950,0.037
17960,0.037
17970,0.037
17980,0.043
17990,0.035
18000,0.042
18010,0.043
18020,0.042
18030,0.032
18040,0.032
18050,0.037
18060,0.037
18070,0.035
18080,0.042
18090,0.037
18100,0.039
18110,0.030
18120,0.038
18130,0.037
18140,0.031
18150,0.032
18160,0.032
18170,0.039
18180,0.041
18190,0.035
18200,0.039
18210,0.032
18220,0.018
18230,0.030
18240,0.028
18250,0.024
18260,0.023
18270,0.023
18280,0.028
18290,0.024
18300,0.020
18310,0.020
18320,0.024
18330,0.034
18340,0.039
18350,0.034
18360,0.034
18370,0.031
18380,0.035
18390,0.032
18400,0.028
18410,0.027
18420,0.035
18430,0.039
18440,0.039
18450,0.035
18460,0.032
18470,0.038
18480,0.039
18490,0.027
18500,0.028
18510,0.030
18520,0.028
18530,0.031
18540,0.032
18550,0.034
18560,0.032
18570,0.032
18580,0.039
18590,0.034
18600,0.037
18610,0.035
18620,0.031
18630,0.035
18640,0.045
18650,0.041
18660,0.034
18670,0.031
18680,0.035
18690,0.039
18700,0.030
18710,0.034
18720,0.051
18730,0.050
18740,0.034
18750,0.042
18760,0.037
18770,0.041
18780,0.037
18790,0.043
18800,0.039
18810,0.041
18820,0.038
18830,0.043
18840,0.049
18850,0.042
18860,0.032
18870,0.031
18880,0.046
18890,0.043
18900,0.047
18910,0.050
18920,0.047
18930,0.047
18940,0.046
18950,0.046
18960,0.038
18970,0.041
18980,0.039
18990,0.031
19000,0.028
19010,0.028
19020,0.037
19030,0.031
19040,0.039
19050,0.039
19060,0.041
19070,0.039
19080,0.042
19090,0.042
19100,0.035
19110,0.039
19120,0.043
19130,0.034
19140,0.034
19150,0.039
19160,0.034
19170,0.026
19180,0.031
19190,0.030
19200,0.024
19210,0.023
19220,0.020
19230,0.030
19240,0.027
19250,0.022
19260,0.020
19270,0.022
19280,0.020
19290,0.023
19300,0.024
19310,0.027
19320,0.022
19330,0.012
19340,0.015
19350,0.024
19360,0.023
19370,0.022
19380,0.024
19390,0.022
19400,0.026
19410,0.026
19420,0.026
19430,0.019
19440,0.018
19450,0.015
19460,0.024
19470,0.023
19480,0.016
19490,0.014
19500,0.018
19510,0.015
19520,0.014
19530,0.020
19540,0.026
19550,0.024
19560,0.024
19570,0.027
19580,0.018
19590,0.018
19600,0.019
19610,0.023
19620,0.030
19630,0.032
19640,0.034
19650,0.035
19660,0.034
19670,0.034
19680,0.031
19690,0.034
19700,0.032
19710,0.031
19720,0.031
19730,0.038
19740,0.043
19750,0.032
19760,0.032
19770,0.030
19780,0.037
19790,0.023
19800,0.035
19810,0.030
19820,0.030
19830,0.041
19840,0.046
19850,0.043
19860,0.046
19870,0.038
19880,0.041
19890,0.030
19900,0.032
19910,0.027
19920,0.030
19930,0.024
19940,0.026
19950,0.024
19960,0.023
19970,0.022
19980,0.019
19990,0.020
20000,0.020
