# time, fQ
0,0.689
10,0.549
20,0.548
30,0.548
40,0.520
50,0.551
60,0.529
70,0.502
80,0.501
90,0.482
100,0.494
110,0.510
120,0.486
130,0.490
140,0.509
150,0.493
160,0.509
170,0.474
180,0.468
190,0.509
200,0.501
210,0.498
220,0.472
230,0.475
240,0.480
250,0.452
260,0.451
270,0.467
280,0.484
290,0.475
300,0.484
310,0.480
320,0.463
330,0.484
340,0.461
350,0.452
360,0.468
370,0.474
380,0.490
390,0.486
400,0.487
410,0.484
420,0.497
430,0.471
440,0.510
450,0.483
460,0.490
470,0.490
480,0.501
490,0.484
500,0.491
510,0.480
520,0.476
530,0.455
540,0.483
550,0.486
560,0.470
570,0.464
580,0.464
590,0.441
600,0.464
610,0.452
620,0.449
630,0.452
640,0.451
650,0.444
660,0.432
670,0.429
680,0.444
690,0.430
700,0.432
710,0.440
720,0.413
730,0.422
740,0.410
750,0.441
760,0.422
770,0.442
780,0.448
790,0.434
800,0.414
810,0.405
820,0.398
830,0.407
840,0.409
850,0.402
860,0.406
870,0.396
880,0.398
890,0.414
900,0.409
910,0.421
920,0.419
930,0.426
940,0.422
950,0.406
960,0.410
970,0.413
980,0.406
990,0.390
1000,0.391
1010,0.395
1020,0.384
1030,0.365
1040,0.371
1050,0.390
1060,0.386
1070,0.379
1080,0.371
1090,0.383
1100,0.353
1110,0.372
1120,0.372
1130,0.372
1140,0.367
1150,0.398
1160,0.378
1170,0.369
1180,0.365
1190,0.372
1200,0.364
1210,0.357
1220,0.369
1230,0.353
1240,0.345
1250,0.341
1260,0.342
1270,0.348
1280,0.341
1290,0.341
1300,0.327
1310,0.330
1320,0.329
1330,0.338
1340,0.325
1350,0.333
1360,0.322
1370,0.342
1380,0.350
1390,0.345
1400,0.356
1410,0.357
1420,0.337
1430,0.355
1440,0.356
1450,0.338
1460,0.342
1470,0.314
1480,0.315
1490,0.319
1500,0.314
1510,0.311
1520,0.302
1530,0.310
1540,0.311
1550,0.315
1560,0.299
1570,0.298
1580,0.304
1590,0.281
1600,0.296
1610,0.310
1620,0.304
1630,0.300
1640,0.313
1650,0.300
1660,0.304
1670,0.319
1680,0.321
1690,0.310
1700,0.317
1710,0.309
1720,0.330
1730,0.329
1740,0.319
1750,0.313
1760,0.307
1770,0.302
1780,0.318
1790,0.315
1800,0.314
1810,0.315
1820,0.317
1830,0.327
1840,0.310
1850,0.306
1860,0.314
1870,0.311
1880,0.306
1890,0.317
1900,0.307
1910,0.319
1920,0.313
1930,0.304
1940,0.322
1950,0.313
1960,0.323
1970,0.302
1980,0.319
1990,0.311
2000,0.291
2010,0.309
2020,0.298
2030,0.306
2040,0.292
2050,0.287
2060,0.300
2070,0.299
2080,0.290
2090,0.299
2100,0.287
2110,0.277
2120,0.268
2130,0.302
2140,0.295
2150,0.307
2160,0.304
2170,0.313
2180,0.309
2190,0.314
2200,0.314
2210,0.303
2220,0.307
2230,0.294
2240,0.309
2250,0.294
2260,0.300
2270,0.315
2280,0.317
2290,0.313
2300,0.304
2310,0.296
2320,0.299
2330,0.283
2340,0.294
2350,0.298
2360,0.292
2370,0.275
2380,0.286
2390,0.303
2400,0.295
2410,0.284
2420,0.300
2430,0.298
2440,0.300
2450,0.309
2460,0.317
2470,0.314
2480,0.300
2490,0.277
2500,0.279
2510,0.273
2520,0.276
2530,0.281
2540,0.272
2550,0.268
2560,0.265
2570,0.268
2580,0.271
2590,0.267
2600,0.258
2610,0.267
2620,0.284
2630,0.249
2640,0.244
2650,0.257
2660,0.260
2670,0.276
2680,0.277
2690,0.273
2700,0.281
2710,0.260
2720,0.254
2730,0.279
2740,0.277
2750,0.257
2760,0.252
2770,0.233
2780,0.253
2790,0.254
2800,0.265
2810,0.256
2820,0.242
2830,0.250
2840,0.240
2850,0.250
2860,0.242
2870,0.235
2880,0.260
2890,0.245
2900,0.252
2910,0.235
2920,0.231
2930,0.226
2940,0.235
2950,0.229
2960,0.230
2970,0.238
2980,0.242
2990,0.249
3000,0.248
3010,0.276
3020,0.260
3030,0.257
3040,0.263
3050,0.264
3060,0.263
3070,0.265
3080,0.258
3090,0.256
3100,0.261
3110,0.269
3120,0.250
3130,0.261
3140,0.258
3150,0.250
3160,0.245
3170,0.260
3180,0.254
3190,0.252
3200,0.267
3210,0.258
3220,0.253
3230,0.238
3240,0.250
3250,0.248
3260,0.230
3270,0.230
3280,0.242
3290,0.241
3300,0.246
3310,0.250
3320,0.244
3330,0.227
3340,0.227
3350,0.223
3360,0.252
3370,0.257
3380,0.249
3390,0.261
3400,0.246
3410,0.215
3420,0.246
3430,0.225
3440,0.244
3450,0.237
3460,0.252
3470,0.237
3480,0.225
3490,0.237
3500,0.244
3510,0.240
3520,0.237
3530,0.234
3540,0.222
3550,0.231
3560,0.244
3570,0.233
3580,0.223
3590,0.233
3600,0.240
3610,0.242
3620,0.233
3630,0.234
3640,0.241
3650,0.235
3660,0.229
3670,0.233
3680,0.215
3690,0.222
3700,0.218
3710,0.223
3720,0.225
3730,0.230
3740,0.219
3750,0.225
3760,0.244
3770,0.246
3780,0.231
3790,0.226
3800,0.221
3810,0.222
3820,0.234
3830,0.226
3840,0.226
3850,0.221
3860,0.222
3870,0.210
3880,0.218
3890,0.215
3900,0.210
3910,0.221
3920,0.222
3930,0.200
3940,0.183
3950,0.210
3960,0.214
3970,0.210
3980,0.208
3990,0.225
4000,0.214
4010,0.203
4020,0.202
4030,0.207
4040,0.212
4050,0.210
4060,0.206
4070,0.203
4080,0.196
4090,0.202
4100,0.196
4110,0.192
4120,0.203
4130,0.196
4140,0.192
4150,0.196
4160,0.199
4170,0.210
4180,0.203
4190,0.192
4200,0.208
4210,0.194
4220,0.195
4230,0.195
4240,0.200
4250,0.210
4260,0.195
4270,0.207
4280,0.218
4290,0.221
4300,0.210
4310,0.222
4320,0.223
4330,0.214
4340,0.219
4350,0.217
4360,0.222
4370,0.230
4380,0.241
4390,0.225
4400,0.229
4410,0.218
4420,0.222
4430,0.218
4440,0.206
4450,0.219
4460,0.211
4470,0.204
4480,0.210
4490,0.221
4500,0.217
4510,0.208
4520,0.219
4530,0.211
4540,0.195
4550,0.199
4560,0.198
4570,0.207
4580,0.195
4590,0.211
4600,0.180
4610,0.195
4620,0.206
4630,0.192
4640,0.206
4650,0.211
4660,0.210
4670,0.200
4680,0.181
4690,0.175
4700,0.194
4710,0.173
4720,0.185
4730,0.173
4740,0.180
4750,0.180
4760,0.177
4770,0.187
4780,0.187
4790,0.166
4800,0.185
4810,0.183
4820,0.179
4830,0.183
4840,0.194
4850,0.194
4860,0.192
4870,0.202
4880,0.188
4890,0.180
4900,0.199
4910,0.192
4920,0.183
4930,0.187
4940,0.188
4950,0.184
4960,0.180
4970,0.198
4980,0.185
4990,0.192
5000,0.195
5010,0.196
5020,0.185
5030,0.188
5040,0.198
5050,0.175
5060,0.191
5070,0.191
5080,0.192
5090,0.192
5100,0.195
5110,0.185
5120,0.177
5130,0.166
5140,0.188
5150,0.184
5160,0.185
5170,0.180
5180,0.183
5190,0.184
5200,0.192
5210,0.196
5220,0.192
5230,0.194
5240,0.188
5250,0.179
5260,0.191
5270,0.189
5280,0.191
5290,0.158
5300,0.171
5310,0.180
5320,0.175
5330,0.171
5340,0.171
5350,0.183
5360,0.171
5370,0.179
5380,0.188
5390,0.180
5400,0.175
5410,0.176
5420,0.179
5430,0.179
5440,0.176
5450,0.166
5460,0.188
5470,0.172
5480,0.171
5490,0.173
5500,0.172
5510,0.177
5520,0.164
5530,0.175
5540,0.177
5550,0.179
5560,0.184
5570,0.180
5580,0.184
5590,0.179
5600,0.169
5610,0.158
5620,0.153
5630,0.153
5640,0.145
5650,0.147
5660,0.146
5670,0.143
5680,0.143
5690,0.143
5700,0.141
5710,0.142
5720,0.145
5730,0.177
5740,0.152
5750,0.161
5760,0.157
5770,0.146
5780,0.164
5790,0.158
5800,0.156
5810,0.172
5820,0.169
5830,0.171
5840,0.168
5850,0.164
5860,0.153
5870,0.150
5880,0.134
5890,0.145
5900,0.143
5910,0.146
5920,0.145
5930,0.153
5940,0.143
5950,0.154
5960,0.171
5970,0.158
5980,0.168
5990,0.162
6000,0.150
6010,0.160
6020,0.154
6030,0.147
6040,0.152
6050,0.154
6060,0.130
6070,0.142
6080,0.139
6090,0.135
6100,0.129
6110,0.123
6120,0.119
6130,0.118
6140,0.107
6150,0.112
6160,0.106
6170,0.112
6180,0.124
6190,0.115
6200,0.118
6210,0.110
6220,0.111
6230,0.112
6240,0.112
6250,0.110
6260,0.123
6270,0.123
6280,0.131
6290,0.108
6300,0.119
6310,0.122
6320,0.101
6330,0.107
6340,0.093
6350,0.122
6360,0.119
6370,0.118
6380,0.119
6390,0.123
6400,0.112
6410,0.127
6420,0.123
6430,0.116
6440,0.116
6450,0.130
6460,0.130
6470,0.139
6480,0.118
6490,0.122
6500,0.120
6510,0.114
6520,0.111
6530,0.115
6540,0.114
6550,0.129
6560,0.123
6570,0.122
6580,0.108
6590,0.124
6600,0.127
6610,0.120
6620,0.123
6630,0.123
6640,0.126
6650,0.131
6660,0.130
6670,0.115
6680,0.129
6690,0.123
6700,0.122
6710,0.126
6720,0.131
6730,0.122
6740,0.114
6750,0.126
6760,0.127
6770,0.131
6780,0.116
6790,0.118
6800,0.101
6810,0.111
6820,0.115
6830,0.116
6840,0.123
6850,0.110
6860,0.093
6870,0.104
6880,0.089
6890,0.106
6900,0.106
6910,0.115
6920,0.095
6930,0.116
6940,0.108
6950,0.119
6960,0.111
6970,0.112
6980,0.115
6990,0.096
7000,0.091
7010,0.099
7020,0.106
7030,0.108
7040,0.110
7050,0.108
7060,0.116
7070,0.101
7080,0.092
7090,0.103
7100,0.110
7110,0.100
7120,0.093
7130,0.103
7140,0.114
7150,0.112
7160,0.108
7170,0.112
7180,0.100
7190,0.100
7200,0.095
7210,0.089
7220,0.088
7230,0.092
7240,0.085
7250,0.088
7260,0.084
7270,0.092
7280,0.084
7290,0.088
7300,0.077
7310,0.081
7320,0.076
7330,0.085
7340,0.085
7350,0.084
7360,0.087
7370,0.089
7380,0.099
7390,0.101
7400,0.101
7410,0.088
7420,0.101
7430,0.097
7440,0.095
7450,0.089
7460,0.092
7470,0.084
7480,0.080
7490,0.078
7500,0.084
7510,0.076
7520,0.084
7530,0.080
7540,0.083
7550,0.084
7560,0.087
7570,0.078
7580,0.083
7590,0.092
7600,0.070
7610,0.073
7620,0.064
7630,0.076
7640,0.061
7650,0.072
7660,0.074
7670,0.089
7680,0.088
7690,0.084
7700,0.087
7710,0.077
7720,0.080
7730,0.087
7740,0.093
7750,0.084
7760,0.092
7770,0.088
7780,0.092
7790,0.077
7800,0.084
7810,0.085
7820,0.083
7830,0.080
7840,0.072
7850,0.065
7860,0.074
7870,0.070
7880,0.076
7890,0.076
7900,0.073
7910,0.073
7920,0.069
7930,0.065
7940,0.083
7950,0.062
7960,0.078
7970,0.065
7980,0.066
7990,0.058
8000,0.061
8010,0.064
8020,0.061
8030,0.066
8040,0.065
8050,0.066
8060,0.057
8070,0.057
8080,0.065
8090,0.061
8100,0.065
8110,0.065
8120,0.073
8130,0.051
8140,0.061
8150,0.066
8160,0.060
8170,0.070
8180,0.060
8190,0.065
8200,0.066
8210,0.065
8220,0.060
8230,0.061
8240,0.064
8250,0.050
8260,0.055
8270,0.058
8280,0.062
8290,0.070
8300,0.068
8310,0.058
8320,0.061
8330,0.068
8340,0.064
8350,0.061
8360,0.069
8370,0.074
8380,0.064
8390,0.057
8400,0.062
8410,0.055
8420,0.064
8430,0.064
8440,0.062
8450,0.047
8460,0.054
8470,0.060
8480,0.057
8490,0.060
8500,0.055
8510,0.055
8520,0.062
8530,0.069
8540,0.061
8550,0.064
8560,0.050
8570,0.043
8580,0.049
8590,0.045
8600,0.049
8610,0.045
8620,0.046
8630,0.046
8640,0.043
8650,0.050
8660,0.055
8670,0.047
8680,0.043
8690,0.047
8700,0.046
8710,0.049
8720,0.049
8730,0.058
8740,0.046
8750,0.050
8760,0.042
8770,0.046
8780,0.045
8790,0.045
8800,0.045
8810,0.039
8820,0.054
8830,0.047
8840,0.064
8850,0.053
8860,0.055
8870,0.046
8880,0.046
8890,0.057
8900,0.051
8910,0.047
8920,0.054
8930,0.060
8940,0.046
8950,0.047
8960,0.042
8970,0.039
8980,0.032
8990,0.037
9000,0.037
9010,0.039
9020,0.041
9030,0.045
9040,0.051
9050,0.053
9060,0.046
9070,0.045
9080,0.055
9090,0.057
9100,0.057
9110,0.053
9120,0.061
9130,0.065
9140,0.064
9150,0.055
9160,0.054
9170,0.064
9180,0.054
9190,0.050
9200,0.057
9210,0.065
9220,0.064
9230,0.064
9240,0.055
9250,0.066
9260,0.061
9270,0.046
9280,0.054
9290,0.051
9300,0.045
9310,0.050
9320,0.058
9330,0.055
9340,0.057
9350,0.062
9360,0.049
9370,0.054
9380,0.041
9390,0.037
9400,0.037
9410,0.031
9420,0.032
9430,0.035
9440,0.035
9450,0.042
9460,0.047
9470,0.046
9480,0.051
9490,0.054
9500,0.047
9510,0.054
9520,0.058
9530,0.055
9540,0.061
9550,0.060
9560,0.055
9570,0.058
9580,0.064
9590,0.058
9600,0.062
9610,0.060
9620,0.053
9630,0.054
9640,0.065
9650,0.062
9660,0.060
9670,0.060
9680,0.057
9690,0.053
9700,0.058
9710,0.057
9720,0.058
9730,0.047
9740,0.043
9750,0.055
9760,0.043
9770,0.054
9780,0.043
9790,0.045
9800,0.043
9810,0.049
9820,0.062
9830,0.060
9840,0.050
9850,0.050
9860,0.046
9870,0.046
9880,0.042
9890,0.041
9900,0.054
9910,0.054
9920,0.055
9930,0.047
9940,0.047
9950,0.051
9960,0.042
9970,0.045
9980,0.031
9990,0.039
10000,0.030
10010,0.037
10020,0.043
10030,0.039
10040,0.034
10050,0.037
10060,0.045
10070,0.055
10080,0.034
10090,0.030
10100,0.032
10110,0.037
10120,0.042
10130,0.043
10140,0.042
10150,0.035
10160,0.038
10170,0.049
10180,0.055
10190,0.045
10200,0.047
10210,0.050
10220,0.053
10230,0.050
10240,0.060
10250,0.051
10260,0.046
10270,0.047
10280,0.037
10290,0.047
10300,0.049
10310,0.049
10320,0.041
10330,0.046
10340,0.041
10350,0.039
10360,0.042
10370,0.035
10380,0.043
10390,0.034
10400,0.028
10410,0.026
10420,0.031
10430,0.031
10440,0.022
10450,0.026
10460,0.024
10470,0.027
10480,0.024
10490,0.031
10500,0.031
10510,0.026
10520,0.031
10530,0.034
10540,0.031
10550,0.045
10560,0.031
10570,0.023
10580,0.020
10590,0.027
10600,0.019
10610,0.019
10620,0.026
10630,0.037
10640,0.031
10650,0.035
10660,0.038
10670,0.038
10680,0.035
10690,0.024
10700,0.027
10710,0.026
10720,0.022
10730,0.020
10740,0.031
10750,0.018
10760,0.020
10770,0.028
10780,0.027
10790,0.038
10800,0.041
10810,0.039
10820,0.037
10830,0.045
10840,0.041
10850,0.039
10860,0.037
10870,0.042
10880,0.037
10890,0.027
10900,0.039
10910,0.041
10920,0.045
10930,0.051
10940,0.038
10950,0.042
10960,0.039
10970,0.035
10980,0.038
10990,0.041
11000,0.045
11010,0.042
11020,0.031
11030,0.039
11040,0.035
11050,0.028
11060,0.035
11070,0.035
11080,0.038
11090,0.042
11100,0.027
11110,0.034
11120,0.030
11130,0.027
11140,0.026
11150,0.039
11160,0.037
11170,0.037
11180,0.041
11190,0.037
11200,0.032
11210,0.034
11220,0.030
11230,0.038
11240,0.039
11250,0.030
11260,0.035
11270,0.035
11280,0.032
11290,0.030
11300,0.035
11310,0.039
11320,0.037
11330,0.035
11340,0.032
11350,0.043
11360,0.030
11370,0.041
11380,0.041
11390,0.046
11400,0.042
11410,0.042
11420,0.035
11430,0.041
11440,0.031
11450,0.034
11460,0.037
11470,0.037
11480,0.034
11490,0.045
11500,0.047
11510,0.039
11520,0.042
11530,0.042
11540,0.039
11550,0.031
11560,0.035
11570,0.032
11580,0.039
11590,0.041
11600,0.041
11610,0.031
11620,0.030
11630,0.027
11640,0.035
11650,0.038
11660,0.037
11670,0.035
11680,0.043
11690,0.042
11700,0.043
11710,0.039
11720,0.037
11730,0.038
11740,0.039
11750,0.039
11760,0.050
11770,0.046
11780,0.047
11790,0.038
11800,0.041
11810,0.042
11820,0.039
11830,0.042
11840,0.035
11850,0.043
11860,0.039
11870,0.037
11880,0.043
11890,0.043
11900,0.045
11910,0.035
11920,0.030
11930,0.031
11940,0.032
11950,0.032
11960,0.026
11970,0.030
11980,0.035
11990,0.034
12000,0.041
12010,0.037
12020,0.045
12030,0.035
12040,0.038
12050,0.035
12060,0.043
12070,0.038
12080,0.045
12090,0.047
12100,0.042
12110,0.041
12120,0.045
12130,0.043
12140,0.042
12150,0.053
12160,0.049
12170,0.054
12180,0.045
12190,0.039
12200,0.047
12210,0.034
12220,0.038
12230,0.037
12240,0.046
12250,0.038
12260,0.038
12270,0.042
12280,0.042
12290,0.037
12300,0.046
12310,0.053
12320,0.051
12330,0.049
12340,0.038
12350,0.038
12360,0.037
12370,0.031
12380,0.031
12390,0.034
12400,0.028
12410,0.037
12420,0.028
12430,0.032
12440,0.031
12450,0.035
12460,0.039
12470,0.030
12480,0.032
12490,0.034
12500,0.031
12510,0.030
12520,0.032
12530,0.035
12540,0.035
12550,0.037
12560,0.031
12570,0.032
12580,0.030
12590,0.037
12600,0.028
12610,0.026
12620,0.030
12630,0.022
12640,0.028
12650,0.034
12660,0.030
12670,0.020
12680,0.022
12690,0.015
12700,0.022
12710,0.023
12720,0.031
12730,0.031
12740,0.024
12750,0.019
12760,0.024
12770,0.031
12780,0.032
12790,0.035
12800,0.034
12810,0.032
12820,0.032
12830,0.031
12840,0.038
12850,0.034
12860,0.035
12870,0.038
12880,0.032
12890,0.027
12900,0.030
12910,0.039
12920,0.035
12930,0.026
12940,0.032
12950,0.024
12960,0.028
12970,0.038
12980,0.035
12990,0.035
13000,0.042
13010,0.031
13020,0.043
13030,0.038
13040,0.031
13050,0.041
13060,0.024
13070,0.026
13080,0.024
13090,0.023
13100,0.022
13110,0.027
13120,0.027
13130,0.027
13140,0.026
13150,0.024
13160,0.032
13170,0.030
13180,0.027
13190,0.026
13200,0.022
13210,0.020
13220,0.026
13230,0.035
13240,0.030
13250,0.026
13260,0.022
13270,0.026
13280,0.023
13290,0.020
13300,0.026
13310,0.019
13320,0.027
13330,0.027
13340,0.024
13350,0.026
13360,0.020
13370,0.015
13380,0.026
13390,0.032
13400,0.026
13410,0.027
13420,0.023
13430,0.020
13440,0.026
13450,0.024
13460,0.022
13470,0.027
13480,0.026
13490,0.024
13500,0.022
13510,0.026
13520,0.020
13530,0.019
13540,0.022
13550,0.023
13560,0.024
13570,0.031
13580,0.024
13590,0.026
13600,0.030
13610,0.026
13620,0.023
13630,0.027
13640,0.026
13650,0.019
13660,0.026
13670,0.026
13680,0.023
13690,0.022
13700,0.030
13710,0.035
13720,0.024
13730,0.024
13740,0.019
13750,0.023
13760,0.019
13770,0.019
13780,0.012
13790,0.014
13800,0.016
13810,0.015
13820,0.023
13830,0.020
13840,0.018
13850,0.022
13860,0.023
13870,0.028
13880,0.034
13890,0.031
13900,0.030
13910,0.031
13920,0.028
13930,0.031
13940,0.026
13950,0.026
13960,0.028
13970,0.031
13980,0.030
13990,0.031
14000,0.027
14010,0.031
14020,0.028
14030,0.031
14040,0.024
14050,0.038
14060,0.037
14070,0.037
14080,0.043
14090,0.047
14100,0.042
14110,0.038
14120,0.039
14130,0.042
14140,0.043
14150,0.043
14160,0.043
14170,0.050
14180,0.053
14190,0.041
14200,0.041
14210,0.039
14220,0.030
14230,0.043
14240,0.039
14250,0.046
14260,0.053
14270,0.057
14280,0.032
14290,0.047
14300,0.039
14310,0.039
14320,0.028
14330,0.041
14340,0.037
14350,0.035
14360,0.038
14370,0.037
14380,0.027
14390,0.022
14400,0.032
14410,0.030
14420,0.026
14430,0.028
14440,0.020
14450,0.026
14460,0.026
14470,0.024
14480,0.030
14490,0.022
14500,0.026
14510,0.024
14520,0.037
14530,0.041
14540,0.035
14550,0.042
14560,0.037
14570,0.041
14580,0.046
14590,0.041
14600,0.046
14610,0.031
14620,0.049
14630,0.041
14640,0.053
14650,0.054
14660,0.047
14670,0.060
14680,0.045
14690,0.051
14700,0.050
14710,0.046
14720,0.053
14730,0.047
14740,0.038
14750,0.041
14760,0.045
14770,0.053
14780,0.038
14790,0.041
14800,0.032
14810,0.032
14820,0.030
14830,0.035
14840,0.037
14850,0.039
14860,0.035
14870,0.035
14880,0.027
14890,0.028
14900,0.026
14910,0.026
14920,0.028
14930,0.031
14940,0.031
14950,0.031
14960,0.028
14970,0.027
14980,0.031
14990,0.027
15000,0.026
15010,0.019
15020,0.024
15030,0.045
15040,0.030
15050,0.024
15060,0.024
15070,0.019
15080,0.022
15090,0.024
15100,0.018
15110,0.026
15120,0.030
15130,0.026
15140,0.023
15150,0.035
15160,0.034
15170,0.030
15180,0.031
15190,0.037
15200,0.037
15210,0.027
15220,0.035
15230,0.039
15240,0.039
15250,0.042
15260,0.037
15270,0.043
15280,0.032
15290,0.030
15300,0.031
15310,0.028
15320,0.020
15330,0.020
15340,0.019
15350,0.016
15360,0.015
15370,0.015
15380,0.020
15390,0.023
15400,0.024
15410,0.026
15420,0.016
15430,0.023
15440,0.032
15450,0.026
15460,0.023
15470,0.023
15480,0.022
15490,0.019
15500,0.030
15510,0.027
15520,0.027
15530,0.024
15540,0.015
15550,0.026
15560,0.020
15570,0.023
15580,0.022
15590,0.026
15600,0.022
15610,0.016
15620,0.022
15630,0.032
15640,0.023
15650,0.015
15660,0.020
15670,0.019
15680,0.015
15690,0.015
15700,0.018
15710,0.016
15720,0.018
15730,0.024
15740,0.023
15750,0.027
15760,0.031
15770,0.037
15780,0.038
15790,0.035
15800,0.043
15810,0.039
15820,0.038
15830,0.035
15840,0.039
15850,0.027
15860,0.031
15870,0.030
15880,0.024
15890,0.034
15900,0.031
15910,0.026
15920,0.039
15930,0.034
15940,0.030
15950,0.035
15960,0.030
15970,0.032
15980,0.032
15990,0.030
16000,0.045
16010,0.042
16020,0.034
16030,0.034
16040,0.035
16050,0.041
16060,0.041
16070,0.043
16080,0.047
16090,0.041
16100,0.031
16110,0.037
16120,0.038
16130,0.039
16140,0.043
16150,0.038
16160,0.028
16170,0.038
16180,0.037
16190,0.034
16200,0.037
16210,0.031
16220,0.028
16230,0.032
16240,0.037
16250,0.034
16260,0.028
16270,0.031
16280,0.034
16290,0.035
16300,0.045
16310,0.039
16320,0.050
16330,0.050
16340,0.050
16350,0.046
16360,0.045
16370,0.046
16380,0.035
16390,0.054
16400,0.051
16410,0.046
16420,0.041
16430,0.037
16440,0.041
16450,0.034
16460,0.039
16470,0.032
16480,0.031
16490,0.035
16500,0.032
16510,0.035
16520,0.041
16530,0.037
16540,0.039
16550,0.038
16560,0.042
16570,0.043
16580,0.046
16590,0.042
16600,0.046
16610,0.043
16620,0.042
16630,0.038
16640,0.035
16650,0.041
16660,0.046
16670,0.041
16680,0.042
16690,0.043
16700,0.034
16710,0.042
16720,0.041
16730,0.031
16740,0.032
16750,0.045
16760,0.035
16770,0.037
16780,0.041
16790,0.039
16800,0.054
16810,0.046
16820,0.041
16830,0.041
16840,0.039
16850,0.045
16860,0.046
16870,0.039
16880,0.046
16890,0.046
16900,0.041
16910,0.046
16920,0.047
16930,0.046
16940,0.043
16950,0.045
16960,0.047
16970,0.047
16980,0.050
16990,0.050
17000,0.057
17010,0.043
17020,0.049
17030,0.037
17040,0.038
17050,0.043
17060,0.038
17070,0.043
17080,0.046
17090,0.047
17100,0.049
17110,0.043
17120,0.045
17130,0.047
17140,0.041
17150,0.037
17160,0.043
17170,0.035
17180,0.039
17190,0.041
17200,0.039
17210,0.046
17220,0.035
17230,0.031
17240,0.034
17250,0.039
17260,0.038
17270,0.031
17280,0.031
17290,0.023
17300,0.027
17310,0.027
17320,0.030
17330,0.030
17340,0.028
17350,0.032
17360,0.027
17370,0.023
17380,0.023
17390,0.020
17400,0.024
17410,0.028
17420,0.030
17430,0.031
17440,0.038
17450,0.030
17460,0.035
17470,0.031
17480,0.031
17490,0.030
17500,0.032
17510,0.024
17520,0.030
17530,0.026
17540,0.032
17550,0.037
17560,0.037
17570,0.028
17580,0.024
17590,0.034
17600,0.026
17610,0.028
17620,0.020
17630,0.024
17640,0.034
17650,0.031
17660,0.046
17670,0.046
17680,0.037
17690,0.038
17700,0.031
17710,0.032
17720,0.037
17730,0.039
17740,0.030
17750,0.035
17760,0.037
17770,0.026
17780,0.027
17790,0.031
17800,0.037
17810,0.037
17820,0.030
17830,0.026
17840,0.026
17850,0.022
17860,0.027
17870,0.023
17880,0.023
17890,0.019
17900,0.031
17910,0.035
17920,0.027
17930,0.030
17940,0.034
17950,0.039
17960,0.041
17970,0.032
17980,0.037
17990,0.039
18000,0.034
18010,0.042
18020,0.050
18030,0.042
18040,0.032
18050,0.031
18060,0.030
18070,0.030
18080,0.028
18090,0.037
18100,0.022
18110,0.031
18120,0.027
18130,0.018
18140,0.023
18150,0.027
18160,0.032
18170,0.035
18180,0.037
18190,0.030
18200,0.032
18210,0.034
18220,0.038
18230,0.037
18240,0.031
18250,0.031
18260,0.031
18270,0.031
18280,0.026
18290,0.027
18300,0.023
18310,0.020
18320,0.027
18330,0.027
18340,0.022
18350,0.027
18360,0.024
18370,0.028
18380,0.037
18390,0.043
18400,0.031
18410,0.031
18420,0.023
18430,0.016
18440,0.018
18450,0.016
18460,0.022
18470,0.027
18480,0.026
18490,0.023
18500,0.023
18510,0.023
18520,0.027
18530,0.023
18540,0.032
18550,0.035
18560,0.031
18570,0.041
18580,0.042
18590,0.045
18600,0.034
18610,0.026
18620,0.042
18630,0.037
18640,0.027
18650,0.037
18660,0.038
18670,0.038
18680,0.035
18690,0.045
18700,0.039
18710,0.038
18720,0.041
18730,0.038
18740,0.027
18750,0.030
18760,0.027
18770,0.046
18780,0.038
18790,0.028
18800,0.035
18810,0.039
18820,0.037
18830,0.039
18840,0.047
18850,0.046
18860,0.032
18870,0.039
18880,0.030
18890,0.027
18900,0.027
18910,0.032
18920,0.019
18930,0.024
18940,0.026
18950,0.030
18960,0.027
18970,0.022
18980,0.016
18990,0.027
19000,0.031
19010,0.031
19020,0.032
19030,0.028
19040,0.026
19050,0.026
19060,0.026
19070,0.024
19080,0.027
19090,0.032
19100,0.028
19110,0.028
19120,0.030
19130,0.019
19140,0.024
19150,0.018
19160,0.016
19170,0.016
19180,0.023
19190,0.022
19200,0.023
19210,0.026
19220,0.034
19230,0.024
19240,0.024
19250,0.030
19260,0.023
19270,0.023
19280,0.030
19290,0.037
19300,0.038
19310,0.037
19320,0.047
19330,0.038
19340,0.043
19350,0.037
19360,0.041
19370,0.037
19380,0.037
19390,0.045
19400,0.030
19410,0.030
19420,0.028
19430,0.030
19440,0.032
19450,0.028
19460,0.034
19470,0.035
19480,0.035
19490,0.045
19500,0.041
19510,0.039
19520,0.042
19530,0.026
19540,0.032
19550,0.037
19560,0.037
19570,0.027
19580,0.024
19590,0.027
19600,0.027
19610,0.035
19620,0.035
19630,0.027
19640,0.031
19650,0.035
19660,0.035
19670,0.039
19680,0.030
19690,0.041
19700,0.042
19710,0.041
19720,0.032
19730,0.043
19740,0.037
19750,0.037
19760,0.037
19770,0.032
19780,0.041
19790,0.041
19800,0.035
19810,0.028
19820,0.041
19830,0.031
19840,0.041
19850,0.037
19860,0.038
19870,0.037
19880,0.031
19890,0.041
19900,0.031
19910,0.032
19920,0.032
19930,0.039
19940,0.042
19950,0.038
19960,0.039
19970,0.037
19980,0.034
19990,0.038
20000,0.043
