# time, fQ
0,0.689
10,0.595
20,0.570
30,0.608
40,0.601
50,0.585
60,0.612
70,0.608
80,0.591
90,0.571
100,0.555
110,0.548
120,0.551
130,0.558
140,0.560
150,0.567
160,0.541
170,0.536
180,0.521
190,0.509
200,0.498
210,0.480
220,0.484
230,0.474
240,0.468
250,0.479
260,0.478
270,0.457
280,0.497
290,0.467
300,0.465
310,0.470
320,0.487
330,0.483
340,0.467
350,0.493
360,0.483
370,0.484
380,0.475
390,0.484
400,0.472
410,0.452
420,0.479
430,0.467
440,0.474
450,0.482
460,0.467
470,0.453
480,0.461
490,0.441
500,0.459
510,0.455
520,0.470
530,0.463
540,0.465
550,0.451
560,0.465
570,0.463
580,0.445
590,0.448
600,0.463
610,0.445
620,0.468
630,0.470
640,0.488
650,0.459
660,0.479
670,0.482
680,0.447
690,0.488
700,0.480
710,0.490
720,0.484
730,0.476
740,0.449
750,0.488
760,0.516
770,0.490
780,0.486
790,0.501
800,0.520
810,0.493
820,0.516
830,0.524
840,0.512
850,0.503
860,0.528
870,0.522
880,0.520
890,0.475
900,0.494
910,0.480
920,0.480
930,0.455
940,0.476
950,0.478
960,0.465
970,0.464
980,0.488
990,0.470
1000,0.486
1010,0.465
1020,0.479
1030,0.472
1040,0.452
1050,0.468
1060,0.456
1070,0.459
1080,0.495
1090,0.459
1100,0.444
1110,0.470
1120,0.463
1130,0.456
1140,0.472
1150,0.451
1160,0.486
1170,0.459
1180,0.459
1190,0.457
1200,0.448
1210,0.441
1220,0.453
1230,0.474
1240,0.476
1250,0.456
1260,0.438
1270,0.447
1280,0.451
1290,0.463
1300,0.442
1310,0.441
1320,0.429
1330,0.411
1340,0.384
1350,0.417
1360,0.419
1370,0.401
1380,0.417
1390,0.426
1400,0.418
1410,0.448
1420,0.438
1430,0.413
1440,0.430
1450,0.432
1460,0.432
1470,0.415
1480,0.417
1490,0.422
1500,0.395
1510,0.402
1520,0.401
1530,0.413
1540,0.390
1550,0.396
1560,0.405
1570,0.406
1580,0.383
1590,0.390
1600,0.415
1610,0.428
1620,0.396
1630,0.402
1640,0.380
1650,0.398
1660,0.390
1670,0.375
1680,0.401
1690,0.387
1700,0.387
1710,0.363
1720,0.395
1730,0.382
1740,0.391
1750,0.384
1760,0.371
1770,0.375
1780,0.371
1790,0.369
1800,0.346
1810,0.361
1820,0.369
1830,0.360
1840,0.348
1850,0.365
1860,0.378
1870,0.364
1880,0.359
1890,0.355
1900,0.355
1910,0.364
1920,0.363
1930,0.373
1940,0.373
1950,0.375
1960,0.394
1970,0.367
1980,0.344
1990,0.356
2000,0.342
2010,0.327
2020,0.345
2030,0.319
2040,0.309
2050,0.340
2060,0.336
2070,0.325
2080,0.341
2090,0.338
2100,0.334
2110,0.334
2120,0.336
2130,0.329
2140,0.329
2150,0.321
2160,0.348
2170,0.350
2180,0.355
2190,0.356
2200,0.346
2210,0.338
2220,0.340
2230,0.327
2240,0.330
2250,0.318
2260,0.338
2270,0.332
2280,0.314
2290,0.311
2300,0.325
2310,0.330
2320,0.326
2330,0.330
2340,0.325
2350,0.321
2360,0.321
2370,0.321
2380,0.336
2390,0.323
2400,0.313
2410,0.311
2420,0.307
2430,0.304
2440,0.321
2450,0.318
2460,0.303
2470,0.304
2480,0.295
2490,0.298
2500,0.307
2510,0.306
2520,0.291
2530,0.281
2540,0.296
2550,0.294
2560,0.269
2570,0.275
2580,0.281
2590,0.284
2600,0.294
2610,0.287
2620,0.269
2630,0.277
2640,0.295
2650,0.294
2660,0.287
2670,0.277
2680,0.296
2690,0.299
2700,0.299
2710,0.309
2720,0.299
2730,0.283
2740,0.280
2750,0.287
2760,0.309
2770,0.317
2780,0.295
2790,0.309
2800,0.314
2810,0.302
2820,0.295
2830,0.287
2840,0.299
2850,0.310
2860,0.313
2870,0.329
2880,0.304
2890,0.307
2900,0.303
2910,0.299
2920,0.298
2930,0.296
2940,0.304
2950,0.310
2960,0.332
2970,0.311
2980,0.296
2990,0.298
3000,0.299
3010,0.292
3020,0.294
3030,0.287
3040,0.292
3050,0.290
3060,0.309
3070,0.283
3080,0.304
3090,0.304
3100,0.307
3110,0.288
3120,0.287
3130,0.298
3140,0.295
3150,0.314
3160,0.307
3170,0.310
3180,0.302
3190,0.291
3200,0.298
3210,0.298
3220,0.309
3230,0.292
3240,0.291
3250,0.300
3260,0.300
3270,0.304
3280,0.307
3290,0.313
3300,0.330
3310,0.337
3320,0.341
3330,0.326
3340,0.315
3350,0.298
3360,0.306
3370,0.299
3380,0.303
3390,0.296
3400,0.313
3410,0.314
3420,0.304
3430,0.307
3440,0.294
3450,0.303
3460,0.329
3470,0.310
3480,0.317
3490,0.304
3500,0.300
3510,0.290
3520,0.284
3530,0.277
3540,0.277
3550,0.272
3560,0.271
3570,0.267
3580,0.290
3590,0.302
3600,0.287
3610,0.310
3620,0.310
3630,0.300
3640,0.302
3650,0.304
3660,0.303
3670,0.295
3680,0.294
3690,0.288
3700,0.286
3710,0.299
3720,0.296
3730,0.279
3740,0.280
3750,0.275
3760,0.264
3770,0.253
3780,0.275
3790,0.280
3800,0.279
3810,0.287
3820,0.292
3830,0.292
3840,0.275
3850,0.287
3860,0.286
3870,0.286
3880,0.271
3890,0.280
3900,0.273
3910,0.273
3920,0.265
3930,0.281
3940,0.254
3950,0.250
3960,0.250
3970,0.231
3980,0.257
3990,0.265
4000,0.261
4010,0.273
4020,0.254
4030,0.275
4040,0.258
4050,0.268
4060,0.256
4070,0.265
4080,0.299
4090,0.291
4100,0.277
4110,0.291
4120,0.284
4130,0.284
4140,0.264
4150,0.256
4160,0.257
4170,0.245
4180,0.253
4190,0.233
4200,0.233
4210,0.237
4220,0.214
4230,0.222
4240,0.229
4250,0.214
4260,0.207
4270,0.226
4280,0.212
4290,0.221
4300,0.226
4310,0.219
4320,0.214
4330,0.219
4340,0.218
4350,0.218
4360,0.226
4370,0.219
4380,0.230
4390,0.233
4400,0.227
4410,0.227
4420,0.218
4430,0.217
4440,0.219
4450,0.226
4460,0.230
4470,0.233
4480,0.214
4490,0.222
4500,0.238
4510,0.235
4520,0.231
4530,0.235
4540,0.226
4550,0.238
4560,0.212
4570,0.225
4580,0.215
4590,0.231
4600,0.235
4610,0.233
4620,0.238
4630,0.226
4640,0.227
4650,0.219
4660,0.221
4670,0.218
4680,0.202
4690,0.211
4700,0.210
4710,0.203
4720,0.215
4730,0.221
4740,0.226
4750,0.221
4760,0.215
4770,0.200
4780,0.211
4790,0.208
4800,0.217
4810,0.229
4820,0.231
4830,0.245
4840,0.229
4850,0.226
4860,0.223
4870,0.211
4880,0.217
4890,0.217
4900,0.230
4910,0.238
4920,0.230
4930,0.225
4940,0.222
4950,0.225
4960,0.222
4970,0.234
4980,0.240
4990,0.229
5000,0.234
5010,0.221
5020,0.226
5030,0.219
5040,0.223
5050,0.233
5060,0.235
5070,0.238
5080,0.214
5090,0.219
5100,0.229
5110,0.218
5120,0.219
5130,0.210
5140,0.221
5150,0.234
5160,0.215
5170,0.234
5180,0.231
5190,0.229
5200,0.226
5210,0.233
5220,0.231
5230,0.212
5240,0.225
5250,0.194
5260,0.226
5270,0.223
5280,0.211
5290,0.206
5300,0.218
5310,0.215
5320,0.226
5330,0.226
5340,0.215
5350,0.219
5360,0.217
5370,0.218
5380,0.217
5390,0.218
5400,0.215
5410,0.215
5420,0.204
5430,0.202
5440,0.221
5450,0.221
5460,0.210
5470,0.200
5480,0.206
5490,0.214
5500,0.214
5510,0.212
5520,0.200
5530,0.200
5540,0.200
5550,0.196
5560,0.171
5570,0.185
5580,0.181
5590,0.188
5600,0.200
5610,0.206
5620,0.196
5630,0.195
5640,0.187
5650,0.199
5660,0.188
5670,0.191
5680,0.177
5690,0.191
5700,0.176
5710,0.176
5720,0.195
5730,0.189
5740,0.196
5750,0.181
5760,0.191
5770,0.185
5780,0.198
5790,0.188
5800,0.191
5810,0.202
5820,0.188
5830,0.195
5840,0.200
5850,0.187
5860,0.179
5870,0.175
5880,0.191
5890,0.206
5900,0.199
5910,0.206
5920,0.200
5930,0.214
5940,0.207
5950,0.195
5960,0.207
5970,0.210
5980,0.219
5990,0.219
6000,0.229
6010,0.225
6020,0.229
6030,0.225
6040,0.222
6050,0.238
6060,0.237
6070,0.237
6080,0.227
6090,0.215
6100,0.212
6110,0.204
6120,0.211
6130,0.199
6140,0.215
6150,0.219
6160,0.212
6170,0.204
6180,0.215
6190,0.207
6200,0.194
6210,0.206
6220,0.203
6230,0.200
6240,0.211
6250,0.206
6260,0.180
6270,0.207
6280,0.206
6290,0.204
6300,0.214
6310,0.204
6320,0.206
6330,0.203
6340,0.202
6350,0.195
6360,0.166
6370,0.176
6380,0.180
6390,0.184
6400,0.169
6410,0.179
6420,0.171
6430,0.171
6440,0.171
6450,0.175
6460,0.187
6470,0.184
6480,0.187
6490,0.191
6500,0.176
6510,0.187
6520,0.180
6530,0.196
6540,0.181
6550,0.177
6560,0.166
6570,0.172
6580,0.179
6590,0.180
6600,0.175
6610,0.181
6620,0.176
6630,0.185
6640,0.161
6650,0.164
6660,0.171
6670,0.156
6680,0.153
6690,0.145
6700,0.161
6710,0.171
6720,0.180
6730,0.177
6740,0.177
6750,0.154
6760,0.160
6770,0.147
6780,0.147
6790,0.156
6800,0.141
6810,0.139
6820,0.145
6830,0.131
6840,0.141
6850,0.130
6860,0.146
6870,0.146
6880,0.142
6890,0.147
6900,0.153
6910,0.164
6920,0.168
6930,0.146
6940,0.152
6950,0.147
6960,0.145
6970,0.135
6980,0.143
6990,0.152
7000,0.142
7010,0.137
7020,0.147
7030,0.139
7040,0.123
7050,0.147
7060,0.142
7070,0.126
7080,0.129
7090,0.134
7100,0.135
7110,0.134
7120,0.126
7130,0.133
7140,0.138
7150,0.137
7160,0.154
7170,0.154
7180,0.160
7190,0.147
7200,0.153
7210,0.162
7220,0.152
7230,0.142
7240,0.138
7250,0.143
7260,0.135
7270,0.154
7280,0.153
7290,0.150
7300,0.131
7310,0.141
7320,0.131
7330,0.139
7340,0.138
7350,0.131
7360,0.138
7370,0.147
7380,0.137
7390,0.152
7400,0.158
7410,0.150
7420,0.142
7430,0.165
7440,0.165
7450,0.146
7460,0.149
7470,0.146
7480,0.143
7490,0.158
7500,0.146
7510,0.138
7520,0.146
7530,0.149
7540,0.141
7550,0.142
7560,0.134
7570,0.143
7580,0.138
7590,0.143
7600,0.141
7610,0.124
7620,0.141
7630,0.133
7640,0.141
7650,0.153
7660,0.156
7670,0.143
7680,0.137
7690,0.142
7700,0.143
7710,0.142
7720,0.150
7730,0.135
7740,0.138
7750,0.130
7760,0.139
7770,0.133
7780,0.120
7790,0.120
7800,0.137
7810,0.127
7820,0.120
7830,0.122
7840,0.124
7850,0.126
7860,0.126
7870,0.126
7880,0.124
7890,0.115
7900,0.133
7910,0.130
7920,0.133
7930,0.120
7940,0.134
7950,0.135
7960,0.122
7970,0.130
7980,0.124
7990,0.134
8000,0.133
8010,0.126
8020,0.138
8030,0.139
8040,0.127
8050,0.134
8060,0.129
8070,0.130
8080,0.124
8090,0.130
8100,0.124
8110,0.135
8120,0.137
8130,0.130
8140,0.129
8150,0.134
8160,0.130
8170,0.120
8180,0.126
8190,0.123
8200,0.137
8210,0.131
8220,0.131
8230,0.127
8240,0.111
8250,0.122
8260,0.112
8270,0.110
8280,0.114
8290,0.114
8300,0.123
8310,0.119
8320,0.123
8330,0.110
8340,0.112
8350,0.123
8360,0.116
8370,0.116
8380,0.115
8390,0.108
8400,0.112
8410,0.116
8420,0.118
8430,0.120
8440,0.118
8450,0.114
8460,0.114
8470,0.106
8480,0.097
8490,0.112
8500,0.111
8510,0.101
8520,0.123
8530,0.110
8540,0.101
8550,0.110
8560,0.115
8570,0.104
8580,0.112
8590,0.115
8600,0.124
8610,0.114
8620,0.112
8630,0.115
8640,0.116
8650,0.112
8660,0.112
8670,0.115
8680,0.112
8690,0.119
8700,0.131
8710,0.123
8720,0.133
8730,0.124
8740,0.122
8750,0.129
8760,0.130
8770,0.134
8780,0.139
8790,0.146
8800,0.150
8810,0.152
8820,0.150
8830,0.147
8840,0.135
8850,0.152
8860,0.149
8870,0.145
8880,0.142
8890,0.134
8900,0.149
8910,0.134
8920,0.131
8930,0.129
8940,0.127
8950,0.135
8960,0.124
8970,0.119
8980,0.135
8990,0.142
9000,0.141
9010,0.134
9020,0.138
9030,0.131
9040,0.142
9050,0.145
9060,0.147
9070,0.147
9080,0.130
9090,0.138
9100,0.141
9110,0.130
9120,0.115
9130,0.118
9140,0.127
9150,0.122
9160,0.124
9170,0.122
9180,0.129
9190,0.124
9200,0.120
9210,0.122
9220,0.123
9230,0.122
9240,0.120
9250,0.127
9260,0.119
9270,0.126
9280,0.127
9290,0.126
9300,0.116
9310,0.122
9320,0.115
9330,0.114
9340,0.123
9350,0.119
9360,0.118
9370,0.115
9380,0.111
9390,0.122
9400,0.124
9410,0.134
9420,0.127
9430,0.118
9440,0.134
9450,0.120
9460,0.115
9470,0.124
9480,0.118
9490,0.108
9500,0.122
9510,0.119
9520,0.123
9530,0.123
9540,0.116
9550,0.114
9560,0.111
9570,0.120
9580,0.122
9590,0.124
9600,0.118
9610,0.116
9620,0.118
9630,0.120
9640,0.120
9650,0.120
9660,0.120
9670,0.101
9680,0.114
9690,0.118
9700,0.116
9710,0.115
9720,0.122
9730,0.118
9740,0.099
9750,0.118
9760,0.120
9770,0.115
9780,0.118
9790,0.116
9800,0.110
9810,0.112
9820,0.100
9830,0.110
9840,0.120
9850,0.106
9860,0.118
9870,0.110
9880,0.112
9890,0.116
9900,0.114
9910,0.111
9920,0.107
9930,0.104
9940,0.104
9950,0.106
9960,0.118
9970,0.100
9980,0.115
9990,0.111
10000,0.106
10010,0.114
10020,0.123
10030,0.096
10040,0.104
10050,0.106
10060,0.096
10070,0.088
10080,0.100
10090,0.104
10100,0.100
10110,0.097
10120,0.096
10130,0.099
10140,0.095
10150,0.088
10160,0.088
10170,0.087
10180,0.096
10190,0.092
10200,0.092
10210,0.091
10220,0.093
10230,0.091
10240,0.104
10250,0.104
10260,0.100
10270,0.101
10280,0.106
10290,0.100
10300,0.108
10310,0.095
10320,0.104
10330,0.097
10340,0.103
10350,0.111
10360,0.104
10370,0.108
10380,0.103
10390,0.111
10400,0.103
10410,0.100
10420,0.096
10430,0.114
10440,0.108
10450,0.099
10460,0.101
10470,0.095
10480,0.093
10490,0.087
10500,0.074
10510,0.084
10520,0.078
10530,0.088
10540,0.078
10550,0.078
10560,0.080
10570,0.084
10580,0.099
10590,0.089
10600,0.088
10610,0.085
10620,0.088
10630,0.101
10640,0.089
10650,0.083
10660,0.084
10670,0.080
10680,0.087
10690,0.077
10700,0.088
10710,0.088
10720,0.076
10730,0.081
10740,0.085
10750,0.091
10760,0.092
10770,0.088
10780,0.089
10790,0.080
10800,0.077
10810,0.083
10820,0.101
10830,0.087
10840,0.089
10850,0.076
10860,0.085
10870,0.078
10880,0.073
10890,0.065
10900,0.072
10910,0.065
10920,0.069
10930,0.070
10940,0.062
10950,0.060
10960,0.065
10970,0.072
10980,0.055
10990,0.065
11000,0.073
11010,0.083
11020,0.074
11030,0.068
11040,0.078
11050,0.077
11060,0.077
11070,0.088
11080,0.080
11090,0.093
11100,0.084
11110,0.070
11120,0.083
11130,0.070
11140,0.078
11150,0.085
11160,0.084
11170,0.087
11180,0.087
11190,0.081
11200,0.083
11210,0.087
11220,0.083
11230,0.087
11240,0.091
11250,0.077
11260,0.069
11270,0.070
11280,0.077
11290,0.083
11300,0.080
11310,0.078
11320,0.083
11330,0.084
11340,0.087
11350,0.101
11360,0.099
11370,0.099
11380,0.093
11390,0.091
11400,0.091
11410,0.101
11420,0.104
11430,0.107
11440,0.106
11450,0.106
11460,0.110
11470,0.115
11480,0.126
11490,0.111
11500,0.104
11510,0.118
11520,0.112
11530,0.106
11540,0.106
11550,0.120
11560,0.118
11570,0.103
11580,0.111
11590,0.111
11600,0.104
11610,0.110
11620,0.111
11630,0.119
11640,0.116
11650,0.112
11660,0.111
11670,0.112
11680,0.108
11690,0.110
11700,0.101
11710,0.089
11720,0.110
11730,0.103
11740,0.101
11750,0.097
11760,0.097
11770,0.089
11780,0.097
11790,0.088
11800,0.088
11810,0.097
11820,0.092
11830,0.087
11840,0.085
11850,0.084
11860,0.089
11870,0.088
11880,0.095
11890,0.103
11900,0.088
11910,0.096
11920,0.093
11930,0.093
11940,0.083
11950,0.081
11960,0.088
11970,0.092
11980,0.096
11990,0.099
12000,0.083
12010,0.096
12020,0.085
12030,0.081
12040,0.068
12050,0.070
12060,0.073
12070,0.070
12080,0.076
12090,0.074
12100,0.081
12110,0.077
12120,0.089
12130,0.085
12140,0.081
12150,0.101
12160,0.095
12170,0.104
12180,0.092
12190,0.085
12200,0.081
12210,0.080
12220,0.072
12230,0.065
12240,0.065
12250,0.070
12260,0.076
12270,0.077
12280,0.072
12290,0.078
12300,0.073
12310,0.065
12320,0.064
12330,0.055
12340,0.061
12350,0.073
12360,0.077
12370,0.078
12380,0.077
12390,0.072
12400,0.074
12410,0.083
12420,0.083
12430,0.092
12440,0.087
12450,0.069
12460,0.078
12470,0.072
12480,0.066
12490,0.065
12500,0.064
12510,0.066
12520,0.054
12530,0.055
12540,0.060
12550,0.062
12560,0.057
12570,0.057
12580,0.050
12590,0.053
12600,0.046
12610,0.045
12620,0.049
12630,0.046
12640,0.043
12650,0.039
12660,0.043
12670,0.038
12680,0.042
12690,0.038
12700,0.046
12710,0.035
12720,0.043
12730,0.037
12740,0.043
12750,0.039
12760,0.038
12770,0.035
12780,0.037
12790,0.039
12800,0.039
12810,0.037
12820,0.035
12830,0.031
12840,0.041
12850,0.031
12860,0.037
12870,0.042
12880,0.054
12890,0.031
12900,0.039
12910,0.049
12920,0.046
12930,0.045
12940,0.039
12950,0.039
12960,0.045
12970,0.039
12980,0.054
12990,0.047
13000,0.047
13010,0.051
13020,0.057
13030,0.054
13040,0.051
13050,0.057
13060,0.053
13070,0.053
13080,0.053
13090,0.066
13100,0.053
13110,0.054
13120,0.061
13130,0.058
13140,0.051
13150,0.051
13160,0.053
13170,0.043
13180,0.049
13190,0.035
13200,0.045
13210,0.043
13220,0.051
13230,0.042
13240,0.046
13250,0.039
13260,0.049
13270,0.047
13280,0.045
13290,0.042
13300,0.037
13310,0.045
13320,0.043
13330,0.043
13340,0.042
13350,0.038
13360,0.037
13370,0.035
13380,0.027
13390,0.031
13400,0.022
13410,0.019
13420,0.027
13430,0.022
13440,0.026
13450,0.032
13460,0.030
13470,0.031
13480,0.016
13490,0.020
13500,0.018
13510,0.020
13520,0.026
13530,0.034
13540,0.031
13550,0.027
13560,0.020
13570,0.030
13580,0.016
13590,0.016
13600,0.020
13610,0.027
13620,0.023
13630,0.030
13640,0.015
13650,0.031
13660,0.030
13670,0.032
13680,0.028
13690,0.024
13700,0.031
13710,0.034
13720,0.023
13730,0.023
13740,0.023
13750,0.030
13760,0.026
13770,0.030
13780,0.035
13790,0.026
13800,0.037
13810,0.034
13820,0.041
13830,0.043
13840,0.037
13850,0.041
13860,0.038
13870,0.050
13880,0.050
13890,0.047
13900,0.047
13910,0.050
13920,0.062
13930,0.064
13940,0.064
13950,0.054
13960,0.062
13970,0.057
13980,0.062
13990,0.062
14000,0.051
14010,0.050
14020,0.039
14030,0.051
14040,0.051
14050,0.054
14060,0.050
14070,0.050
14080,0.043
14090,0.050
14100,0.043
14110,0.043
14120,0.041
14130,0.047
14140,0.051
14150,0.055
14160,0.043
14170,0.042
14180,0.038
14190,0.046
14200,0.051
14210,0.042
14220,0.042
14230,0.037
14240,0.027
14250,0.035
14260,0.037
14270,0.042
14280,0.046
14290,0.037
14300,0.041
14310,0.032
14320,0.041
14330,0.042
14340,0.038
14350,0.032
14360,0.032
14370,0.030
14380,0.035
14390,0.047
14400,0.043
14410,0.039
14420,0.041
14430,0.041
14440,0.037
14450,0.042
14460,0.041
14470,0.043
14480,0.038
14490,0.043
14500,0.030
14510,0.030
14520,0.042
14530,0.035
14540,0.037
14550,0.042
14560,0.047
14570,0.045
14580,0.051
14590,0.050
14600,0.038
14610,0.041
14620,0.039
14630,0.043
14640,0.042
14650,0.034
14660,0.039
14670,0.041
14680,0.035
14690,0.041
14700,0.037
14710,0.042
14720,0.042
14730,0.038
14740,0.030
14750,0.028
14760,0.035
14770,0.032
14780,0.034
14790,0.037
14800,0.039
14810,0.045
14820,0.041
14830,0.047
14840,0.045
14850,0.043
14860,0.042
14870,0.041
14880,0.046
14890,0.038
14900,0.037
14910,0.042
14920,0.041
14930,0.035
14940,0.038
14950,0.042
14960,0.042
14970,0.046
14980,0.037
14990,0.049
15000,0.049
15010,0.043
15020,0.049
15030,0.046
15040,0.047
15050,0.046
15060,0.045
15070,0.043
15080,0.038
15090,0.037
15100,0.039
15110,0.053
15120,0.028
15130,0.028
15140,0.032
15150,0.024
15160,0.026
15170,0.027
15180,0.032
15190,0.035
15200,0.037
15210,0.046
15220,0.046
15230,0.045
15240,0.028
15250,0.034
15260,0.028
15270,0.039
15280,0.047
15290,0.045
15300,0.042
15310,0.054
15320,0.047
15330,0.047
15340,0.060
15350,0.055
15360,0.043
15370,0.037
15380,0.051
15390,0.051
15400,0.046
15410,0.051
15420,0.039
15430,0.049
15440,0.042
15450,0.041
15460,0.049
15470,0.050
15480,0.054
15490,0.047
15500,0.047
15510,0.054
15520,0.045
15530,0.042
15540,0.049
15550,0.060
15560,0.064
15570,0.053
15580,0.058
15590,0.055
15600,0.057
15610,0.047
15620,0.046
15630,0.050
15640,0.053
15650,0.072
15660,0.064
15670,0.062
15680,0.057
15690,0.072
15700,0.062
15710,0.069
15720,0.055
15730,0.050
15740,0.050
15750,0.068
15760,0.054
15770,0.073
15780,0.073
15790,0.066
15800,0.058
15810,0.074
15820,0.069
15830,0.073
15840,0.068
15850,0.062
15860,0.053
15870,0.077
15880,0.058
15890,0.058
15900,0.069
15910,0.070
15920,0.076
15930,0.087
15940,0.068
15950,0.072
15960,0.072
15970,0.062
15980,0.058
15990,0.065
16000,0.066
16010,0.076
16020,0.088
16030,0.081
16040,0.069
16050,0.080
16060,0.070
16070,0.070
16080,0.055
16090,0.054
16100,0.058
16110,0.057
16120,0.060
16130,0.074
16140,0.074
16150,0.070
16160,0.058
16170,0.064
16180,0.054
16190,0.046
16200,0.057
16210,0.053
16220,0.045
16230,0.050
16240,0.050
16250,0.055
16260,0.054
16270,0.046
16280,0.047
16290,0.045
16300,0.037
16310,0.038
16320,0.043
16330,0.047
16340,0.064
16350,0.055
16360,0.051
16370,0.051
16380,0.060
16390,0.061
16400,0.061
16410,0.061
16420,0.069
16430,0.053
16440,0.049
16450,0.049
16460,0.053
16470,0.049
16480,0.038
16490,0.046
16500,0.045
16510,0.026
16520,0.035
16530,0.042
16540,0.042
16550,0.046
16560,0.053
16570,0.042
16580,0.043
16590,0.050
16600,0.047
16610,0.041
16620,0.039
16630,0.037
16640,0.035
16650,0.038
16660,0.035
16670,0.034
16680,0.043
16690,0.031
16700,0.031
16710,0.032
16720,0.037
16730,0.030
16740,0.041
16750,0.037
16760,0.035
16770,0.037
16780,0.037
16790,0.030
16800,0.043
16810,0.043
16820,0.038
16830,0.042
16840,0.035
16850,0.043
16860,0.039
16870,0.043
16880,0.042
16890,0.047
16900,0.046
16910,0.045
16920,0.045
16930,0.049
16940,0.049
16950,0.043
16960,0.051
16970,0.046
16980,0.043
16990,0.043
17000,0.049
17010,0.046
17020,0.041
17030,0.045
17040,0.041
17050,0.057
17060,0.065
17070,0.060
17080,0.061
17090,0.054
17100,0.053
17110,0.055
17120,0.060
17130,0.047
17140,0.054
17150,0.058
17160,0.053
17170,0.053
17180,0.046
17190,0.035
17200,0.042
17210,0.047
17220,0.043
17230,0.041
17240,0.053
17250,0.050
17260,0.042
17270,0.042
17280,0.041
17290,0.045
17300,0.053
17310,0.049
17320,0.055
17330,0.053
17340,0.049
17350,0.042
17360,0.045
17370,0.046
17380,0.049
17390,0.049
17400,0.049
17410,0.049
17420,0.045
17430,0.046
17440,0.050
17450,0.046
17460,0.039
17470,0.041
17480,0.037
17490,0.049
17500,0.039
17510,0.043
17520,0.050
17530,0.047
17540,0.055
17550,0.039
17560,0.049
17570,0.046
17580,0.060
17590,0.055
17600,0.051
17610,0.050
17620,0.050
17630,0.047
17640,0.047
17650,0.045
17660,0.041
17670,0.047
17680,0.034
17690,0.042
17700,0.049
17710,0.030
17720,0.043
17730,0.047
17740,0.045
17750,0.046
17760,0.038
17770,0.037
17780,0.027
17790,0.032
17800,0.035
17810,0.041
17820,0.039
17830,0.031
17840,0.031
17850,0.042
17860,0.045
17870,0.046
17880,0.049
17890,0.037
17900,0.050
17910,0.054
17920,0.049
17930,0.046
17940,0.053
17950,0.051
17960,0.042
17970,0.041
17980,0.047
17990,0.039
18000,0.037
18010,0.035
18020,0.046
18030,0.047
18040,0.043
18050,0.042
18060,0.053
18070,0.050
18080,0.042
18090,0.045
18100,0.050
18110,0.047
18120,0.046
18130,0.049
18140,0.058
18150,0.061
18160,0.068
18170,0.076
18180,0.077
18190,0.061
18200,0.069
18210,0.070
18220,0.061
18230,0.065
18240,0.073
18250,0.074
18260,0.080
18270,0.083
18280,0.069
18290,0.081
18300,0.078
18310,0.077
18320,0.062
18330,0.062
18340,0.073
18350,0.066
18360,0.068
18370,0.080
18380,0.080
18390,0.084
18400,0.081
18410,0.077
18420,0.070
18430,0.078
18440,0.073
18450,0.072
18460,0.085
18470,0.074
18480,0.077
18490,0.069
18500,0.069
18510,0.078
18520,0.077
18530,0.076
18540,0.072
18550,0.080
18560,0.072
18570,0.064
18580,0.068
18590,0.072
18600,0.065
18610,0.043
18620,0.051
18630,0.049
18640,0.045
18650,0.050
18660,0.053
18670,0.043
18680,0.035
18690,0.039
18700,0.037
18710,0.045
18720,0.050
18730,0.046
18740,0.049
18750,0.050
18760,0.054
18770,0.064
18780,0.069
18790,0.064
18800,0.068
18810,0.045
18820,0.057
18830,0.051
18840,0.055
18850,0.053
18860,0.051
18870,0.055
18880,0.057
18890,0.062
18900,0.069
18910,0.058
18920,0.069
18930,0.066
18940,0.065
18950,0.065
18960,0.062
18970,0.058
18980,0.062
18990,0.061
19000,0.058
19010,0.065
19020,0.053
19030,0.060
19040,0.046
19050,0.064
19060,0.065
19070,0.060
19080,0.058
19090,0.066
19100,0.058
19110,0.055
19120,0.062
19130,0.050
19140,0.050
19150,0.045
19160,0.050
19170,0.050
19180,0.042
19190,0.045
19200,0.051
19210,0.050
19220,0.054
19230,0.053
19240,0.066
19250,0.060
19260,0.054
19270,0.066
19280,0.055
19290,0.072
19300,0.058
19310,0.064
19320,0.054
19330,0.053
19340,0.051
19350,0.043
19360,0.054
19370,0.043
19380,0.060
19390,0.054
19400,0.061
19410,0.064
19420,0.062
19430,0.061
19440,0.046
19450,0.057
19460,0.050
19470,0.043
19480,0.045
19490,0.047
19500,0.046
19510,0.041
19520,0.038
19530,0.037
19540,0.031
19550,0.034
19560,0.039
19570,0.047
19580,0.046
19590,0.047
19600,0.043
19610,0.045
19620,0.043
19630,0.046
19640,0.035
19650,0.039
19660,0.038
19670,0.037
19680,0.039
19690,0.035
19700,0.047
19710,0.042
19720,0.045
19730,0.046
19740,0.037
19750,0.039
19760,0.035
19770,0.032
19780,0.024
19790,0.027
19800,0.037
19810,0.039
19820,0.042
19830,0.035
19840,0.037
19850,0.038
19860,0.035
19870,0.039
19880,0.045
19890,0.045
19900,0.050
19910,0.049
19920,0.053
19930,0.049
19940,0.042
19950,0.046
19960,0.046
19970,0.045
19980,0.051
19990,0.045
20000,0.047
