# time, fQ
0,0.851
10,0.756
20,0.744
30,0.733
40,0.742
50,0.721
60,0.677
70,0.683
80,0.681
90,0.683
100,0.662
110,0.675
120,0.687
130,0.671
140,0.713
150,0.681
160,0.668
170,0.671
180,0.654
190,0.633
200,0.645
210,0.624
220,0.628
230,0.637
240,0.647
250,0.659
260,0.650
270,0.640
280,0.632
290,0.622
300,0.624
310,0.612
320,0.597
330,0.621
340,0.618
350,0.627
360,0.631
370,0.636
380,0.637
390,0.655
400,0.629
410,0.660
420,0.644
430,0.608
440,0.637
450,0.613
460,0.585
470,0.576
480,0.575
490,0.587
500,0.566
510,0.558
520,0.568
530,0.583
540,0.566
550,0.604
560,0.604
570,0.597
580,0.586
590,0.610
600,0.602
610,0.587
620,0.575
630,0.563
640,0.574
650,0.556
660,0.586
670,0.586
680,0.605
690,0.601
700,0.587
710,0.578
720,0.581
730,0.562
740,0.575
750,0.582
760,0.591
770,0.593
780,0.586
790,0.593
800,0.568
810,0.605
820,0.583
830,0.589
840,0.582
850,0.593
860,0.612
870,0.614
880,0.604
890,0.618
900,0.609
910,0.599
920,0.598
930,0.598
940,0.595
950,0.594
960,0.553
970,0.593
980,0.601
990,0.617
1000,0.614
1010,0.608
1020,0.606
1030,0.612
1040,0.595
1050,0.599
1060,0.606
1070,0.620
1080,0.608
1090,0.595
1100,0.576
1110,0.595
1120,0.585
1130,0.568
1140,0.548
1150,0.568
1160,0.587
1170,0.574
1180,0.598
1190,0.582
1200,0.604
1210,0.604
1220,0.606
1230,0.581
1240,0.599
1250,0.612
1260,0.597
1270,0.616
1280,0.620
1290,0.614
1300,0.604
1310,0.598
1320,0.602
1330,0.563
1340,0.578
1350,0.563
1360,0.553
1370,0.549
1380,0.563
1390,0.589
1400,0.576
1410,0.562
1420,0.581
1430,0.556
1440,0.564
1450,0.568
1460,0.560
1470,0.549
1480,0.536
1490,0.568
1500,0.560
1510,0.574
1520,0.545
1530,0.553
1540,0.556
1550,0.567
1560,0.543
1570,0.555
1580,0.541
1590,0.548
1600,0.540
1610,0.552
1620,0.562
1630,0.563
1640,0.528
1650,0.559
1660,0.549
1670,0.548
1680,0.541
1690,0.529
1700,0.517
1710,0.530
1720,0.522
1730,0.526
1740,0.532
1750,0.521
1760,0.533
1770,0.516
1780,0.539
1790,0.529
1800,0.529
1810,0.553
1820,0.528
1830,0.545
1840,0.540
1850,0.539
1860,0.551
1870,0.533
1880,0.536
1890,0.530
1900,0.556
1910,0.536
1920,0.516
1930,0.528
1940,0.507
1950,0.545
1960,0.530
1970,0.552
1980,0.547
1990,0.545
2000,0.545
2010,0.540
2020,0.552
2030,0.537
2040,0.528
2050,0.529
2060,0.532
2070,0.539
2080,0.539
2090,0.536
2100,0.514
2110,0.516
2120,0.509
2130,0.480
2140,0.506
2150,0.530
2160,0.520
2170,0.539
2180,0.512
2190,0.514
2200,0.525
2210,0.509
2220,0.517
2230,0.516
2240,0.545
2250,0.520
2260,0.526
2270,0.521
2280,0.513
2290,0.560
2300,0.545
2310,0.553
2320,0.530
2330,0.526
2340,0.530
2350,0.532
2360,0.517
2370,0.518
2380,0.517
2390,0.522
2400,0.528
2410,0.530
2420,0.521
2430,0.505
2440,0.498
2450,0.517
2460,0.501
2470,0.490
2480,0.505
2490,0.521
2500,0.521
2510,0.499
2520,0.524
2530,0.533
2540,0.521
2550,0.536
2560,0.526
2570,0.499
2580,0.507
2590,0.505
2600,0.505
2610,0.516
2620,0.514
2630,0.498
2640,0.532
2650,0.516
2660,0.513
2670,0.520
2680,0.507
2690,0.505
2700,0.512
2710,0.478
2720,0.487
2730,0.497
2740,0.486
2750,0.472
2760,0.457
2770,0.452
2780,0.470
2790,0.452
2800,0.441
2810,0.436
2820,0.448
2830,0.432
2840,0.417
2850,0.428
2860,0.474
2870,0.491
2880,0.472
2890,0.471
2900,0.456
2910,0.463
2920,0.468
2930,0.447
2940,0.444
2950,0.440
2960,0.441
2970,0.455
2980,0.457
2990,0.487
3000,0.463
3010,0.432
3020,0.453
3030,0.449
3040,0.461
3050,0.436
3060,0.451
3070,0.448
3080,0.451
3090,0.456
3100,0.472
3110,0.497
3120,0.463
3130,0.457
3140,0.474
3150,0.488
3160,0.474
3170,0.486
3180,0.499
3190,0.497
3200,0.459
3210,0.471
3220,0.461
3230,0.460
3240,0.471
3250,0.455
3260,0.455
3270,0.437
3280,0.436
3290,0.428
3300,0.428
3310,0.426
3320,0.425
3330,0.413
3340,0.433
3350,0.453
3360,0.433
3370,0.440
3380,0.433
3390,0.428
3400,0.418
3410,0.436
3420,0.455
3430,0.424
3440,0.407
3450,0.424
3460,0.424
3470,0.419
3480,0.424
3490,0.426
3500,0.418
3510,0.436
3520,0.419
3530,0.432
3540,0.438
3550,0.402
3560,0.422
3570,0.405
3580,0.390
3590,0.384
3600,0.407
3610,0.401
3620,0.398
3630,0.396
3640,0.403
3650,0.390
3660,0.396
3670,0.403
3680,0.415
3690,0.409
3700,0.406
3710,0.396
3720,0.410
3730,0.403
3740,0.396
3750,0.415
3760,0.429
3770,0.413
3780,0.399
3790,0.409
3800,0.406
3810,0.411
3820,0.413
3830,0.414
3840,0.436
3850,0.419
3860,0.410
3870,0.430
3880,0.429
3890,0.436
3900,0.406
3910,0.411
3920,0.413
3930,0.414
3940,0.398
3950,0.403
3960,0.418
3970,0.409
3980,0.410
3990,0.434
4000,0.410
4010,0.409
4020,0.413
4030,0.402
4040,0.410
4050,0.413
4060,0.424
4070,0.434
4080,0.432
4090,0.440
4100,0.429
4110,0.424
4120,0.426
4130,0.411
4140,0.426
4150,0.398
4160,0.422
4170,0.438
4180,0.444
4190,0.419
4200,0.413
4210,0.414
4220,0.405
4230,0.409
4240,0.415
4250,0.430
4260,0.426
4270,0.428
4280,0.414
4290,0.421
4300,0.403
4310,0.409
4320,0.403
4330,0.422
4340,0.418
4350,0.414
4360,0.396
4370,0.415
4380,0.432
4390,0.419
4400,0.396
4410,0.390
4420,0.387
4430,0.409
4440,0.419
4450,0.401
4460,0.406
4470,0.396
4480,0.414
4490,0.429
4500,0.425
4510,0.414
4520,0.407
4530,0.407
4540,0.409
4550,0.386
4560,0.388
4570,0.399
4580,0.392
4590,0.379
4600,0.372
4610,0.382
4620,0.399
4630,0.403
4640,0.386
4650,0.403
4660,0.384
4670,0.403
4680,0.392
4690,0.388
4700,0.387
4710,0.382
4720,0.365
4730,0.380
4740,0.379
4750,0.376
4760,0.365
4770,0.380
4780,0.359
4790,0.363
4800,0.369
4810,0.350
4820,0.356
4830,0.361
4840,0.365
4850,0.382
4860,0.353
4870,0.349
4880,0.361
4890,0.356
4900,0.363
4910,0.369
4920,0.345
4930,0.364
4940,0.360
4950,0.349
4960,0.341
4970,0.338
4980,0.315
4990,0.342
5000,0.346
5010,0.346
5020,0.322
5030,0.332
5040,0.322
5050,0.326
5060,0.321
5070,0.333
5080,0.323
5090,0.318
5100,0.336
5110,0.337
5120,0.359
5130,0.334
5140,0.357
5150,0.359
5160,0.337
5170,0.325
5180,0.330
5190,0.326
5200,0.315
5210,0.315
5220,0.322
5230,0.319
5240,0.329
5250,0.346
5260,0.350
5270,0.338
5280,0.344
5290,0.350
5300,0.337
5310,0.333
5320,0.344
5330,0.359
5340,0.353
5350,0.359
5360,0.365
5370,0.342
5380,0.325
5390,0.317
5400,0.332
5410,0.318
5420,0.317
5430,0.313
5440,0.334
5450,0.332
5460,0.309
5470,0.313
5480,0.319
5490,0.323
5500,0.321
5510,0.315
5520,0.304
5530,0.313
5540,0.314
5550,0.303
5560,0.299
5570,0.295
5580,0.298
5590,0.309
5600,0.281
5610,0.288
5620,0.280
5630,0.290
5640,0.288
5650,0.268
5660,0.281
5670,0.296
5680,0.299
5690,0.280
5700,0.261
5710,0.272
5720,0.287
5730,0.279
5740,0.295
5750,0.298
5760,0.298
5770,0.290
5780,0.302
5790,0.296
5800,0.306
5810,0.283
5820,0.279
5830,0.276
5840,0.275
5850,0.268
5860,0.280
5870,0.260
5880,0.249
5890,0.249
5900,0.253
5910,0.267
5920,0.246
5930,0.252
5940,0.250
5950,0.258
5960,0.254
5970,0.263
5980,0.267
5990,0.265
6000,0.257
6010,0.252
6020,0.261
6030,0.269
6040,0.248
6050,0.268
6060,0.269
6070,0.265
6080,0.254
6090,0.256
6100,0.237
6110,0.241
6120,0.242
6130,0.254
6140,0.267
6150,0.254
6160,0.250
6170,0.257
6180,0.267
6190,0.257
6200,0.271
6210,0.286
6220,0.291
6230,0.283
6240,0.265
6250,0.264
6260,0.254
6270,0.260
6280,0.265
6290,0.269
6300,0.249
6310,0.233
6320,0.265
6330,0.269
6340,0.261
6350,0.260
6360,0.261
6370,0.256
6380,0.249
6390,0.250
6400,0.238
6410,0.248
6420,0.234
6430,0.230
6440,0.223
6450,0.214
6460,0.225
6470,0.211
6480,0.208
6490,0.218
6500,0.221
6510,0.235
6520,0.221
6530,0.221
6540,0.219
6550,0.203
6560,0.207
6570,0.218
6580,0.210
6590,0.208
6600,0.204
6610,0.199
6620,0.202
6630,0.200
6640,0.191
6650,0.192
6660,0.210
6670,0.218
6680,0.204
6690,0.215
6700,0.210
6710,0.204
6720,0.203
6730,0.199
6740,0.206
6750,0.226
6760,0.203
6770,0.212
6780,0.194
6790,0.207
6800,0.194
6810,0.194
6820,0.199
6830,0.194
6840,0.185
6850,0.184
6860,0.175
6870,0.202
6880,0.211
6890,0.211
6900,0.219
6910,0.240
6920,0.225
6930,0.214
6940,0.200
6950,0.212
6960,0.221
6970,0.204
6980,0.195
6990,0.198
7000,0.202
7010,0.192
7020,0.189
7030,0.188
7040,0.196
7050,0.189
7060,0.188
7070,0.198
7080,0.204
7090,0.194
7100,0.198
7110,0.194
7120,0.202
7130,0.187
7140,0.202
7150,0.189
7160,0.194
7170,0.192
7180,0.198
7190,0.194
7200,0.196
7210,0.195
7220,0.203
7230,0.207
7240,0.177
7250,0.185
7260,0.200
7270,0.183
7280,0.184
7290,0.175
7300,0.191
7310,0.189
7320,0.187
7330,0.189
7340,0.189
7350,0.175
7360,0.165
7370,0.176
7380,0.180
7390,0.179
7400,0.180
7410,0.181
7420,0.173
7430,0.166
7440,0.175
7450,0.184
7460,0.177
7470,0.164
7480,0.180
7490,0.173
7500,0.166
7510,0.181
7520,0.162
7530,0.168
7540,0.166
7550,0.168
7560,0.183
7570,0.189
7580,0.173
7590,0.168
7600,0.177
7610,0.169
7620,0.166
7630,0.176
7640,0.173
7650,0.175
7660,0.175
7670,0.165
7680,0.160
7690,0.162
7700,0.147
7710,0.147
7720,0.165
7730,0.158
7740,0.157
7750,0.156
7760,0.153
7770,0.168
7780,0.157
7790,0.147
7800,0.149
7810,0.147
7820,0.152
7830,0.142
7840,0.137
7850,0.143
7860,0.139
7870,0.150
7880,0.146
7890,0.138
7900,0.129
7910,0.138
7920,0.145
7930,0.139
7940,0.153
7950,0.149
7960,0.153
7970,0.149
7980,0.141
7990,0.150
8000,0.158
8010,0.149
8020,0.153
8030,0.139
8040,0.133
8050,0.137
8060,0.133
8070,0.122
8080,0.129
8090,0.143
8100,0.129
8110,0.120
8120,0.130
8130,0.114
8140,0.115
8150,0.124
8160,0.137
8170,0.127
8180,0.130
8190,0.130
8200,0.127
8210,0.116
8220,0.122
8230,0.115
8240,0.119
8250,0.127
8260,0.126
8270,0.111
8280,0.123
8290,0.120
8300,0.124
8310,0.119
8320,0.114
8330,0.116
8340,0.110
8350,0.088
8360,0.083
8370,0.088
8380,0.104
8390,0.115
8400,0.103
8410,0.089
8420,0.093
8430,0.092
8440,0.085
8450,0.084
8460,0.078
8470,0.087
8480,0.085
8490,0.087
8500,0.073
8510,0.078
8520,0.077
8530,0.081
8540,0.084
8550,0.083
8560,0.078
8570,0.078
8580,0.081
8590,0.085
8600,0.088
8610,0.078
8620,0.085
8630,0.085
8640,0.074
8650,0.077
8660,0.081
8670,0.073
8680,0.083
8690,0.087
8700,0.077
8710,0.074
8720,0.070
8730,0.080
8740,0.062
8750,0.072
8760,0.061
8770,0.070
8780,0.066
8790,0.065
8800,0.072
8810,0.077
8820,0.074
8830,0.072
8840,0.074
8850,0.069
8860,0.065
8870,0.068
8880,0.066
8890,0.074
8900,0.064
8910,0.062
8920,0.061
8930,0.055
8940,0.061
8950,0.062
8960,0.068
8970,0.065
8980,0.058
8990,0.054
9000,0.060
9010,0.064
9020,0.064
9030,0.066
9040,0.073
9050,0.070
9060,0.065
9070,0.070
9080,0.069
9090,0.069
9100,0.066
9110,0.072
9120,0.057
9130,0.057
9140,0.057
9150,0.078
9160,0.077
9170,0.080
9180,0.078
9190,0.081
9200,0.070
9210,0.064
9220,0.062
9230,0.066
9240,0.058
9250,0.061
9260,0.053
9270,0.051
9280,0.055
9290,0.057
9300,0.069
9310,0.062
9320,0.064
9330,0.065
9340,0.068
9350,0.061
9360,0.058
9370,0.050
9380,0.058
9390,0.066
9400,0.062
9410,0.069
9420,0.068
9430,0.061
9440,0.057
9450,0.055
9460,0.058
9470,0.060
9480,0.072
9490,0.074
9500,0.081
9510,0.077
9520,0.078
9530,0.078
9540,0.068
9550,0.072
9560,0.081
9570,0.077
9580,0.083
9590,0.081
9600,0.070
9610,0.080
9620,0.083
9630,0.072
9640,0.073
9650,0.065
9660,0.077
9670,0.085
9680,0.077
9690,0.074
9700,0.083
9710,0.081
9720,0.085
9730,0.072
9740,0.070
9750,0.076
9760,0.057
9770,0.066
9780,0.064
9790,0.072
9800,0.069
9810,0.072
9820,0.051
9830,0.076
9840,0.064
9850,0.061
9860,0.065
9870,0.061
9880,0.057
9890,0.053
9900,0.049
9910,0.064
9920,0.068
9930,0.070
9940,0.070
9950,0.058
9960,0.064
9970,0.069
9980,0.069
9990,0.066
10000,0.066
10010,0.080
10020,0.087
10030,0.084
10040,0.081
10050,0.085
10060,0.081
10070,0.077
10080,0.070
10090,0.073
10100,0.064
10110,0.078
10120,0.081
10130,0.080
10140,0.069
10150,0.069
10160,0.072
10170,0.060
10180,0.073
10190,0.061
10200,0.070
10210,0.073
10220,0.076
10230,0.074
10240,0.077
10250,0.073
10260,0.078
10270,0.087
10280,0.084
10290,0.088
10300,0.081
10310,0.072
10320,0.074
10330,0.076
10340,0.073
10350,0.070
10360,0.068
10370,0.064
10380,0.065
10390,0.072
10400,0.083
10410,0.077
10420,0.076
10430,0.073
10440,0.074
10450,0.074
10460,0.070
10470,0.081
10480,0.078
10490,0.064
10500,0.074
10510,0.066
10520,0.058
10530,0.068
10540,0.081
10550,0.077
10560,0.076
10570,0.073
10580,0.077
10590,0.080
10600,0.081
10610,0.077
10620,0.084
10630,0.072
10640,0.073
10650,0.073
10660,0.072
10670,0.068
10680,0.070
10690,0.080
10700,0.061
10710,0.070
10720,0.073
10730,0.072
10740,0.072
10750,0.078
10760,0.070
10770,0.072
10780,0.076
10790,0.068
10800,0.065
10810,0.061
10820,0.072
10830,0.070
10840,0.072
10850,0.072
10860,0.069
10870,0.058
10880,0.066
10890,0.068
10900,0.070
10910,0.078
10920,0.077
10930,0.060
10940,0.070
10950,0.077
10960,0.068
10970,0.066
10980,0.060
10990,0.055
11000,0.072
11010,0.064
11020,0.064
11030,0.062
11040,0.057
11050,0.070
11060,0.066
11070,0.069
11080,0.060
11090,0.057
11100,0.062
11110,0.062
11120,0.068
11130,0.053
11140,0.068
11150,0.074
11160,0.070
11170,0.069
11180,0.076
11190,0.068
11200,0.065
11210,0.050
11220,0.060
11230,0.072
11240,0.073
11250,0.074
11260,0.084
11270,0.065
11280,0.074
11290,0.060
11300,0.070
11310,0.068
11320,0.058
11330,0.073
11340,0.077
11350,0.065
11360,0.076
11370,0.069
11380,0.068
11390,0.058
11400,0.066
11410,0.060
11420,0.054
11430,0.054
11440,0.057
11450,0.054
11460,0.055
11470,0.061
11480,0.070
11490,0.066
11500,0.064
11510,0.064
11520,0.055
11530,0.057
11540,0.065
11550,0.066
11560,0.074
11570,0.073
11580,0.055
11590,0.047
11600,0.057
11610,0.064
11620,0.054
11630,0.069
11640,0.057
11650,0.055
11660,0.057
11670,0.054
11680,0.045
11690,0.051
11700,0.057
11710,0.043
11720,0.047
11730,0.050
11740,0.042
11750,0.050
11760,0.042
11770,0.039
11780,0.043
11790,0.035
11800,0.042
11810,0.045
11820,0.051
11830,0.057
11840,0.049
11850,0.053
11860,0.057
11870,0.053
11880,0.057
11890,0.050
11900,0.054
11910,0.049
11920,0.050
11930,0.045
11940,0.045
11950,0.050
11960,0.046
11970,0.045
11980,0.038
11990,0.053
12000,0.050
12010,0.053
12020,0.051
12030,0.034
12040,0.041
12050,0.038
12060,0.037
12070,0.042
12080,0.038
12090,0.039
12100,0.045
12110,0.032
12120,0.034
12130,0.039
12140,0.050
12150,0.042
12160,0.037
12170,0.034
12180,0.038
12190,0.041
12200,0.035
12210,0.042
12220,0.032
12230,0.037
12240,0.030
12250,0.042
12260,0.039
12270,0.037
12280,0.035
12290,0.046
12300,0.042
12310,0.039
12320,0.039
12330,0.037
12340,0.034
12350,0.035
12360,0.043
12370,0.034
12380,0.046
12390,0.039
12400,0.046
12410,0.045
12420,0.045
12430,0.050
12440,0.041
12450,0.045
12460,0.053
12470,0.047
12480,0.058
12490,0.051
12500,0.069
12510,0.053
12520,0.054
12530,0.046
12540,0.053
12550,0.051
12560,0.043
12570,0.032
12580,0.035
12590,0.035
12600,0.032
12610,0.027
12620,0.030
12630,0.034
12640,0.031
12650,0.034
12660,0.043
12670,0.043
12680,0.038
12690,0.042
12700,0.046
12710,0.043
12720,0.038
12730,0.038
12740,0.039
12750,0.042
12760,0.045
12770,0.041
12780,0.042
12790,0.043
12800,0.043
12810,0.045
12820,0.046
12830,0.045
12840,0.039
12850,0.045
12860,0.041
12870,0.039
12880,0.049
12890,0.042
12900,0.054
12910,0.058
12920,0.053
12930,0.051
12940,0.061
12950,0.057
12960,0.043
12970,0.049
12980,0.047
12990,0.050
13000,0.050
13010,0.055
13020,0.055
13030,0.050
13040,0.051
13050,0.050
13060,0.051
13070,0.051
13080,0.057
13090,0.049
13100,0.057
13110,0.043
13120,0.046
13130,0.055
13140,0.050
13150,0.043
13160,0.049
13170,0.064
13180,0.058
13190,0.069
13200,0.061
13210,0.061
13220,0.051
13230,0.053
13240,0.060
13250,0.058
13260,0.049
13270,0.049
13280,0.060
13290,0.058
13300,0.053
13310,0.051
13320,0.045
13330,0.047
13340,0.049
13350,0.049
13360,0.046
13370,0.045
13380,0.047
13390,0.043
13400,0.034
13410,0.039
13420,0.046
13430,0.045
13440,0.047
13450,0.050
13460,0.037
13470,0.038
13480,0.042
13490,0.031
13500,0.034
13510,0.043
13520,0.047
13530,0.041
13540,0.038
13550,0.039
13560,0.039
13570,0.028
13580,0.037
13590,0.031
13600,0.043
13610,0.049
13620,0.043
13630,0.053
13640,0.050
13650,0.058
13660,0.055
13670,0.049
13680,0.046
13690,0.053
13700,0.054
13710,0.054
13720,0.045
13730,0.047
13740,0.043
13750,0.039
13760,0.042
13770,0.051
13780,0.054
13790,0.050
13800,0.055
13810,0.062
13820,0.054
13830,0.049
13840,0.046
13850,0.042
13860,0.050
13870,0.049
13880,0.053
13890,0.047
13900,0.054
13910,0.055
13920,0.065
13930,0.054
13940,0.054
13950,0.054
13960,0.061
13970,0.051
13980,0.058
13990,0.055
14000,0.051
14010,0.045
14020,0.050
14030,0.054
14040,0.042
14050,0.053
14060,0.046
14070,0.042
14080,0.043
14090,0.037
14100,0.038
14110,0.030
14120,0.020
14130,0.024
14140,0.028
14150,0.030
14160,0.030
14170,0.031
14180,0.026
14190,0.030
14200,0.034
14210,0.031
14220,0.038
14230,0.038
14240,0.045
14250,0.034
14260,0.045
14270,0.034
14280,0.031
14290,0.034
14300,0.042
14310,0.038
14320,0.042
14330,0.035
14340,0.031
14350,0.039
14360,0.027
14370,0.037
14380,0.024
14390,0.024
14400,0.023
14410,0.026
14420,0.024
14430,0.027
14440,0.024
14450,0.034
14460,0.022
14470,0.031
14480,0.031
14490,0.026
14500,0.032
14510,0.035
14520,0.027
14530,0.039
14540,0.028
14550,0.038
14560,0.035
14570,0.038
14580,0.035
14590,0.034
14600,0.034
14610,0.028
14620,0.032
14630,0.034
14640,0.039
14650,0.050
14660,0.050
14670,0.043
14680,0.043
14690,0.042
14700,0.042
14710,0.034
14720,0.043
14730,0.045
14740,0.041
14750,0.050
14760,0.042
14770,0.041
14780,0.037
14790,0.039
14800,0.037
14810,0.045
14820,0.039
14830,0.035
14840,0.037
14850,0.028
14860,0.032
14870,0.028
14880,0.030
14890,0.031
14900,0.027
14910,0.026
14920,0.028
14930,0.043
14940,0.031
14950,0.035
14960,0.032
14970,0.032
14980,0.039
14990,0.035
15000,0.042
15010,0.038
15020,0.034
15030,0.031
15040,0.042
15050,0.042
15060,0.038
15070,0.032
15080,0.037
15090,0.034
15100,0.032
15110,0.041
15120,0.035
15130,0.038
15140,0.028
15150,0.028
15160,0.042
15170,0.035
15180,0.037
15190,0.035
15200,0.022
15210,0.034
15220,0.032
15230,0.028
15240,0.016
15250,0.024
15260,0.022
15270,0.024
15280,0.022
15290,0.026
15300,0.023
15310,0.022
15320,0.026
15330,0.024
15340,0.016
15350,0.019
15360,0.026
15370,0.023
15380,0.022
15390,0.023
15400,0.018
15410,0.027
15420,0.022
15430,0.020
15440,0.024
15450,0.022
15460,0.016
15470,0.020
15480,0.023
15490,0.018
15500,0.023
15510,0.020
15520,0.020
15530,0.022
15540,0.019
15550,0.016
15560,0.015
15570,0.020
15580,0.011
15590,0.015
15600,0.016
15610,0.019
15620,0.024
15630,0.019
15640,0.015
15650,0.014
15660,0.012
15670,0.019
15680,0.015
15690,0.016
15700,0.023
15710,0.022
15720,0.027
15730,0.022
15740,0.028
15750,0.022
15760,0.030
15770,0.022
15780,0.030
15790,0.028
15800,0.034
15810,0.027
15820,0.027
15830,0.027
15840,0.038
15850,0.035
15860,0.032
15870,0.031
15880,0.041
15890,0.041
15900,0.041
15910,0.038
15920,0.038
15930,0.043
15940,0.046
15950,0.041
15960,0.046
15970,0.049
15980,0.043
15990,0.038
16000,0.043
16010,0.028
16020,0.030
16030,0.026
16040,0.028
16050,0.022
16060,0.027
16070,0.037
16080,0.030
16090,0.042
16100,0.038
16110,0.043
16120,0.032
16130,0.032
16140,0.039
16150,0.034
16160,0.041
16170,0.030
16180,0.032
16190,0.043
16200,0.034
16210,0.037
16220,0.037
16230,0.032
16240,0.041
16250,0.039
16260,0.035
16270,0.034
16280,0.042
16290,0.028
16300,0.026
16310,0.028
16320,0.028
16330,0.019
16340,0.022
16350,0.030
16360,0.031
16370,0.038
16380,0.035
16390,0.037
16400,0.039
16410,0.034
16420,0.031
16430,0.031
16440,0.028
16450,0.032
16460,0.030
16470,0.027
16480,0.031
16490,0.031
16500,0.027
16510,0.032
16520,0.031
16530,0.041
16540,0.039
16550,0.037
16560,0.034
16570,0.034
16580,0.030
16590,0.034
16600,0.038
16610,0.034
16620,0.030
16630,0.042
16640,0.042
16650,0.037
16660,0.045
16670,0.038
16680,0.027
16690,0.028
16700,0.031
16710,0.028
16720,0.030
16730,0.035
16740,0.037
16750,0.037
16760,0.034
16770,0.042
16780,0.034
16790,0.026
16800,0.027
16810,0.037
16820,0.034
16830,0.035
16840,0.046
16850,0.041
16860,0.038
16870,0.037
16880,0.034
16890,0.041
16900,0.037
16910,0.043
16920,0.050
16930,0.039
16940,0.032
16950,0.030
16960,0.032
16970,0.037
16980,0.042
16990,0.034
17000,0.041
17010,0.038
17020,0.034
17030,0.034
17040,0.039
17050,0.034
17060,0.041
17070,0.041
17080,0.039
17090,0.037
17100,0.035
17110,0.037
17120,0.038
17130,0.053
17140,0.041
17150,0.039
17160,0.037
17170,0.034
17180,0.035
17190,0.024
17200,0.039
17210,0.037
17220,0.032
17230,0.039
17240,0.028
17250,0.031
17260,0.024
17270,0.027
17280,0.024
17290,0.027
17300,0.026
17310,0.022
17320,0.023
17330,0.032
17340,0.023
17350,0.032
17360,0.024
17370,0.026
17380,0.027
17390,0.027
17400,0.026
17410,0.023
17420,0.027
17430,0.030
17440,0.032
17450,0.028
17460,0.024
17470,0.028
17480,0.028
17490,0.027
17500,0.032
17510,0.042
17520,0.039
17530,0.041
17540,0.038
17550,0.047
17560,0.038
17570,0.034
17580,0.035
17590,0.035
17600,0.031
17610,0.031
17620,0.031
17630,0.041
17640,0.032
17650,0.043
17660,0.039
17670,0.037
17680,0.031
17690,0.027
17700,0.031
17710,0.026
17720,0.028
17730,0.022
17740,0.027
17750,0.016
17760,0.020
17770,0.020
17780,0.023
17790,0.026
17800,0.027
17810,0.022
17820,0.026
17830,0.024
17840,0.026
17850,0.027
17860,0.027
17870,0.030
17880,0.026
17890,0.028
17900,0.035
17910,0.038
17920,0.028
17930,0.039
17940,0.030
17950,0.030
17960,0.030
17970,0.030
17980,0.018
17990,0.022
18000,0.026
18010,0.024
18020,0.030
18030,0.030
18040,0.032
18050,0.028
18060,0.034
18070,0.030
18080,0.031
18090,0.026
18100,0.031
18110,0.024
18120,0.019
18130,0.026
18140,0.030
18150,0.028
18160,0.016
18170,0.027
18180,0.024
18190,0.032
18200,0.028
18210,0.032
18220,0.016
18230,0.023
18240,0.031
18250,0.019
18260,0.024
18270,0.015
18280,0.022
18290,0.018
18300,0.015
18310,0.022
18320,0.032
18330,0.028
18340,0.026
18350,0.024
18360,0.030
18370,0.026
18380,0.023
18390,0.022
18400,0.031
18410,0.028
18420,0.034
18430,0.035
18440,0.034
18450,0.038
18460,0.027
18470,0.043
18480,0.032
18490,0.031
18500,0.032
18510,0.028
18520,0.032
18530,0.037
18540,0.038
18550,0.035
18560,0.035
18570,0.037
18580,0.035
18590,0.026
18600,0.024
18610,0.026
18620,0.039
18630,0.030
18640,0.030
18650,0.037
18660,0.026
18670,0.030
18680,0.022
18690,0.030
18700,0.019
18710,0.027
18720,0.024
18730,0.030
18740,0.018
18750,0.026
18760,0.023
18770,0.024
18780,0.023
18790,0.023
18800,0.018
18810,0.027
18820,0.024
18830,0.023
18840,0.035
18850,0.027
18860,0.027
18870,0.031
18880,0.024
18890,0.028
18900,0.035
18910,0.027
18920,0.023
18930,0.028
18940,0.042
18950,0.039
18960,0.046
18970,0.045
18980,0.047
18990,0.046
19000,0.047
19010,0.042
19020,0.050
19030,0.041
19040,0.042
19050,0.042
19060,0.047
19070,0.041
19080,0.043
19090,0.031
19100,0.032
19110,0.030
19120,0.034
19130,0.032
19140,0.035
19150,0.031
19160,0.045
19170,0.045
19180,0.035
19190,0.039
19200,0.035
19210,0.037
19220,0.037
19230,0.028
19240,0.031
19250,0.027
19260,0.024
19270,0.037
19280,0.035
19290,0.032
19300,0.034
19310,0.028
19320,0.028
19330,0.027
19340,0.020
19350,0.030
19360,0.030
19370,0.028
19380,0.028
19390,0.027
19400,0.028
19410,0.032
19420,0.027
19430,0.027
19440,0.037
19450,0.042
19460,0.043
19470,0.037
19480,0.051
19490,0.043
19500,0.042
19510,0.043
19520,0.041
19530,0.037
19540,0.047
19550,0.049
19560,0.042
19570,0.053
19580,0.055
19590,0.055
19600,0.051
19610,0.047
19620,0.050
19630,0.039
19640,0.050
19650,0.049
19660,0.042
19670,0.045
19680,0.038
19690,0.047
19700,0.047
19710,0.045
19720,0.047
19730,0.028
19740,0.038
19750,0.042
19760,0.034
19770,0.037
19780,0.043
19790,0.043
19800,0.043
19810,0.038
19820,0.034
19830,0.037
19840,0.035
19850,0.022
19860,0.024
19870,0.030
19880,0.030
19890,0.031
19900,0.027
19910,0.035
19920,0.027
19930,0.032
19940,0.031
19950,0.030
19960,0.030
19970,0.027
19980,0.023
19990,0.028
20000,0.028
