# time, fQ
0,0.851
10,0.786
20,0.777
30,0.743
40,0.731
50,0.733
60,0.731
70,0.725
80,0.706
90,0.737
100,0.709
110,0.729
120,0.704
130,0.723
140,0.679
150,0.690
160,0.685
170,0.720
180,0.679
190,0.694
200,0.682
210,0.681
220,0.675
230,0.674
240,0.682
250,0.677
260,0.686
270,0.694
280,0.691
290,0.691
300,0.691
310,0.698
320,0.686
330,0.674
340,0.668
350,0.671
360,0.683
370,0.675
380,0.663
390,0.683
400,0.679
410,0.666
420,0.662
430,0.644
440,0.650
450,0.639
460,0.650
470,0.639
480,0.631
490,0.650
500,0.612
510,0.636
520,0.636
530,0.645
540,0.660
550,0.632
560,0.633
570,0.612
580,0.614
590,0.643
600,0.631
610,0.624
620,0.627
630,0.625
640,0.604
650,0.644
660,0.656
670,0.647
680,0.659
690,0.654
700,0.651
710,0.663
720,0.675
730,0.652
740,0.650
750,0.635
760,0.652
770,0.654
780,0.648
790,0.658
800,0.659
810,0.635
820,0.647
830,0.671
840,0.648
850,0.663
860,0.663
870,0.679
880,0.681
890,0.664
900,0.664
910,0.687
920,0.675
930,0.668
940,0.677
950,0.647
960,0.660
970,0.647
980,0.628
990,0.622
1000,0.652
1010,0.643
1020,0.643
1030,0.670
1040,0.670
1050,0.675
1060,0.659
1070,0.662
1080,0.670
1090,0.656
1100,0.671
1110,0.650
1120,0.662
1130,0.639
1140,0.650
1150,0.645
1160,0.636
1170,0.636
1180,0.660
1190,0.654
1200,0.654
1210,0.659
1220,0.644
1230,0.645
1240,0.648
1250,0.647
1260,0.660
1270,0.666
1280,0.664
1290,0.673
1300,0.659
1310,0.648
1320,0.643
1330,0.617
1340,0.612
1350,0.606
1360,0.616
1370,0.639
1380,0.650
1390,0.650
1400,0.632
1410,0.643
1420,0.610
1430,0.618
1440,0.621
1450,0.624
1460,0.622
1470,0.625
1480,0.624
1490,0.629
1500,0.618
1510,0.629
1520,0.616
1530,0.610
1540,0.589
1550,0.616
1560,0.612
1570,0.616
1580,0.604
1590,0.597
1600,0.617
1610,0.624
1620,0.605
1630,0.610
1640,0.613
1650,0.612
1660,0.633
1670,0.627
1680,0.627
1690,0.605
1700,0.609
1710,0.644
1720,0.639
1730,0.601
1740,0.610
1750,0.616
1760,0.608
1770,0.621
1780,0.624
1790,0.620
1800,0.631
1810,0.578
1820,0.585
1830,0.595
1840,0.604
1850,0.616
1860,0.610
1870,0.612
1880,0.605
1890,0.622
1900,0.601
1910,0.620
1920,0.610
1930,0.606
1940,0.614
1950,0.597
1960,0.595
1970,0.591
1980,0.579
1990,0.598
2000,0.595
2010,0.582
2020,0.589
2030,0.598
2040,0.602
2050,0.590
2060,0.578
2070,0.581
2080,0.556
2090,0.559
2100,0.552
2110,0.556
2120,0.556
2130,0.560
2140,0.548
2150,0.590
2160,0.586
2170,0.597
2180,0.586
2190,0.571
2200,0.562
2210,0.562
2220,0.578
2230,0.558
2240,0.563
2250,0.539
2260,0.529
2270,0.537
2280,0.558
2290,0.552
2300,0.566
2310,0.556
2320,0.555
2330,0.562
2340,0.530
2350,0.530
2360,0.533
2370,0.544
2380,0.543
2390,0.549
2400,0.522
2410,0.522
2420,0.518
2430,0.533
2440,0.560
2450,0.548
2460,0.552
2470,0.558
2480,0.551
2490,0.555
2500,0.536
2510,0.559
2520,0.572
2530,0.574
2540,0.566
2550,0.560
2560,0.556
2570,0.537
2580,0.549
2590,0.586
2600,0.559
2610,0.572
2620,0.562
2630,0.564
2640,0.530
2650,0.547
2660,0.570
2670,0.568
2680,0.545
2690,0.560
2700,0.549
2710,0.553
2720,0.551
2730,0.524
2740,0.535
2750,0.541
2760,0.533
2770,0.540
2780,0.551
2790,0.553
2800,0.564
2810,0.558
2820,0.581
2830,0.564
2840,0.570
2850,0.590
2860,0.585
2870,0.579
2880,0.559
2890,0.553
2900,0.567
2910,0.556
2920,0.556
2930,0.568
2940,0.575
2950,0.559
2960,0.567
2970,0.571
2980,0.576
2990,0.578
3000,0.583
3010,0.566
3020,0.552
3030,0.572
3040,0.564
3050,0.568
3060,0.578
3070,0.562
3080,0.576
3090,0.566
3100,0.574
3110,0.548
3120,0.591
3130,0.567
3140,0.586
3150,0.558
3160,0.581
3170,0.579
3180,0.568
3190,0.535
3200,0.545
3210,0.521
3220,0.543
3230,0.537
3240,0.540
3250,0.544
3260,0.553
3270,0.544
3280,0.558
3290,0.552
3300,0.564
3310,0.576
3320,0.564
3330,0.552
3340,0.558
3350,0.574
3360,0.564
3370,0.548
3380,0.516
3390,0.524
3400,0.520
3410,0.532
3420,0.541
3430,0.555
3440,0.563
3450,0.566
3460,0.547
3470,0.555
3480,0.558
3490,0.567
3500,0.567
3510,0.562
3520,0.563
3530,0.547
3540,0.562
3550,0.559
3560,0.578
3570,0.562
3580,0.540
3590,0.551
3600,0.553
3610,0.545
3620,0.558
3630,0.548
3640,0.536
3650,0.539
3660,0.562
3670,0.562
3680,0.570
3690,0.558
3700,0.555
3710,0.540
3720,0.547
3730,0.533
3740,0.543
3750,0.532
3760,0.553
3770,0.540
3780,0.574
3790,0.543
3800,0.553
3810,0.563
3820,0.566
3830,0.566
3840,0.571
3850,0.556
3860,0.535
3870,0.570
3880,0.579
3890,0.589
3900,0.591
3910,0.585
3920,0.576
3930,0.568
3940,0.562
3950,0.563
3960,0.562
3970,0.585
3980,0.551
3990,0.559
4000,0.549
4010,0.537
4020,0.532
4030,0.568
4040,0.572
4050,0.563
4060,0.563
4070,0.548
4080,0.543
4090,0.562
4100,0.545
4110,0.559
4120,0.572
4130,0.560
4140,0.570
4150,0.556
4160,0.582
4170,0.560
4180,0.568
4190,0.579
4200,0.575
4210,0.552
4220,0.541
4230,0.536
4240,0.558
4250,0.568
4260,0.552
4270,0.564
4280,0.558
4290,0.560
4300,0.547
4310,0.570
4320,0.568
4330,0.556
4340,0.564
4350,0.564
4360,0.572
4370,0.559
4380,0.539
4390,0.564
4400,0.562
4410,0.567
4420,0.576
4430,0.578
4440,0.564
4450,0.570
4460,0.556
4470,0.581
4480,0.560
4490,0.553
4500,0.571
4510,0.564
4520,0.567
4530,0.558
4540,0.559
4550,0.559
4560,0.566
4570,0.545
4580,0.551
4590,0.559
4600,0.535
4610,0.540
4620,0.589
4630,0.585
4640,0.572
4650,0.575
4660,0.571
4670,0.590
4680,0.590
4690,0.581
4700,0.583
4710,0.570
4720,0.563
4730,0.585
4740,0.568
4750,0.571
4760,0.563
4770,0.560
4780,0.566
4790,0.549
4800,0.555
4810,0.552
4820,0.576
4830,0.572
4840,0.563
4850,0.556
4860,0.587
4870,0.599
4880,0.574
4890,0.568
4900,0.532
4910,0.548
4920,0.551
4930,0.578
4940,0.578
4950,0.582
4960,0.587
4970,0.576
4980,0.579
4990,0.574
5000,0.556
5010,0.578
5020,0.582
5030,0.585
5040,0.568
5050,0.571
5060,0.562
5070,0.578
5080,0.549
5090,0.570
5100,0.575
5110,0.572
5120,0.566
5130,0.572
5140,0.574
5150,0.574
5160,0.572
5170,0.574
5180,0.590
5190,0.567
5200,0.551
5210,0.549
5220,0.556
5230,0.574
5240,0.578
5250,0.591
5260,0.564
5270,0.575
5280,0.559
5290,0.574
5300,0.562
5310,0.556
5320,0.576
5330,0.576
5340,0.530
5350,0.547
5360,0.526
5370,0.556
5380,0.528
5390,0.552
5400,0.564
5410,0.547
5420,0.555
5430,0.559
5440,0.536
5450,0.548
5460,0.541
5470,0.547
5480,0.568
5490,0.551
5500,0.562
5510,0.541
5520,0.526
5530,0.541
5540,0.524
5550,0.553
5560,0.552
5570,0.532
5580,0.520
5590,0.544
5600,0.543
5610,0.549
5620,0.564
5630,0.574
5640,0.570
5650,0.558
5660,0.568
5670,0.541
5680,0.559
5690,0.545
5700,0.520
5710,0.517
5720,0.520
5730,0.532
5740,0.524
5750,0.494
5760,0.517
5770,0.513
5780,0.488
5790,0.494
5800,0.518
5810,0.507
5820,0.529
5830,0.528
5840,0.528
5850,0.541
5860,0.536
5870,0.530
5880,0.517
5890,0.522
5900,0.532
5910,0.533
5920,0.544
5930,0.517
5940,0.530
5950,0.533
5960,0.516
5970,0.514
5980,0.517
5990,0.509
6000,0.505
6010,0.501
6020,0.512
6030,0.513
6040,0.516
6050,0.524
6060,0.533
6070,0.507
6080,0.528
6090,0.532
6100,0.514
6110,0.525
6120,0.547
6130,0.525
6140,0.517
6150,0.548
6160,0.563
6170,0.545
6180,0.553
6190,0.543
6200,0.520
6210,0.510
6220,0.532
6230,0.529
6240,0.529
6250,0.517
6260,0.512
6270,0.521
6280,0.517
6290,0.502
6300,0.501
6310,0.479
6320,0.480
6330,0.486
6340,0.505
6350,0.491
6360,0.520
6370,0.514
6380,0.507
6390,0.530
6400,0.494
6410,0.518
6420,0.501
6430,0.503
6440,0.490
6450,0.521
6460,0.532
6470,0.536
6480,0.518
6490,0.517
6500,0.512
6510,0.507
6520,0.518
6530,0.537
6540,0.549
6550,0.525
6560,0.545
6570,0.541
6580,0.559
6590,0.536
6600,0.548
6610,0.524
6620,0.516
6630,0.529
6640,0.535
6650,0.512
6660,0.514
6670,0.529
6680,0.506
6690,0.512
6700,0.537
6710,0.516
6720,0.535
6730,0.526
6740,0.521
6750,0.513
6760,0.535
6770,0.529
6780,0.541
6790,0.541
6800,0.537
6810,0.516
6820,0.518
6830,0.517
6840,0.509
6850,0.512
6860,0.509
6870,0.490
6880,0.461
6890,0.479
6900,0.490
6910,0.491
6920,0.488
6930,0.501
6940,0.507
6950,0.498
6960,0.513
6970,0.513
6980,0.494
6990,0.497
7000,0.484
7010,0.478
7020,0.501
7030,0.513
7040,0.514
7050,0.476
7060,0.509
7070,0.506
7080,0.510
7090,0.514
7100,0.501
7110,0.490
7120,0.503
7130,0.502
7140,0.513
7150,0.494
7160,0.502
7170,0.514
7180,0.512
7190,0.518
7200,0.522
7210,0.513
7220,0.522
7230,0.510
7240,0.536
7250,0.537
7260,0.503
7270,0.547
7280,0.514
7290,0.536
7300,0.522
7310,0.524
7320,0.533
7330,0.520
7340,0.518
7350,0.525
7360,0.524
7370,0.513
7380,0.509
7390,0.509
7400,0.502
7410,0.524
7420,0.510
7430,0.507
7440,0.518
7450,0.520
7460,0.520
7470,0.514
7480,0.524
7490,0.517
7500,0.507
7510,0.517
7520,0.510
7530,0.505
7540,0.514
7550,0.525
7560,0.532
7570,0.520
7580,0.529
7590,0.530
7600,0.521
7610,0.498
7620,0.525
7630,0.524
7640,0.532
7650,0.529
7660,0.544
7670,0.526
7680,0.521
7690,0.509
7700,0.530
7710,0.545
7720,0.528
7730,0.524
7740,0.517
7750,0.540
7760,0.544
7770,0.532
7780,0.522
7790,0.543
7800,0.548
7810,0.533
7820,0.528
7830,0.555
7840,0.541
7850,0.537
7860,0.510
7870,0.518
7880,0.520
7890,0.532
7900,0.539
7910,0.517
7920,0.516
7930,0.520
7940,0.512
7950,0.510
7960,0.532
7970,0.512
7980,0.524
7990,0.535
8000,0.533
8010,0.564
8020,0.559
8030,0.552
8040,0.525
8050,0.551
8060,0.543
8070,0.535
8080,0.510
8090,0.536
8100,0.520
8110,0.525
8120,0.518
8130,0.522
8140,0.525
8150,0.525
8160,0.536
8170,0.533
8180,0.540
8190,0.537
8200,0.551
8210,0.562
8220,0.549
8230,0.541
8240,0.537
8250,0.541
8260,0.540
8270,0.533
8280,0.551
8290,0.510
8300,0.516
8310,0.484
8320,0.525
8330,0.529
8340,0.525
8350,0.530
8360,0.521
8370,0.522
8380,0.510
8390,0.525
8400,0.514
8410,0.520
8420,0.507
8430,0.528
8440,0.518
8450,0.510
8460,0.524
8470,0.539
8480,0.501
8490,0.517
8500,0.513
8510,0.520
8520,0.539
8530,0.540
8540,0.545
8550,0.532
8560,0.549
8570,0.551
8580,0.541
8590,0.547
8600,0.537
8610,0.549
8620,0.544
8630,0.535
8640,0.539
8650,0.549
8660,0.537
8670,0.537
8680,0.541
8690,0.555
8700,0.564
8710,0.567
8720,0.549
8730,0.536
8740,0.520
8750,0.509
8760,0.518
8770,0.505
8780,0.521
8790,0.507
8800,0.513
8810,0.509
8820,0.528
8830,0.525
8840,0.529
8850,0.532
8860,0.518
8870,0.517
8880,0.517
8890,0.524
8900,0.522
8910,0.501
8920,0.510
8930,0.528
8940,0.530
8950,0.506
8960,0.501
8970,0.502
8980,0.505
8990,0.490
9000,0.487
9010,0.486
9020,0.488
9030,0.509
9040,0.497
9050,0.474
9060,0.488
9070,0.451
9080,0.449
9090,0.488
9100,0.497
9110,0.501
9120,0.484
9130,0.509
9140,0.528
9150,0.520
9160,0.522
9170,0.513
9180,0.518
9190,0.517
9200,0.506
9210,0.502
9220,0.522
9230,0.533
9240,0.517
9250,0.507
9260,0.518
9270,0.525
9280,0.518
9290,0.537
9300,0.548
9310,0.529
9320,0.514
9330,0.510
9340,0.512
9350,0.518
9360,0.525
9370,0.510
9380,0.509
9390,0.521
9400,0.507
9410,0.516
9420,0.535
9430,0.528
9440,0.524
9450,0.528
9460,0.529
9470,0.517
9480,0.535
9490,0.525
9500,0.530
9510,0.537
9520,0.517
9530,0.518
9540,0.535
9550,0.525
9560,0.537
9570,0.537
9580,0.521
9590,0.540
9600,0.536
9610,0.518
9620,0.516
9630,0.506
9640,0.490
9650,0.480
9660,0.497
9670,0.483
9680,0.499
9690,0.490
9700,0.487
9710,0.495
9720,0.498
9730,0.498
9740,0.471
9750,0.482
9760,0.503
9770,0.506
9780,0.495
9790,0.499
9800,0.505
9810,0.493
9820,0.486
9830,0.510
9840,0.499
9850,0.503
9860,0.514
9870,0.502
9880,0.509
9890,0.497
9900,0.499
9910,0.490
9920,0.484
9930,0.487
9940,0.479
9950,0.445
9960,0.464
9970,0.474
9980,0.447
9990,0.482
10000,0.459
10010,0.463
10020,0.475
10030,0.464
10040,0.464
10050,0.480
10060,0.482
10070,0.470
10080,0.484
10090,0.471
10100,0.471
10110,0.452
10120,0.468
10130,0.461
10140,0.442
10150,0.452
10160,0.468
10170,0.456
10180,0.455
10190,0.460
10200,0.448
10210,0.449
10220,0.452
10230,0.471
10240,0.480
10250,0.452
10260,0.479
10270,0.487
10280,0.471
10290,0.471
10300,0.465
10310,0.482
10320,0.478
10330,0.457
10340,0.483
10350,0.474
10360,0.471
10370,0.464
10380,0.452
10390,0.442
10400,0.451
10410,0.455
10420,0.442
10430,0.428
10440,0.419
10450,0.447
10460,0.432
10470,0.455
10480,0.448
10490,0.445
10500,0.444
10510,0.436
10520,0.410
10530,0.428
10540,0.438
10550,0.432
10560,0.425
10570,0.447
10580,0.447
10590,0.444
10600,0.426
10610,0.411
10620,0.424
10630,0.418
10640,0.433
10650,0.438
10660,0.449
10670,0.430
10680,0.451
10690,0.433
10700,0.430
10710,0.453
10720,0.437
10730,0.426
10740,0.433
10750,0.451
10760,0.426
10770,0.444
10780,0.417
10790,0.442
10800,0.440
10810,0.433
10820,0.430
10830,0.425
10840,0.411
10850,0.430
10860,0.433
10870,0.434
10880,0.442
10890,0.425
10900,0.457
10910,0.449
10920,0.447
10930,0.433
10940,0.451
10950,0.444
10960,0.440
10970,0.449
10980,0.445
10990,0.430
11000,0.432
11010,0.429
11020,0.440
11030,0.440
11040,0.417
11050,0.429
11060,0.426
11070,0.410
11080,0.418
11090,0.430
11100,0.425
11110,0.436
11120,0.405
11130,0.409
11140,0.425
11150,0.422
11160,0.403
11170,0.419
11180,0.410
11190,0.421
11200,0.411
11210,0.402
11220,0.407
11230,0.411
11240,0.410
11250,0.425
11260,0.424
11270,0.430
11280,0.437
11290,0.440
11300,0.456
11310,0.457
11320,0.463
11330,0.445
11340,0.436
11350,0.437
11360,0.432
11370,0.424
11380,0.432
11390,0.417
11400,0.401
11410,0.396
11420,0.410
11430,0.417
11440,0.398
11450,0.391
11460,0.386
11470,0.384
11480,0.384
11490,0.396
11500,0.379
11510,0.387
11520,0.379
11530,0.386
11540,0.387
11550,0.384
11560,0.376
11570,0.392
11580,0.382
11590,0.401
11600,0.384
11610,0.402
11620,0.399
11630,0.399
11640,0.409
11650,0.413
11660,0.396
11670,0.369
11680,0.373
11690,0.379
11700,0.413
11710,0.398
11720,0.419
11730,0.419
11740,0.436
11750,0.434
11760,0.430
11770,0.415
11780,0.413
11790,0.445
11800,0.417
11810,0.424
11820,0.436
11830,0.409
11840,0.426
11850,0.424
11860,0.410
11870,0.405
11880,0.414
11890,0.401
11900,0.425
11910,0.424
11920,0.405
11930,0.399
11940,0.407
11950,0.387
11960,0.396
11970,0.419
11980,0.396
11990,0.410
12000,0.421
12010,0.417
12020,0.417
12030,0.409
12040,0.409
12050,0.413
12060,0.411
12070,0.414
12080,0.401
12090,0.422
12100,0.441
12110,0.411
12120,0.407
12130,0.388
12140,0.361
12150,0.368
12160,0.348
12170,0.337
12180,0.365
12190,0.364
12200,0.345
12210,0.346
12220,0.340
12230,0.361
12240,0.355
12250,0.372
12260,0.361
12270,0.340
12280,0.360
12290,0.346
12300,0.360
12310,0.361
12320,0.341
12330,0.348
12340,0.359
12350,0.342
12360,0.363
12370,0.352
12380,0.349
12390,0.360
12400,0.340
12410,0.361
12420,0.342
12430,0.329
12440,0.333
12450,0.334
12460,0.315
12470,0.321
12480,0.317
12490,0.299
12500,0.326
12510,0.338
12520,0.333
12530,0.327
12540,0.342
12550,0.350
12560,0.332
12570,0.346
12580,0.342
12590,0.345
12600,0.372
12610,0.369
12620,0.353
12630,0.348
12640,0.357
12650,0.332
12660,0.325
12670,0.302
12680,0.317
12690,0.319
12700,0.336
12710,0.345
12720,0.361
12730,0.361
12740,0.348
12750,0.356
12760,0.359
12770,0.353
12780,0.355
12790,0.383
12800,0.368
12810,0.349
12820,0.357
12830,0.340
12840,0.327
12850,0.330
12860,0.329
12870,0.318
12880,0.310
12890,0.300
12900,0.292
12910,0.311
12920,0.299
12930,0.292
12940,0.286
12950,0.302
12960,0.319
12970,0.304
12980,0.291
12990,0.303
13000,0.302
13010,0.313
13020,0.303
13030,0.318
13040,0.318
13050,0.315
13060,0.313
13070,0.303
13080,0.296
13090,0.290
13100,0.288
13110,0.294
13120,0.298
13130,0.300
13140,0.303
13150,0.271
13160,0.281
13170,0.290
13180,0.280
13190,0.273
13200,0.268
13210,0.271
13220,0.273
13230,0.279
13240,0.281
13250,0.260
13260,0.279
13270,0.269
13280,0.272
13290,0.265
13300,0.269
13310,0.257
13320,0.267
13330,0.253
13340,0.295
13350,0.284
13360,0.300
13370,0.295
13380,0.287
13390,0.276
13400,0.268
13410,0.268
13420,0.276
13430,0.277
13440,0.275
13450,0.273
13460,0.276
13470,0.284
13480,0.238
13490,0.258
13500,0.257
13510,0.254
13520,0.244
13530,0.246
13540,0.249
13550,0.258
13560,0.264
13570,0.256
13580,0.256
13590,0.276
13600,0.271
13610,0.281
13620,0.287
13630,0.276
13640,0.268
13650,0.269
13660,0.246
13670,0.277
13680,0.242
13690,0.276
13700,0.238
13710,0.253
13720,0.246
13730,0.234
13740,0.241
13750,0.245
13760,0.258
13770,0.261
13780,0.238
13790,0.245
13800,0.252
13810,0.261
13820,0.235
13830,0.254
13840,0.287
13850,0.254
13860,0.269
13870,0.265
13880,0.280
13890,0.279
13900,0.277
13910,0.275
13920,0.271
13930,0.257
13940,0.267
13950,0.258
13960,0.264
13970,0.257
13980,0.256
13990,0.250
14000,0.242
14010,0.240
14020,0.235
14030,0.223
14040,0.242
14050,0.253
14060,0.242
14070,0.257
14080,0.257
14090,0.250
14100,0.248
14110,0.246
14120,0.242
14130,0.226
14140,0.245
14150,0.238
14160,0.227
14170,0.215
14180,0.231
14190,0.235
14200,0.250
14210,0.229
14220,0.234
14230,0.246
14240,0.215
14250,0.208
14260,0.215
14270,0.226
14280,0.203
14290,0.208
14300,0.200
14310,0.218
14320,0.215
14330,0.214
14340,0.214
14350,0.198
14360,0.211
14370,0.210
14380,0.200
14390,0.184
14400,0.176
14410,0.208
14420,0.210
14430,0.194
14440,0.189
14450,0.199
14460,0.204
14470,0.184
14480,0.187
14490,0.187
14500,0.183
14510,0.177
14520,0.175
14530,0.179
14540,0.181
14550,0.188
14560,0.185
14570,0.173
14580,0.194
14590,0.176
14600,0.184
14610,0.184
14620,0.184
14630,0.192
14640,0.202
14650,0.183
14660,0.187
14670,0.196
14680,0.171
14690,0.184
14700,0.171
14710,0.175
14720,0.161
14730,0.166
14740,0.150
14750,0.160
14760,0.172
14770,0.166
14780,0.180
14790,0.188
14800,0.145
14810,0.157
14820,0.152
14830,0.160
14840,0.161
14850,0.161
14860,0.146
14870,0.146
14880,0.160
14890,0.156
14900,0.158
14910,0.154
14920,0.154
14930,0.152
14940,0.157
14950,0.143
14960,0.150
14970,0.143
14980,0.153
14990,0.142
15000,0.142
15010,0.149
15020,0.158
15030,0.143
15040,0.141
15050,0.150
15060,0.157
15070,0.166
15080,0.175
15090,0.180
15100,0.158
15110,0.168
15120,0.162
15130,0.160
15140,0.172
15150,0.162
15160,0.154
15170,0.147
15180,0.173
15190,0.185
15200,0.183
15210,0.171
15220,0.198
15230,0.185
15240,0.188
15250,0.179
15260,0.184
15270,0.171
15280,0.145
15290,0.142
15300,0.143
15310,0.139
15320,0.146
15330,0.143
15340,0.133
15350,0.137
15360,0.146
15370,0.145
15380,0.129
15390,0.153
15400,0.147
15410,0.169
15420,0.166
15430,0.161
15440,0.168
15450,0.169
15460,0.165
15470,0.156
15480,0.157
15490,0.149
15500,0.139
15510,0.145
15520,0.161
15530,0.168
15540,0.158
15550,0.180
15560,0.158
15570,0.145
15580,0.142
15590,0.141
15600,0.149
15610,0.154
15620,0.150
15630,0.135
15640,0.137
15650,0.146
15660,0.138
15670,0.146
15680,0.149
15690,0.142
15700,0.137
15710,0.135
15720,0.145
15730,0.135
15740,0.124
15750,0.126
15760,0.131
15770,0.137
15780,0.119
15790,0.131
15800,0.126
15810,0.119
15820,0.124
15830,0.116
15840,0.124
15850,0.127
15860,0.131
15870,0.115
15880,0.122
15890,0.119
15900,0.115
15910,0.124
15920,0.131
15930,0.116
15940,0.111
15950,0.107
15960,0.096
15970,0.115
15980,0.106
15990,0.101
16000,0.110
16010,0.112
16020,0.112
16030,0.108
16040,0.096
16050,0.089
16060,0.107
16070,0.111
16080,0.106
16090,0.101
16100,0.104
16110,0.108
16120,0.089
16130,0.099
16140,0.103
16150,0.099
16160,0.100
16170,0.104
16180,0.114
16190,0.107
16200,0.123
16210,0.114
16220,0.126
16230,0.131
16240,0.114
16250,0.123
16260,0.122
16270,0.118
16280,0.111
16290,0.108
16300,0.114
16310,0.118
16320,0.115
16330,0.115
16340,0.101
16350,0.093
16360,0.106
16370,0.096
16380,0.096
16390,0.103
16400,0.101
16410,0.103
16420,0.111
16430,0.111
16440,0.124
16450,0.112
16460,0.120
16470,0.108
16480,0.106
16490,0.111
16500,0.114
16510,0.110
16520,0.119
16530,0.110
16540,0.107
16550,0.111
16560,0.112
16570,0.100
16580,0.115
16590,0.099
16600,0.097
16610,0.097
16620,0.085
16630,0.100
16640,0.093
16650,0.104
16660,0.103
16670,0.093
16680,0.103
16690,0.124
16700,0.110
16710,0.108
16720,0.099
16730,0.097
16740,0.096
16750,0.107
16760,0.103
16770,0.099
16780,0.104
16790,0.099
16800,0.092
16810,0.099
16820,0.093
16830,0.084
16840,0.093
16850,0.093
16860,0.097
16870,0.095
16880,0.096
16890,0.095
16900,0.088
16910,0.093
16920,0.099
16930,0.091
16940,0.076
16950,0.080
16960,0.083
16970,0.076
16980,0.073
16990,0.076
17000,0.092
17010,0.080
17020,0.083
17030,0.078
17040,0.088
17050,0.091
17060,0.084
17070,0.073
17080,0.064
17090,0.077
17100,0.074
17110,0.080
17120,0.085
17130,0.076
17140,0.081
17150,0.078
17160,0.076
17170,0.068
17180,0.073
17190,0.072
17200,0.081
17210,0.077
17220,0.078
17230,0.068
17240,0.074
17250,0.070
17260,0.083
17270,0.077
17280,0.066
17290,0.074
17300,0.074
17310,0.064
17320,0.062
17330,0.072
17340,0.087
17350,0.078
17360,0.073
17370,0.073
17380,0.077
17390,0.060
17400,0.069
17410,0.070
17420,0.066
17430,0.072
17440,0.076
17450,0.085
17460,0.073
17470,0.078
17480,0.083
17490,0.073
17500,0.073
17510,0.073
17520,0.076
17530,0.064
17540,0.051
17550,0.061
17560,0.069
17570,0.064
17580,0.074
17590,0.069
17600,0.064
17610,0.083
17620,0.078
17630,0.078
17640,0.076
17650,0.070
17660,0.076
17670,0.078
17680,0.070
17690,0.080
17700,0.083
17710,0.089
17720,0.092
17730,0.080
17740,0.074
17750,0.087
17760,0.088
17770,0.091
17780,0.091
17790,0.091
17800,0.091
17810,0.083
17820,0.093
17830,0.091
17840,0.089
17850,0.087
17860,0.095
17870,0.088
17880,0.083
17890,0.087
17900,0.091
17910,0.091
17920,0.085
17930,0.093
17940,0.091
17950,0.092
17960,0.099
17970,0.093
17980,0.095
17990,0.093
18000,0.089
18010,0.100
18020,0.084
18030,0.089
18040,0.095
18050,0.092
18060,0.106
18070,0.091
18080,0.091
18090,0.092
18100,0.092
18110,0.092
18120,0.091
18130,0.091
18140,0.100
18150,0.087
18160,0.087
18170,0.085
18180,0.080
18190,0.077
18200,0.096
18210,0.084
18220,0.081
18230,0.068
18240,0.066
18250,0.077
18260,0.068
18270,0.066
18280,0.061
18290,0.069
18300,0.074
18310,0.062
18320,0.074
18330,0.066
18340,0.069
18350,0.064
18360,0.074
18370,0.066
18380,0.077
18390,0.089
18400,0.084
18410,0.087
18420,0.081
18430,0.099
18440,0.083
18450,0.076
18460,0.072
18470,0.068
18480,0.070
18490,0.072
18500,0.076
18510,0.072
18520,0.069
18530,0.080
18540,0.083
18550,0.084
18560,0.089
18570,0.072
18580,0.083
18590,0.080
18600,0.077
18610,0.083
18620,0.077
18630,0.089
18640,0.087
18650,0.078
18660,0.072
18670,0.091
18680,0.085
18690,0.085
18700,0.093
18710,0.095
18720,0.081
18730,0.084
18740,0.070
18750,0.084
18760,0.078
18770,0.069
18780,0.072
18790,0.085
18800,0.077
18810,0.078
18820,0.078
18830,0.074
18840,0.069
18850,0.070
18860,0.078
18870,0.087
18880,0.080
18890,0.088
18900,0.083
18910,0.077
18920,0.074
18930,0.065
18940,0.065
18950,0.068
18960,0.069
18970,0.069
18980,0.073
18990,0.069
19000,0.066
19010,0.057
19020,0.049
19030,0.064
19040,0.064
19050,0.064
19060,0.061
19070,0.058
19080,0.054
19090,0.064
19100,0.072
19110,0.068
19120,0.058
19130,0.068
19140,0.058
19150,0.074
19160,0.065
19170,0.060
19180,0.072
19190,0.058
19200,0.054
19210,0.061
19220,0.060
19230,0.060
19240,0.066
19250,0.066
19260,0.062
19270,0.065
19280,0.060
19290,0.069
19300,0.062
19310,0.062
19320,0.066
19330,0.062
19340,0.057
19350,0.055
19360,0.062
19370,0.043
19380,0.042
19390,0.049
19400,0.045
19410,0.060
19420,0.055
19430,0.058
19440,0.066
19450,0.064
19460,0.068
19470,0.046
19480,0.057
19490,0.055
19500,0.053
19510,0.065
19520,0.060
19530,0.049
19540,0.054
19550,0.054
19560,0.069
19570,0.078
19580,0.062
19590,0.065
19600,0.070
19610,0.066
19620,0.074
19630,0.068
19640,0.064
19650,0.066
19660,0.073
19670,0.061
19680,0.060
19690,0.061
19700,0.061
19710,0.068
19720,0.068
19730,0.064
19740,0.057
19750,0.070
19760,0.062
19770,0.064
19780,0.054
19790,0.065
19800,0.058
19810,0.061
19820,0.061
19830,0.057
19840,0.066
19850,0.065
19860,0.058
19870,0.054
19880,0.055
19890,0.049
19900,0.053
19910,0.061
19920,0.061
19930,0.057
19940,0.051
19950,0.054
19960,0.060
19970,0.055
19980,0.054
19990,0.062
20000,0.060
