# time, fQ
0,0.851
10,0.747
20,0.714
30,0.721
40,0.706
50,0.712
60,0.709
70,0.700
80,0.698
90,0.712
100,0.698
110,0.683
120,0.687
130,0.697
140,0.686
150,0.678
160,0.685
170,0.643
180,0.648
190,0.666
200,0.659
210,0.648
220,0.658
230,0.635
240,0.635
250,0.675
260,0.679
270,0.655
280,0.687
290,0.678
300,0.636
310,0.658
320,0.658
330,0.675
340,0.671
350,0.664
360,0.671
370,0.681
380,0.652
390,0.667
400,0.659
410,0.652
420,0.660
430,0.639
440,0.633
450,0.621
460,0.625
470,0.644
480,0.631
490,0.632
500,0.618
510,0.620
520,0.624
530,0.599
540,0.606
550,0.636
560,0.637
570,0.599
580,0.636
590,0.612
600,0.620
610,0.628
620,0.632
630,0.629
640,0.648
650,0.641
660,0.654
670,0.617
680,0.635
690,0.650
700,0.639
710,0.632
720,0.621
730,0.622
740,0.633
750,0.627
760,0.635
770,0.612
780,0.585
790,0.617
800,0.594
810,0.612
820,0.602
830,0.604
840,0.605
850,0.617
860,0.637
870,0.635
880,0.628
890,0.633
900,0.643
910,0.633
920,0.621
930,0.624
940,0.622
950,0.628
960,0.613
970,0.621
980,0.637
990,0.613
1000,0.601
1010,0.599
1020,0.585
1030,0.566
1040,0.576
1050,0.585
1060,0.591
1070,0.591
1080,0.601
1090,0.609
1100,0.613
1110,0.604
1120,0.598
1130,0.594
1140,0.586
1150,0.598
1160,0.605
1170,0.599
1180,0.590
1190,0.556
1200,0.601
1210,0.590
1220,0.572
1230,0.598
1240,0.589
1250,0.590
1260,0.614
1270,0.599
1280,0.612
1290,0.601
1300,0.594
1310,0.587
1320,0.568
1330,0.599
1340,0.599
1350,0.578
1360,0.621
1370,0.618
1380,0.594
1390,0.616
1400,0.610
1410,0.591
1420,0.606
1430,0.587
1440,0.614
1450,0.609
1460,0.590
1470,0.599
1480,0.610
1490,0.590
1500,0.594
1510,0.594
1520,0.590
1530,0.590
1540,0.568
1550,0.599
1560,0.571
1570,0.581
1580,0.563
1590,0.598
1600,0.602
1610,0.621
1620,0.612
1630,0.598
1640,0.606
1650,0.599
1660,0.608
1670,0.617
1680,0.606
1690,0.612
1700,0.624
1710,0.620
1720,0.609
1730,0.606
1740,0.604
1750,0.606
1760,0.590
1770,0.602
1780,0.583
1790,0.598
1800,0.587
1810,0.604
1820,0.593
1830,0.602
1840,0.587
1850,0.585
1860,0.571
1870,0.594
1880,0.582
1890,0.586
1900,0.578
1910,0.602
1920,0.583
1930,0.587
1940,0.591
1950,0.560
1960,0.551
1970,0.533
1980,0.541
1990,0.563
2000,0.544
2010,0.556
2020,0.583
2030,0.581
2040,0.587
2050,0.595
2060,0.593
2070,0.594
2080,0.610
2090,0.587
2100,0.571
2110,0.567
2120,0.576
2130,0.579
2140,0.564
2150,0.570
2160,0.563
2170,0.567
2180,0.586
2190,0.578
2200,0.564
2210,0.575
2220,0.595
2230,0.604
2240,0.597
2250,0.567
2260,0.576
2270,0.578
2280,0.562
2290,0.571
2300,0.568
2310,0.559
2320,0.553
2330,0.551
2340,0.572
2350,0.583
2360,0.564
2370,0.570
2380,0.578
2390,0.575
2400,0.545
2410,0.567
2420,0.562
2430,0.576
2440,0.563
2450,0.555
2460,0.545
2470,0.545
2480,0.560
2490,0.572
2500,0.566
2510,0.571
2520,0.585
2530,0.576
2540,0.555
2550,0.568
2560,0.572
2570,0.559
2580,0.551
2590,0.579
2600,0.582
2610,0.589
2620,0.594
2630,0.587
2640,0.579
2650,0.606
2660,0.595
2670,0.576
2680,0.591
2690,0.594
2700,0.570
2710,0.566
2720,0.583
2730,0.551
2740,0.568
2750,0.586
2760,0.583
2770,0.567
2780,0.560
2790,0.563
2800,0.587
2810,0.571
2820,0.570
2830,0.545
2840,0.568
2850,0.568
2860,0.559
2870,0.556
2880,0.548
2890,0.559
2900,0.562
2910,0.558
2920,0.571
2930,0.566
2940,0.540
2950,0.545
2960,0.552
2970,0.564
2980,0.558
2990,0.555
3000,0.566
3010,0.581
3020,0.555
3030,0.572
3040,0.578
3050,0.574
3060,0.579
3070,0.551
3080,0.563
3090,0.574
3100,0.583
3110,0.570
3120,0.583
3130,0.540
3140,0.558
3150,0.579
3160,0.567
3170,0.563
3180,0.578
3190,0.562
3200,0.564
3210,0.564
3220,0.559
3230,0.576
3240,0.551
3250,0.563
3260,0.570
3270,0.567
3280,0.585
3290,0.552
3300,0.552
3310,0.533
3320,0.553
3330,0.543
3340,0.551
3350,0.537
3360,0.540
3370,0.541
3380,0.551
3390,0.540
3400,0.537
3410,0.533
3420,0.530
3430,0.533
3440,0.530
3450,0.514
3460,0.555
3470,0.512
3480,0.552
3490,0.545
3500,0.548
3510,0.553
3520,0.533
3530,0.522
3540,0.543
3550,0.516
3560,0.526
3570,0.553
3580,0.562
3590,0.555
3600,0.533
3610,0.524
3620,0.512
3630,0.518
3640,0.517
3650,0.506
3660,0.517
3670,0.520
3680,0.535
3690,0.512
3700,0.526
3710,0.545
3720,0.544
3730,0.559
3740,0.543
3750,0.548
3760,0.539
3770,0.521
3780,0.526
3790,0.520
3800,0.536
3810,0.516
3820,0.522
3830,0.532
3840,0.559
3850,0.544
3860,0.513
3870,0.551
3880,0.539
3890,0.513
3900,0.528
3910,0.556
3920,0.537
3930,0.547
3940,0.535
3950,0.529
3960,0.526
3970,0.524
3980,0.537
3990,0.521
4000,0.530
4010,0.535
4020,0.549
4030,0.525
4040,0.540
4050,0.526
4060,0.525
4070,0.532
4080,0.540
4090,0.536
4100,0.548
4110,0.533
4120,0.544
4130,0.548
4140,0.555
4150,0.548
4160,0.559
4170,0.560
4180,0.547
4190,0.556
4200,0.568
4210,0.559
4220,0.556
4230,0.528
4240,0.536
4250,0.548
4260,0.559
4270,0.563
4280,0.562
4290,0.572
4300,0.570
4310,0.543
4320,0.544
4330,0.559
4340,0.571
4350,0.582
4360,0.579
4370,0.567
4380,0.566
4390,0.567
4400,0.567
4410,0.563
4420,0.575
4430,0.548
4440,0.537
4450,0.548
4460,0.529
4470,0.549
4480,0.539
4490,0.535
4500,0.562
4510,0.543
4520,0.564
4530,0.526
4540,0.536
4550,0.514
4560,0.530
4570,0.513
4580,0.537
4590,0.528
4600,0.521
4610,0.548
4620,0.528
4630,0.517
4640,0.502
4650,0.513
4660,0.518
4670,0.493
4680,0.510
4690,0.497
4700,0.498
4710,0.502
4720,0.513
4730,0.517
4740,0.524
4750,0.503
4760,0.516
4770,0.491
4780,0.472
4790,0.438
4800,0.463
4810,0.468
4820,0.463
4830,0.465
4840,0.465
4850,0.476
4860,0.472
4870,0.463
4880,0.463
4890,0.493
4900,0.470
4910,0.494
4920,0.465
4930,0.474
4940,0.484
4950,0.491
4960,0.505
4970,0.486
4980,0.484
4990,0.453
5000,0.497
5010,0.482
5020,0.475
5030,0.495
5040,0.465
5050,0.488
5060,0.512
5070,0.513
5080,0.514
5090,0.525
5100,0.498
5110,0.516
5120,0.517
5130,0.471
5140,0.459
5150,0.487
5160,0.506
5170,0.494
5180,0.493
5190,0.499
5200,0.488
5210,0.507
5220,0.490
5230,0.497
5240,0.499
5250,0.509
5260,0.506
5270,0.490
5280,0.491
5290,0.499
5300,0.498
5310,0.478
5320,0.478
5330,0.498
5340,0.498
5350,0.478
5360,0.471
5370,0.449
5380,0.474
5390,0.456
5400,0.460
5410,0.456
5420,0.468
5430,0.487
5440,0.468
5450,0.476
5460,0.452
5470,0.440
5480,0.452
5490,0.452
5500,0.447
5510,0.448
5520,0.463
5530,0.440
5540,0.447
5550,0.459
5560,0.440
5570,0.432
5580,0.433
5590,0.432
5600,0.448
5610,0.428
5620,0.428
5630,0.434
5640,0.448
5650,0.457
5660,0.455
5670,0.434
5680,0.449
5690,0.441
5700,0.425
5710,0.449
5720,0.433
5730,0.422
5740,0.418
5750,0.425
5760,0.436
5770,0.437
5780,0.429
5790,0.425
5800,0.428
5810,0.437
5820,0.432
5830,0.438
5840,0.444
5850,0.440
5860,0.455
5870,0.428
5880,0.429
5890,0.449
5900,0.451
5910,0.449
5920,0.461
5930,0.438
5940,0.463
5950,0.440
5960,0.438
5970,0.432
5980,0.426
5990,0.425
6000,0.421
6010,0.419
6020,0.421
6030,0.415
6040,0.401
6050,0.401
6060,0.394
6070,0.414
6080,0.426
6090,0.418
6100,0.414
6110,0.402
6120,0.407
6130,0.392
6140,0.379
6150,0.386
6160,0.383
6170,0.387
6180,0.380
6190,0.386
6200,0.386
6210,0.388
6220,0.394
6230,0.384
6240,0.388
6250,0.395
6260,0.403
6270,0.368
6280,0.391
6290,0.378
6300,0.376
6310,0.371
6320,0.378
6330,0.383
6340,0.365
6350,0.386
6360,0.364
6370,0.364
6380,0.361
6390,0.372
6400,0.390
6410,0.383
6420,0.376
6430,0.396
6440,0.401
6450,0.376
6460,0.402
6470,0.394
6480,0.382
6490,0.378
6500,0.376
6510,0.357
6520,0.373
6530,0.363
6540,0.341
6550,0.373
6560,0.365
6570,0.364
6580,0.369
6590,0.380
6600,0.342
6610,0.349
6620,0.363
6630,0.368
6640,0.361
6650,0.350
6660,0.355
6670,0.349
6680,0.342
6690,0.346
6700,0.353
6710,0.359
6720,0.338
6730,0.346
6740,0.350
6750,0.357
6760,0.359
6770,0.338
6780,0.327
6790,0.336
6800,0.336
6810,0.326
6820,0.376
6830,0.346
6840,0.375
6850,0.386
6860,0.382
6870,0.399
6880,0.373
6890,0.382
6900,0.372
6910,0.383
6920,0.352
6930,0.346
6940,0.368
6950,0.367
6960,0.355
6970,0.367
6980,0.350
6990,0.340
7000,0.364
7010,0.361
7020,0.348
7030,0.361
7040,0.349
7050,0.372
7060,0.378
7070,0.357
7080,0.372
7090,0.368
7100,0.360
7110,0.355
7120,0.357
7130,0.356
7140,0.368
7150,0.359
7160,0.359
7170,0.383
7180,0.383
7190,0.394
7200,0.409
7210,0.410
7220,0.402
7230,0.371
7240,0.387
7250,0.380
7260,0.392
7270,0.386
7280,0.388
7290,0.409
7300,0.391
7310,0.392
7320,0.396
7330,0.415
7340,0.398
7350,0.396
7360,0.387
7370,0.368
7380,0.394
7390,0.387
7400,0.395
7410,0.406
7420,0.390
7430,0.395
7440,0.391
7450,0.409
7460,0.396
7470,0.398
7480,0.391
7490,0.410
7500,0.390
7510,0.380
7520,0.398
7530,0.380
7540,0.380
7550,0.391
7560,0.401
7570,0.410
7580,0.403
7590,0.414
7600,0.391
7610,0.436
7620,0.432
7630,0.411
7640,0.449
7650,0.429
7660,0.417
7670,0.428
7680,0.438
7690,0.436
7700,0.419
7710,0.426
7720,0.424
7730,0.436
7740,0.429
7750,0.418
7760,0.418
7770,0.434
7780,0.421
7790,0.399
7800,0.409
7810,0.403
7820,0.390
7830,0.386
7840,0.410
7850,0.418
7860,0.414
7870,0.424
7880,0.414
7890,0.406
7900,0.418
7910,0.419
7920,0.415
7930,0.406
7940,0.387
7950,0.415
7960,0.424
7970,0.413
7980,0.418
7990,0.434
8000,0.414
8010,0.406
8020,0.424
8030,0.436
8040,0.409
8050,0.430
8060,0.415
8070,0.421
8080,0.436
8090,0.434
8100,0.472
8110,0.452
8120,0.436
8130,0.424
8140,0.418
8150,0.413
8160,0.410
8170,0.411
8180,0.411
8190,0.410
8200,0.424
8210,0.413
8220,0.425
8230,0.419
8240,0.425
8250,0.425
8260,0.425
8270,0.422
8280,0.424
8290,0.424
8300,0.402
8310,0.413
8320,0.401
8330,0.386
8340,0.405
8350,0.399
8360,0.411
8370,0.382
8380,0.386
8390,0.405
8400,0.380
8410,0.365
8420,0.384
8430,0.395
8440,0.422
8450,0.386
8460,0.394
8470,0.379
8480,0.384
8490,0.380
8500,0.387
8510,0.387
8520,0.395
8530,0.411
8540,0.406
8550,0.426
8560,0.413
8570,0.410
8580,0.410
8590,0.411
8600,0.417
8610,0.399
8620,0.401
8630,0.395
8640,0.418
8650,0.392
8660,0.419
8670,0.410
8680,0.418
8690,0.409
8700,0.403
8710,0.406
8720,0.411
8730,0.425
8740,0.419
8750,0.413
8760,0.418
8770,0.410
8780,0.425
8790,0.419
8800,0.422
8810,0.405
8820,0.399
8830,0.401
8840,0.383
8850,0.401
8860,0.395
8870,0.342
8880,0.350
8890,0.363
8900,0.378
8910,0.359
8920,0.376
8930,0.368
8940,0.372
8950,0.356
8960,0.353
8970,0.360
8980,0.372
8990,0.365
9000,0.356
9010,0.371
9020,0.365
9030,0.364
9040,0.353
9050,0.365
9060,0.353
9070,0.348
9080,0.375
9090,0.365
9100,0.376
9110,0.364
9120,0.367
9130,0.372
9140,0.365
9150,0.372
9160,0.379
9170,0.395
9180,0.387
9190,0.375
9200,0.372
9210,0.369
9220,0.371
9230,0.369
9240,0.365
9250,0.375
9260,0.373
9270,0.391
9280,0.378
9290,0.368
9300,0.355
9310,0.344
9320,0.349
9330,0.356
9340,0.356
9350,0.353
9360,0.349
9370,0.367
9380,0.349
9390,0.364
9400,0.376
9410,0.368
9420,0.373
9430,0.361
9440,0.361
9450,0.346
9460,0.375
9470,0.373
9480,0.363
9490,0.383
9500,0.367
9510,0.364
9520,0.387
9530,0.361
9540,0.401
9550,0.376
9560,0.380
9570,0.360
9580,0.398
9590,0.391
9600,0.382
9610,0.392
9620,0.392
9630,0.378
9640,0.368
9650,0.395
9660,0.367
9670,0.369
9680,0.390
9690,0.376
9700,0.379
9710,0.368
9720,0.368
9730,0.360
9740,0.361
9750,0.360
9760,0.378
9770,0.350
9780,0.353
9790,0.367
9800,0.371
9810,0.369
9820,0.363
9830,0.382
9840,0.360
9850,0.363
9860,0.361
9870,0.372
9880,0.368
9890,0.382
9900,0.375
9910,0.380
9920,0.387
9930,0.384
9940,0.384
9950,0.383
9960,0.376
9970,0.373
9980,0.383
9990,0.371
10000,0.368
10010,0.373
10020,0.365
10030,0.379
10040,0.356
10050,0.350
10060,0.357
10070,0.376
10080,0.371
10090,0.368
10100,0.357
10110,0.368
10120,0.346
10130,0.348
10140,0.349
10150,0.341
10160,0.338
10170,0.344
10180,0.355
10190,0.356
10200,0.346
10210,0.359
10220,0.372
10230,0.373
10240,0.357
10250,0.359
10260,0.369
10270,0.361
10280,0.356
10290,0.356
10300,0.371
10310,0.357
10320,0.365
10330,0.356
10340,0.356
10350,0.365
10360,0.367
10370,0.369
10380,0.367
10390,0.371
10400,0.395
10410,0.387
10420,0.387
10430,0.372
10440,0.367
10450,0.376
10460,0.376
10470,0.360
10480,0.367
10490,0.360
10500,0.369
10510,0.365
10520,0.359
10530,0.360
10540,0.379
10550,0.373
10560,0.352
10570,0.361
10580,0.355
10590,0.357
10600,0.345
10610,0.349
10620,0.355
10630,0.353
10640,0.352
10650,0.341
10660,0.342
10670,0.332
10680,0.350
10690,0.372
10700,0.361
10710,0.379
10720,0.369
10730,0.375
10740,0.373
10750,0.375
10760,0.360
10770,0.352
10780,0.348
10790,0.359
10800,0.356
10810,0.365
10820,0.342
10830,0.363
10840,0.365
10850,0.359
10860,0.360
10870,0.361
10880,0.355
10890,0.350
10900,0.350
10910,0.355
10920,0.356
10930,0.346
10940,0.332
10950,0.340
10960,0.349
10970,0.344
10980,0.337
10990,0.344
11000,0.340
11010,0.338
11020,0.345
11030,0.317
11040,0.340
11050,0.332
11060,0.325
11070,0.332
11080,0.318
11090,0.329
11100,0.333
11110,0.329
11120,0.330
11130,0.321
11140,0.342
11150,0.307
11160,0.348
11170,0.356
11180,0.330
11190,0.348
11200,0.322
11210,0.344
11220,0.333
11230,0.336
11240,0.332
11250,0.337
11260,0.340
11270,0.327
11280,0.326
11290,0.337
11300,0.319
11310,0.348
11320,0.344
11330,0.336
11340,0.344
11350,0.325
11360,0.329
11370,0.325
11380,0.342
11390,0.337
11400,0.334
11410,0.336
11420,0.352
11430,0.344
11440,0.341
11450,0.333
11460,0.357
11470,0.334
11480,0.321
11490,0.330
11500,0.329
11510,0.322
11520,0.319
11530,0.334
11540,0.334
11550,0.330
11560,0.332
11570,0.321
11580,0.317
11590,0.346
11600,0.334
11610,0.314
11620,0.326
11630,0.334
11640,0.313
11650,0.310
11660,0.314
11670,0.318
11680,0.315
11690,0.314
11700,0.311
11710,0.303
11720,0.304
11730,0.300
11740,0.304
11750,0.290
11760,0.286
11770,0.306
11780,0.296
11790,0.304
11800,0.287
11810,0.271
11820,0.307
11830,0.290
11840,0.287
11850,0.298
11860,0.287
11870,0.286
11880,0.295
11890,0.306
11900,0.302
11910,0.291
11920,0.298
11930,0.300
11940,0.296
11950,0.310
11960,0.319
11970,0.306
11980,0.307
11990,0.311
12000,0.318
12010,0.288
12020,0.284
12030,0.275
12040,0.291
12050,0.273
12060,0.269
12070,0.286
12080,0.269
12090,0.291
12100,0.273
12110,0.267
12120,0.261
12130,0.249
12140,0.263
12150,0.252
12160,0.260
12170,0.241
12180,0.248
12190,0.254
12200,0.252
12210,0.260
12220,0.271
12230,0.265
12240,0.275
12250,0.261
12260,0.256
12270,0.229
12280,0.245
12290,0.263
12300,0.257
12310,0.265
12320,0.258
12330,0.279
12340,0.257
12350,0.265
12360,0.264
12370,0.265
12380,0.267
12390,0.258
12400,0.257
12410,0.267
12420,0.260
12430,0.250
12440,0.244
12450,0.230
12460,0.234
12470,0.227
12480,0.223
12490,0.227
12500,0.218
12510,0.223
12520,0.210
12530,0.215
12540,0.218
12550,0.207
12560,0.188
12570,0.210
12580,0.208
12590,0.212
12600,0.200
12610,0.200
12620,0.206
12630,0.215
12640,0.212
12650,0.210
12660,0.208
12670,0.214
12680,0.204
12690,0.218
12700,0.218
12710,0.210
12720,0.196
12730,0.200
12740,0.188
12750,0.206
12760,0.191
12770,0.210
12780,0.185
12790,0.195
12800,0.199
12810,0.188
12820,0.180
12830,0.212
12840,0.184
12850,0.203
12860,0.204
12870,0.200
12880,0.191
12890,0.200
12900,0.192
12910,0.187
12920,0.166
12930,0.165
12940,0.195
12950,0.181
12960,0.185
12970,0.183
12980,0.173
12990,0.184
13000,0.183
13010,0.199
13020,0.195
13030,0.192
13040,0.204
13050,0.208
13060,0.203
13070,0.203
13080,0.207
13090,0.185
13100,0.192
13110,0.196
13120,0.212
13130,0.194
13140,0.202
13150,0.183
13160,0.176
13170,0.189
13180,0.194
13190,0.199
13200,0.200
13210,0.194
13220,0.177
13230,0.187
13240,0.179
13250,0.194
13260,0.177
13270,0.203
13280,0.179
13290,0.185
13300,0.181
13310,0.175
13320,0.175
13330,0.177
13340,0.154
13350,0.169
13360,0.166
13370,0.198
13380,0.156
13390,0.172
13400,0.169
13410,0.147
13420,0.146
13430,0.160
13440,0.162
13450,0.150
13460,0.157
13470,0.164
13480,0.165
13490,0.150
13500,0.164
13510,0.157
13520,0.176
13530,0.185
13540,0.173
13550,0.173
13560,0.154
13570,0.173
13580,0.173
13590,0.153
13600,0.153
13610,0.142
13620,0.156
13630,0.161
13640,0.161
13650,0.150
13660,0.147
13670,0.165
13680,0.171
13690,0.176
13700,0.162
13710,0.164
13720,0.165
13730,0.164
13740,0.142
13750,0.177
13760,0.169
13770,0.158
13780,0.152
13790,0.152
13800,0.137
13810,0.141
13820,0.145
13830,0.139
13840,0.127
13850,0.138
13860,0.134
13870,0.139
13880,0.147
13890,0.138
13900,0.131
13910,0.142
13920,0.137
13930,0.145
13940,0.138
13950,0.130
13960,0.139
13970,0.138
13980,0.131
13990,0.138
14000,0.138
14010,0.131
14020,0.124
14030,0.131
14040,0.141
14050,0.126
14060,0.133
14070,0.137
14080,0.123
14090,0.142
14100,0.145
14110,0.138
14120,0.134
14130,0.134
14140,0.134
14150,0.158
14160,0.149
14170,0.149
14180,0.142
14190,0.129
14200,0.131
14210,0.137
14220,0.131
14230,0.137
14240,0.149
14250,0.130
14260,0.130
14270,0.119
14280,0.104
14290,0.112
14300,0.101
14310,0.099
14320,0.122
14330,0.108
14340,0.110
14350,0.112
14360,0.107
14370,0.118
14380,0.111
14390,0.110
14400,0.111
14410,0.116
14420,0.106
14430,0.103
14440,0.108
14450,0.108
14460,0.116
14470,0.127
14480,0.126
14490,0.111
14500,0.124
14510,0.122
14520,0.118
14530,0.123
14540,0.118
14550,0.111
14560,0.122
14570,0.114
14580,0.114
14590,0.100
14600,0.092
14610,0.096
14620,0.095
14630,0.097
14640,0.118
14650,0.120
14660,0.104
14670,0.115
14680,0.114
14690,0.130
14700,0.129
14710,0.116
14720,0.114
14730,0.118
14740,0.101
14750,0.111
14760,0.116
14770,0.111
14780,0.110
14790,0.112
14800,0.111
14810,0.107
14820,0.108
14830,0.106
14840,0.106
14850,0.101
14860,0.099
14870,0.099
14880,0.088
14890,0.088
14900,0.088
14910,0.104
14920,0.119
14930,0.115
14940,0.111
14950,0.111
14960,0.122
14970,0.116
14980,0.101
14990,0.099
15000,0.093
15010,0.083
15020,0.095
15030,0.089
15040,0.088
15050,0.088
15060,0.080
15070,0.095
15080,0.092
15090,0.096
15100,0.092
15110,0.088
15120,0.092
15130,0.100
15140,0.100
15150,0.112
15160,0.103
15170,0.107
15180,0.103
15190,0.101
15200,0.089
15210,0.087
15220,0.095
15230,0.087
15240,0.083
15250,0.092
15260,0.085
15270,0.085
15280,0.081
15290,0.092
15300,0.081
15310,0.097
15320,0.089
15330,0.103
15340,0.097
15350,0.084
15360,0.076
15370,0.078
15380,0.070
15390,0.084
15400,0.084
15410,0.077
15420,0.087
15430,0.083
15440,0.087
15450,0.095
15460,0.085
15470,0.092
15480,0.106
15490,0.087
15500,0.078
15510,0.096
15520,0.089
15530,0.096
15540,0.096
15550,0.080
15560,0.093
15570,0.095
15580,0.106
15590,0.110
15600,0.104
15610,0.089
15620,0.093
15630,0.103
15640,0.092
15650,0.096
15660,0.103
15670,0.081
15680,0.095
15690,0.085
15700,0.091
15710,0.096
15720,0.080
15730,0.103
15740,0.092
15750,0.089
15760,0.093
15770,0.087
15780,0.092
15790,0.085
15800,0.092
15810,0.097
15820,0.101
15830,0.095
15840,0.103
15850,0.091
15860,0.095
15870,0.092
15880,0.074
15890,0.080
15900,0.080
15910,0.077
15920,0.092
15930,0.083
15940,0.093
15950,0.092
15960,0.078
15970,0.108
15980,0.108
15990,0.099
16000,0.100
16010,0.104
16020,0.106
16030,0.115
16040,0.114
16050,0.108
16060,0.110
16070,0.122
16080,0.116
16090,0.118
16100,0.110
16110,0.106
16120,0.112
16130,0.115
16140,0.106
16150,0.114
16160,0.099
16170,0.111
16180,0.097
16190,0.104
16200,0.112
16210,0.116
16220,0.112
16230,0.096
16240,0.111
16250,0.116
16260,0.111
16270,0.108
16280,0.096
16290,0.097
16300,0.106
16310,0.092
16320,0.101
16330,0.107
16340,0.119
16350,0.116
16360,0.110
16370,0.107
16380,0.107
16390,0.103
16400,0.095
16410,0.114
16420,0.092
16430,0.114
16440,0.104
16450,0.100
16460,0.114
16470,0.100
16480,0.106
16490,0.108
16500,0.110
16510,0.118
16520,0.123
16530,0.103
16540,0.107
16550,0.097
16560,0.103
16570,0.099
16580,0.100
16590,0.084
16600,0.095
16610,0.097
16620,0.099
16630,0.087
16640,0.095
16650,0.078
16660,0.081
16670,0.074
16680,0.074
16690,0.072
16700,0.077
16710,0.069
16720,0.080
16730,0.070
16740,0.072
16750,0.084
16760,0.077
16770,0.072
16780,0.072
16790,0.076
16800,0.077
16810,0.070
16820,0.066
16830,0.064
16840,0.076
16850,0.077
16860,0.077
16870,0.084
16880,0.073
16890,0.068
16900,0.072
16910,0.074
16920,0.062
16930,0.060
16940,0.066
16950,0.072
16960,0.065
16970,0.061
16980,0.047
16990,0.050
17000,0.049
17010,0.051
17020,0.055
17030,0.062
17040,0.051
17050,0.053
17060,0.055
17070,0.053
17080,0.045
17090,0.050
17100,0.054
17110,0.053
17120,0.049
17130,0.057
17140,0.068
17150,0.050
17160,0.053
17170,0.047
17180,0.061
17190,0.058
17200,0.060
17210,0.064
17220,0.053
17230,0.057
17240,0.060
17250,0.049
17260,0.058
17270,0.050
17280,0.050
17290,0.054
17300,0.041
17310,0.046
17320,0.047
17330,0.043
17340,0.049
17350,0.055
17360,0.053
17370,0.058
17380,0.054
17390,0.069
17400,0.069
17410,0.050
17420,0.060
17430,0.051
17440,0.062
17450,0.064
17460,0.054
17470,0.060
17480,0.060
17490,0.066
17500,0.068
17510,0.065
17520,0.076
17530,0.055
17540,0.061
17550,0.064
17560,0.069
17570,0.051
17580,0.062
17590,0.061
17600,0.058
17610,0.060
17620,0.062
17630,0.050
17640,0.064
17650,0.068
17660,0.058
17670,0.057
17680,0.058
17690,0.057
17700,0.055
17710,0.047
17720,0.054
17730,0.051
17740,0.068
17750,0.061
17760,0.066
17770,0.065
17780,0.068
17790,0.065
17800,0.055
17810,0.070
17820,0.072
17830,0.065
17840,0.064
17850,0.062
17860,0.062
17870,0.062
17880,0.061
17890,0.055
17900,0.074
17910,0.065
17920,0.078
17930,0.078
17940,0.077
17950,0.081
17960,0.084
17970,0.085
17980,0.081
17990,0.076
18000,0.068
18010,0.062
18020,0.060
18030,0.050
18040,0.061
18050,0.072
18060,0.061
18070,0.068
18080,0.065
18090,0.064
18100,0.065
18110,0.072
18120,0.070
18130,0.069
18140,0.060
18150,0.081
18160,0.084
18170,0.072
18180,0.070
18190,0.058
18200,0.065
18210,0.057
18220,0.049
18230,0.061
18240,0.051
18250,0.053
18260,0.055
18270,0.049
18280,0.046
18290,0.047
18300,0.043
18310,0.053
18320,0.053
18330,0.051
18340,0.061
18350,0.064
18360,0.068
18370,0.064
18380,0.061
18390,0.074
18400,0.070
18410,0.069
18420,0.077
18430,0.070
18440,0.076
18450,0.077
18460,0.080
18470,0.070
18480,0.055
18490,0.066
18500,0.057
18510,0.054
18520,0.058
18530,0.055
18540,0.054
18550,0.053
18560,0.058
18570,0.047
18580,0.050
18590,0.050
18600,0.050
18610,0.039
18620,0.045
18630,0.051
18640,0.058
18650,0.049
18660,0.060
18670,0.049
18680,0.057
18690,0.049
18700,0.058
18710,0.060
18720,0.061
18730,0.061
18740,0.068
18750,0.062
18760,0.057
18770,0.065
18780,0.060
18790,0.055
18800,0.054
18810,0.055
18820,0.058
18830,0.064
18840,0.061
18850,0.053
18860,0.061
18870,0.053
18880,0.057
18890,0.060
18900,0.051
18910,0.050
18920,0.046
18930,0.042
18940,0.050
18950,0.053
18960,0.053
18970,0.050
18980,0.050
18990,0.057
19000,0.047
19010,0.042
19020,0.043
19030,0.039
19040,0.030
19050,0.037
19060,0.026
19070,0.035
19080,0.028
19090,0.034
19100,0.032
19110,0.032
19120,0.039
19130,0.034
19140,0.045
19150,0.041
19160,0.038
19170,0.034
19180,0.035
19190,0.041
19200,0.042
19210,0.041
19220,0.039
19230,0.041
19240,0.035
19250,0.035
19260,0.037
19270,0.043
19280,0.042
19290,0.035
19300,0.037
19310,0.042
19320,0.042
19330,0.039
19340,0.037
19350,0.032
19360,0.034
19370,0.038
19380,0.039
19390,0.038
19400,0.028
19410,0.042
19420,0.041
19430,0.032
19440,0.039
19450,0.039
19460,0.041
19470,0.046
19480,0.042
19490,0.041
19500,0.041
19510,0.043
19520,0.047
19530,0.045
19540,0.047
19550,0.045
19560,0.046
19570,0.039
19580,0.042
19590,0.039
19600,0.035
19610,0.027
19620,0.030
19630,0.038
19640,0.041
19650,0.035
19660,0.035
19670,0.035
19680,0.046
19690,0.043
19700,0.049
19710,0.038
19720,0.046
19730,0.046
19740,0.046
19750,0.039
19760,0.041
19770,0.043
19780,0.039
19790,0.051
19800,0.049
19810,0.043
19820,0.038
19830,0.054
19840,0.046
19850,0.043
19860,0.043
19870,0.046
19880,0.042
19890,0.045
19900,0.042
19910,0.049
19920,0.053
19930,0.050
19940,0.049
19950,0.043
19960,0.035
19970,0.038
19980,0.035
19990,0.053
20000,0.042
