# time, fQ
0,0.760
10,0.674
20,0.636
30,0.640
40,0.614
50,0.604
60,0.581
70,0.563
80,0.568
90,0.567
100,0.589
110,0.587
120,0.585
130,0.605
140,0.575
150,0.608
160,0.608
170,0.576
180,0.570
190,0.566
200,0.547
210,0.578
220,0.579
230,0.599
240,0.574
250,0.575
260,0.593
270,0.564
280,0.590
290,0.574
300,0.568
310,0.564
320,0.571
330,0.559
340,0.558
350,0.553
360,0.559
370,0.548
380,0.563
390,0.551
400,0.547
410,0.562
420,0.547
430,0.549
440,0.525
450,0.520
460,0.536
470,0.540
480,0.509
490,0.536
500,0.522
510,0.513
520,0.487
530,0.512
540,0.517
550,0.517
560,0.488
570,0.507
580,0.487
590,0.502
600,0.479
610,0.482
620,0.463
630,0.480
640,0.495
650,0.468
660,0.470
670,0.465
680,0.471
690,0.470
700,0.495
710,0.502
720,0.456
730,0.479
740,0.499
750,0.475
760,0.459
770,0.478
780,0.484
790,0.459
800,0.452
810,0.451
820,0.474
830,0.464
840,0.440
850,0.456
860,0.470
870,0.436
880,0.441
890,0.448
900,0.475
910,0.464
920,0.447
930,0.484
940,0.486
950,0.478
960,0.471
970,0.471
980,0.482
990,0.464
1000,0.479
1010,0.490
1020,0.498
1030,0.486
1040,0.491
1050,0.487
1060,0.518
1070,0.483
1080,0.484
1090,0.470
1100,0.471
1110,0.494
1120,0.461
1130,0.464
1140,0.488
1150,0.493
1160,0.491
1170,0.484
1180,0.474
1190,0.478
1200,0.470
1210,0.488
1220,0.470
1230,0.480
1240,0.479
1250,0.468
1260,0.479
1270,0.472
1280,0.478
1290,0.491
1300,0.497
1310,0.483
1320,0.467
1330,0.480
1340,0.486
1350,0.467
1360,0.488
1370,0.476
1380,0.483
1390,0.465
1400,0.483
1410,0.468
1420,0.498
1430,0.486
1440,0.459
1450,0.467
1460,0.444
1470,0.474
1480,0.470
1490,0.444
1500,0.441
1510,0.442
1520,0.432
1530,0.421
1540,0.445
1550,0.445
1560,0.434
1570,0.430
1580,0.445
1590,0.449
1600,0.442
1610,0.442
1620,0.424
1630,0.445
1640,0.424
1650,0.461
1660,0.461
1670,0.460
1680,0.503
1690,0.472
1700,0.475
1710,0.480
1720,0.471
1730,0.483
1740,0.472
1750,0.460
1760,0.474
1770,0.493
1780,0.488
1790,0.480
1800,0.480
1810,0.475
1820,0.480
1830,0.470
1840,0.467
1850,0.483
1860,0.483
1870,0.471
1880,0.464
1890,0.471
1900,0.463
1910,0.461
1920,0.475
1930,0.472
1940,0.457
1950,0.445
1960,0.461
1970,0.438
1980,0.467
1990,0.464
2000,0.453
2010,0.449
2020,0.432
2030,0.445
2040,0.426
2050,0.426
2060,0.425
2070,0.429
2080,0.428
2090,0.421
2100,0.441
2110,0.457
2120,0.444
2130,0.426
2140,0.437
2150,0.444
2160,0.441
2170,0.421
2180,0.434
2190,0.456
2200,0.448
2210,0.430
2220,0.441
2230,0.437
2240,0.418
2250,0.432
2260,0.428
2270,0.442
2280,0.430
2290,0.415
2300,0.426
2310,0.452
2320,0.452
2330,0.441
2340,0.445
2350,0.448
2360,0.461
2370,0.433
2380,0.455
2390,0.470
2400,0.436
2410,0.433
2420,0.410
2430,0.440
2440,0.425
2450,0.421
2460,0.430
2470,0.422
2480,0.422
2490,0.425
2500,0.417
2510,0.428
2520,0.426
2530,0.428
2540,0.426
2550,0.437
2560,0.437
2570,0.434
2580,0.407
2590,0.424
2600,0.438
2610,0.438
2620,0.436
2630,0.437
2640,0.451
2650,0.437
2660,0.447
2670,0.460
2680,0.453
2690,0.471
2700,0.455
2710,0.444
2720,0.467
2730,0.449
2740,0.441
2750,0.452
2760,0.447
2770,0.432
2780,0.463
2790,0.457
2800,0.455
2810,0.451
2820,0.468
2830,0.453
2840,0.436
2850,0.441
2860,0.429
2870,0.437
2880,0.424
2890,0.436
2900,0.438
2910,0.438
2920,0.444
2930,0.460
2940,0.434
2950,0.449
2960,0.455
2970,0.447
2980,0.455
2990,0.459
3000,0.441
3010,0.451
3020,0.438
3030,0.451
3040,0.441
3050,0.442
3060,0.434
3070,0.437
3080,0.414
3090,0.425
3100,0.437
3110,0.430
3120,0.434
3130,0.421
3140,0.430
3150,0.406
3160,0.428
3170,0.414
3180,0.415
3190,0.414
3200,0.430
3210,0.411
3220,0.430
3230,0.422
3240,0.417
3250,0.405
3260,0.415
3270,0.414
3280,0.402
3290,0.411
3300,0.409
3310,0.390
3320,0.413
3330,0.401
3340,0.421
3350,0.418
3360,0.429
3370,0.422
3380,0.413
3390,0.417
3400,0.398
3410,0.424
3420,0.424
3430,0.424
3440,0.425
3450,0.418
3460,0.426
3470,0.438
3480,0.426
3490,0.426
3500,0.424
3510,0.424
3520,0.428
3530,0.401
3540,0.422
3550,0.430
3560,0.415
3570,0.402
3580,0.415
3590,0.419
3600,0.405
3610,0.395
3620,0.401
3630,0.394
3640,0.406
3650,0.406
3660,0.415
3670,0.428
3680,0.402
3690,0.402
3700,0.417
3710,0.413
3720,0.411
3730,0.415
3740,0.413
3750,0.405
3760,0.409
3770,0.398
3780,0.410
3790,0.414
3800,0.411
3810,0.392
3820,0.421
3830,0.414
3840,0.409
3850,0.407
3860,0.415
3870,0.421
3880,0.407
3890,0.403
3900,0.421
3910,0.421
3920,0.426
3930,0.422
3940,0.418
3950,0.432
3960,0.437
3970,0.421
3980,0.424
3990,0.429
4000,0.425
4010,0.440
4020,0.441
4030,0.429
4040,0.438
4050,0.440
4060,0.425
4070,0.421
4080,0.429
4090,0.455
4100,0.432
4110,0.432
4120,0.442
4130,0.447
4140,0.432
4150,0.430
4160,0.434
4170,0.415
4180,0.403
4190,0.407
4200,0.410
4210,0.417
4220,0.414
4230,0.417
4240,0.438
4250,0.440
4260,0.426
4270,0.415
4280,0.432
4290,0.409
4300,0.432
4310,0.410
4320,0.436
4330,0.441
4340,0.452
4350,0.434
4360,0.445
4370,0.432
4380,0.445
4390,0.430
4400,0.436
4410,0.413
4420,0.434
4430,0.429
4440,0.428
4450,0.426
4460,0.430
4470,0.436
4480,0.422
4490,0.421
4500,0.421
4510,0.414
4520,0.428
4530,0.426
4540,0.424
4550,0.426
4560,0.424
4570,0.436
4580,0.422
4590,0.422
4600,0.437
4610,0.445
4620,0.436
4630,0.447
4640,0.437
4650,0.425
4660,0.438
4670,0.433
4680,0.413
4690,0.418
4700,0.415
4710,0.432
4720,0.418
4730,0.441
4740,0.432
4750,0.428
4760,0.403
4770,0.434
4780,0.440
4790,0.422
4800,0.442
4810,0.428
4820,0.441
4830,0.429
4840,0.428
4850,0.444
4860,0.453
4870,0.428
4880,0.436
4890,0.424
4900,0.407
4910,0.421
4920,0.424
4930,0.411
4940,0.405
4950,0.399
4960,0.399
4970,0.401
4980,0.415
4990,0.414
5000,0.422
5010,0.411
5020,0.410
5030,0.414
5040,0.410
5050,0.401
5060,0.395
5070,0.405
5080,0.407
5090,0.409
5100,0.417
5110,0.411
5120,0.407
5130,0.410
5140,0.378
5150,0.399
5160,0.379
5170,0.392
5180,0.413
5190,0.403
5200,0.386
5210,0.390
5220,0.384
5230,0.392
5240,0.386
5250,0.384
5260,0.384
5270,0.363
5280,0.383
5290,0.372
5300,0.402
5310,0.394
5320,0.382
5330,0.406
5340,0.413
5350,0.406
5360,0.392
5370,0.395
5380,0.418
5390,0.415
5400,0.406
5410,0.398
5420,0.407
5430,0.399
5440,0.380
5450,0.407
5460,0.396
5470,0.386
5480,0.384
5490,0.386
5500,0.399
5510,0.399
5520,0.392
5530,0.391
5540,0.368
5550,0.378
5560,0.369
5570,0.350
5580,0.361
5590,0.376
5600,0.391
5610,0.380
5620,0.360
5630,0.357
5640,0.378
5650,0.367
5660,0.350
5670,0.372
5680,0.379
5690,0.392
5700,0.379
5710,0.367
5720,0.379
5730,0.379
5740,0.382
5750,0.380
5760,0.372
5770,0.375
5780,0.376
5790,0.373
5800,0.390
5810,0.382
5820,0.391
5830,0.383
5840,0.384
5850,0.388
5860,0.384
5870,0.379
5880,0.378
5890,0.375
5900,0.387
5910,0.383
5920,0.399
5930,0.383
5940,0.387
5950,0.384
5960,0.378
5970,0.372
5980,0.387
5990,0.382
6000,0.382
6010,0.387
6020,0.378
6030,0.356
6040,0.360
6050,0.368
6060,0.364
6070,0.369
6080,0.375
6090,0.382
6100,0.379
6110,0.373
6120,0.371
6130,0.357
6140,0.361
6150,0.356
6160,0.355
6170,0.363
6180,0.371
6190,0.363
6200,0.360
6210,0.353
6220,0.365
6230,0.368
6240,0.369
6250,0.380
6260,0.392
6270,0.367
6280,0.368
6290,0.340
6300,0.348
6310,0.355
6320,0.375
6330,0.357
6340,0.365
6350,0.372
6360,0.379
6370,0.382
6380,0.359
6390,0.363
6400,0.367
6410,0.378
6420,0.367
6430,0.346
6440,0.365
6450,0.345
6460,0.359
6470,0.365
6480,0.359
6490,0.378
6500,0.383
6510,0.375
6520,0.380
6530,0.382
6540,0.360
6550,0.376
6560,0.380
6570,0.382
6580,0.396
6590,0.378
6600,0.373
6610,0.382
6620,0.384
6630,0.378
6640,0.364
6650,0.373
6660,0.373
6670,0.387
6680,0.364
6690,0.384
6700,0.383
6710,0.371
6720,0.384
6730,0.368
6740,0.376
6750,0.388
6760,0.386
6770,0.376
6780,0.373
6790,0.341
6800,0.373
6810,0.373
6820,0.365
6830,0.367
6840,0.369
6850,0.382
6860,0.373
6870,0.369
6880,0.373
6890,0.367
6900,0.365
6910,0.365
6920,0.368
6930,0.341
6940,0.356
6950,0.363
6960,0.360
6970,0.375
6980,0.376
6990,0.376
7000,0.383
7010,0.376
7020,0.378
7030,0.376
7040,0.386
7050,0.364
7060,0.364
7070,0.383
7080,0.368
7090,0.376
7100,0.391
7110,0.387
7120,0.384
7130,0.384
7140,0.372
7150,0.355
7160,0.391
7170,0.387
7180,0.378
7190,0.387
7200,0.376
7210,0.394
7220,0.384
7230,0.386
7240,0.396
7250,0.409
7260,0.387
7270,0.392
7280,0.388
7290,0.394
7300,0.375
7310,0.378
7320,0.384
7330,0.376
7340,0.367
7350,0.373
7360,0.373
7370,0.382
7380,0.372
7390,0.367
7400,0.360
7410,0.355
7420,0.348
7430,0.344
7440,0.357
7450,0.365
7460,0.345
7470,0.336
7480,0.350
7490,0.353
7500,0.348
7510,0.361
7520,0.345
7530,0.364
7540,0.360
7550,0.364
7560,0.348
7570,0.342
7580,0.350
7590,0.349
7600,0.356
7610,0.337
7620,0.349
7630,0.363
7640,0.346
7650,0.345
7660,0.357
7670,0.345
7680,0.348
7690,0.340
7700,0.355
7710,0.344
7720,0.350
7730,0.342
7740,0.342
7750,0.342
7760,0.368
7770,0.386
7780,0.382
7790,0.368
7800,0.379
7810,0.395
7820,0.387
7830,0.363
7840,0.376
7850,0.375
7860,0.386
7870,0.378
7880,0.394
7890,0.392
7900,0.391
7910,0.390
7920,0.382
7930,0.378
7940,0.380
7950,0.388
7960,0.399
7970,0.392
7980,0.395
7990,0.402
8000,0.390
8010,0.387
8020,0.378
8030,0.382
8040,0.383
8050,0.363
8060,0.365
8070,0.353
8080,0.363
8090,0.375
8100,0.367
8110,0.363
8120,0.382
8130,0.382
8140,0.368
8150,0.372
8160,0.367
8170,0.387
8180,0.379
8190,0.387
8200,0.383
8210,0.383
8220,0.368
8230,0.386
8240,0.388
8250,0.391
8260,0.384
8270,0.376
8280,0.379
8290,0.378
8300,0.379
8310,0.375
8320,0.373
8330,0.402
8340,0.382
8350,0.379
8360,0.395
8370,0.388
8380,0.364
8390,0.361
8400,0.360
8410,0.384
8420,0.367
8430,0.357
8440,0.352
8450,0.357
8460,0.378
8470,0.364
8480,0.390
8490,0.392
8500,0.384
8510,0.387
8520,0.367
8530,0.360
8540,0.359
8550,0.350
8560,0.361
8570,0.344
8580,0.323
8590,0.329
8600,0.333
8610,0.322
8620,0.318
8630,0.341
8640,0.329
8650,0.329
8660,0.323
8670,0.322
8680,0.327
8690,0.321
8700,0.313
8710,0.300
8720,0.296
8730,0.307
8740,0.292
8750,0.291
8760,0.279
8770,0.296
8780,0.283
8790,0.298
8800,0.290
8810,0.280
8820,0.306
8830,0.311
8840,0.304
8850,0.311
8860,0.322
8870,0.318
8880,0.315
8890,0.317
8900,0.310
8910,0.322
8920,0.311
8930,0.313
8940,0.336
8950,0.326
8960,0.326
8970,0.336
8980,0.330
8990,0.337
9000,0.327
9010,0.323
9020,0.338
9030,0.313
9040,0.318
9050,0.318
9060,0.302
9070,0.295
9080,0.288
9090,0.286
9100,0.292
9110,0.309
9120,0.304
9130,0.313
9140,0.307
9150,0.304
9160,0.298
9170,0.317
9180,0.304
9190,0.322
9200,0.322
9210,0.315
9220,0.322
9230,0.318
9240,0.315
9250,0.311
9260,0.303
9270,0.296
9280,0.300
9290,0.287
9300,0.298
9310,0.306
9320,0.291
9330,0.311
9340,0.286
9350,0.294
9360,0.291
9370,0.288
9380,0.295
9390,0.288
9400,0.304
9410,0.303
9420,0.304
9430,0.294
9440,0.290
9450,0.309
9460,0.288
9470,0.284
9480,0.284
9490,0.291
9500,0.299
9510,0.300
9520,0.303
9530,0.291
9540,0.279
9550,0.294
9560,0.296
9570,0.286
9580,0.291
9590,0.291
9600,0.302
9610,0.307
9620,0.303
9630,0.307
9640,0.287
9650,0.296
9660,0.267
9670,0.291
9680,0.273
9690,0.295
9700,0.286
9710,0.303
9720,0.292
9730,0.309
9740,0.287
9750,0.302
9760,0.313
9770,0.300
9780,0.322
9790,0.315
9800,0.307
9810,0.330
9820,0.310
9830,0.295
9840,0.299
9850,0.286
9860,0.307
9870,0.265
9880,0.304
9890,0.295
9900,0.295
9910,0.304
9920,0.310
9930,0.323
9940,0.318
9950,0.303
9960,0.315
9970,0.302
9980,0.325
9990,0.318
10000,0.318
10010,0.298
10020,0.318
10030,0.311
10040,0.298
10050,0.276
10060,0.290
10070,0.290
10080,0.303
10090,0.295
10100,0.279
10110,0.292
10120,0.296
10130,0.288
10140,0.303
10150,0.307
10160,0.307
10170,0.296
10180,0.299
10190,0.299
10200,0.303
10210,0.288
10220,0.292
10230,0.299
10240,0.286
10250,0.298
10260,0.277
10270,0.284
10280,0.273
10290,0.267
10300,0.275
10310,0.286
10320,0.269
10330,0.287
10340,0.295
10350,0.290
10360,0.309
10370,0.292
10380,0.307
10390,0.304
10400,0.318
10410,0.296
10420,0.307
10430,0.306
10440,0.304
10450,0.300
10460,0.314
10470,0.315
10480,0.302
10490,0.319
10500,0.302
10510,0.299
10520,0.309
10530,0.318
10540,0.318
10550,0.303
10560,0.303
10570,0.307
10580,0.291
10590,0.306
10600,0.323
10610,0.321
10620,0.311
10630,0.311
10640,0.314
10650,0.304
10660,0.302
10670,0.300
10680,0.296
10690,0.295
10700,0.287
10710,0.287
10720,0.300
10730,0.284
10740,0.277
10750,0.290
10760,0.298
10770,0.299
10780,0.284
10790,0.292
10800,0.291
10810,0.291
10820,0.304
10830,0.299
10840,0.309
10850,0.296
10860,0.300
10870,0.284
10880,0.298
10890,0.295
10900,0.288
10910,0.319
10920,0.303
10930,0.300
10940,0.299
10950,0.311
10960,0.304
10970,0.310
10980,0.314
10990,0.322
11000,0.290
11010,0.303
11020,0.314
11030,0.299
11040,0.310
11050,0.303
11060,0.283
11070,0.315
11080,0.330
11090,0.329
11100,0.315
11110,0.325
11120,0.304
11130,0.310
11140,0.299
11150,0.307
11160,0.299
11170,0.298
11180,0.284
11190,0.283
11200,0.284
11210,0.283
11220,0.280
11230,0.291
11240,0.291
11250,0.306
11260,0.313
11270,0.313
11280,0.306
11290,0.311
11300,0.336
11310,0.325
11320,0.333
11330,0.334
11340,0.336
11350,0.323
11360,0.311
11370,0.299
11380,0.321
11390,0.319
11400,0.298
11410,0.314
11420,0.325
11430,0.310
11440,0.314
11450,0.322
11460,0.300
11470,0.296
11480,0.317
11490,0.291
11500,0.295
11510,0.296
11520,0.303
11530,0.295
11540,0.309
11550,0.302
11560,0.327
11570,0.306
11580,0.299
11590,0.310
11600,0.296
11610,0.309
11620,0.313
11630,0.302
11640,0.325
11650,0.307
11660,0.318
11670,0.313
11680,0.311
11690,0.307
11700,0.296
11710,0.315
11720,0.317
11730,0.287
11740,0.302
11750,0.311
11760,0.304
11770,0.294
11780,0.309
11790,0.310
11800,0.298
11810,0.300
11820,0.300
11830,0.302
11840,0.286
11850,0.300
11860,0.294
11870,0.304
11880,0.307
11890,0.295
11900,0.300
11910,0.307
11920,0.302
11930,0.306
11940,0.306
11950,0.296
11960,0.287
11970,0.292
11980,0.306
11990,0.309
12000,0.314
12010,0.313
12020,0.306
12030,0.319
12040,0.321
12050,0.311
12060,0.314
12070,0.300
12080,0.294
12090,0.318
12100,0.296
12110,0.314
12120,0.314
12130,0.298
12140,0.304
12150,0.302
12160,0.315
12170,0.299
12180,0.307
12190,0.318
12200,0.292
12210,0.295
12220,0.288
12230,0.286
12240,0.299
12250,0.296
12260,0.277
12270,0.284
12280,0.317
12290,0.315
12300,0.300
12310,0.300
12320,0.304
12330,0.298
12340,0.288
12350,0.284
12360,0.269
12370,0.294
12380,0.296
12390,0.279
12400,0.288
12410,0.321
12420,0.300
12430,0.294
12440,0.284
12450,0.295
12460,0.290
12470,0.272
12480,0.280
12490,0.275
12500,0.276
12510,0.250
12520,0.263
12530,0.269
12540,0.275
12550,0.286
12560,0.245
12570,0.261
12580,0.276
12590,0.256
12600,0.263
12610,0.257
12620,0.271
12630,0.269
12640,0.284
12650,0.287
12660,0.277
12670,0.272
12680,0.263
12690,0.272
12700,0.263
12710,0.284
12720,0.269
12730,0.258
12740,0.246
12750,0.241
12760,0.222
12770,0.234
12780,0.225
12790,0.242
12800,0.238
12810,0.245
12820,0.242
12830,0.241
12840,0.235
12850,0.244
12860,0.244
12870,0.254
12880,0.258
12890,0.250
12900,0.260
12910,0.276
12920,0.267
12930,0.279
12940,0.263
12950,0.275
12960,0.269
12970,0.275
12980,0.273
12990,0.284
13000,0.271
13010,0.299
13020,0.286
13030,0.286
13040,0.281
13050,0.292
13060,0.292
13070,0.288
13080,0.281
13090,0.288
13100,0.296
13110,0.277
13120,0.276
13130,0.258
13140,0.268
13150,0.267
13160,0.279
13170,0.275
13180,0.284
13190,0.269
13200,0.264
13210,0.275
13220,0.267
13230,0.272
13240,0.273
13250,0.272
13260,0.258
13270,0.249
13280,0.267
13290,0.265
13300,0.263
13310,0.244
13320,0.240
13330,0.241
13340,0.230
13350,0.238
13360,0.226
13370,0.230
13380,0.211
13390,0.222
13400,0.222
13410,0.210
13420,0.208
13430,0.226
13440,0.234
13450,0.226
13460,0.227
13470,0.230
13480,0.233
13490,0.245
13500,0.254
13510,0.252
13520,0.260
13530,0.244
13540,0.229
13550,0.230
13560,0.234
13570,0.235
13580,0.237
13590,0.249
13600,0.234
13610,0.225
13620,0.234
13630,0.218
13640,0.210
13650,0.229
13660,0.231
13670,0.212
13680,0.218
13690,0.226
13700,0.221
13710,0.199
13720,0.207
13730,0.179
13740,0.187
13750,0.188
13760,0.195
13770,0.203
13780,0.206
13790,0.207
13800,0.203
13810,0.207
13820,0.189
13830,0.189
13840,0.206
13850,0.189
13860,0.211
13870,0.208
13880,0.198
13890,0.203
13900,0.203
13910,0.212
13920,0.204
13930,0.222
13940,0.219
13950,0.229
13960,0.235
13970,0.222
13980,0.225
13990,0.219
14000,0.221
14010,0.231
14020,0.218
14030,0.240
14040,0.217
14050,0.210
14060,0.221
14070,0.212
14080,0.233
14090,0.218
14100,0.218
14110,0.225
14120,0.221
14130,0.221
14140,0.212
14150,0.210
14160,0.222
14170,0.218
14180,0.212
14190,0.231
14200,0.225
14210,0.217
14220,0.241
14230,0.231
14240,0.223
14250,0.229
14260,0.230
14270,0.217
14280,0.207
14290,0.211
14300,0.204
14310,0.202
14320,0.210
14330,0.225
14340,0.207
14350,0.208
14360,0.217
14370,0.234
14380,0.222
14390,0.215
14400,0.211
14410,0.219
14420,0.215
14430,0.211
14440,0.210
14450,0.187
14460,0.180
14470,0.177
14480,0.154
14490,0.158
14500,0.173
14510,0.165
14520,0.156
14530,0.164
14540,0.181
14550,0.173
14560,0.169
14570,0.160
14580,0.164
14590,0.143
14600,0.168
14610,0.150
14620,0.157
14630,0.157
14640,0.154
14650,0.141
14660,0.141
14670,0.134
14680,0.156
14690,0.146
14700,0.138
14710,0.133
14720,0.122
14730,0.142
14740,0.141
14750,0.131
14760,0.139
14770,0.130
14780,0.145
14790,0.137
14800,0.143
14810,0.152
14820,0.154
14830,0.146
14840,0.149
14850,0.133
14860,0.157
14870,0.134
14880,0.137
14890,0.135
14900,0.133
14910,0.134
14920,0.138
14930,0.141
14940,0.139
14950,0.142
14960,0.142
14970,0.134
14980,0.134
14990,0.127
15000,0.135
15010,0.147
15020,0.142
15030,0.143
15040,0.143
15050,0.138
15060,0.142
15070,0.126
15080,0.134
15090,0.131
15100,0.127
15110,0.124
15120,0.130
15130,0.131
15140,0.120
15150,0.126
15160,0.133
15170,0.110
15180,0.119
15190,0.115
15200,0.124
15210,0.114
15220,0.112
15230,0.108
15240,0.106
15250,0.101
15260,0.115
15270,0.122
15280,0.126
15290,0.134
15300,0.126
15310,0.133
15320,0.131
15330,0.137
15340,0.130
15350,0.122
15360,0.126
15370,0.137
15380,0.126
15390,0.126
15400,0.127
15410,0.139
15420,0.138
15430,0.143
15440,0.152
15450,0.130
15460,0.137
15470,0.135
15480,0.130
15490,0.133
15500,0.149
15510,0.150
15520,0.143
15530,0.146
15540,0.149
15550,0.137
15560,0.142
15570,0.145
15580,0.146
15590,0.153
15600,0.156
15610,0.154
15620,0.158
15630,0.138
15640,0.152
15650,0.156
15660,0.152
15670,0.150
15680,0.146
15690,0.133
15700,0.143
15710,0.139
15720,0.150
15730,0.143
15740,0.153
15750,0.141
15760,0.137
15770,0.143
15780,0.138
15790,0.143
15800,0.141
15810,0.145
15820,0.142
15830,0.146
15840,0.160
15850,0.147
15860,0.143
15870,0.150
15880,0.138
15890,0.142
15900,0.150
15910,0.145
15920,0.141
15930,0.162
15940,0.156
15950,0.158
15960,0.157
15970,0.147
15980,0.146
15990,0.153
16000,0.145
16010,0.143
16020,0.149
16030,0.154
16040,0.143
16050,0.150
16060,0.146
16070,0.143
16080,0.146
16090,0.142
16100,0.153
16110,0.142
16120,0.124
16130,0.137
16140,0.142
16150,0.145
16160,0.138
16170,0.141
16180,0.145
16190,0.156
16200,0.134
16210,0.156
16220,0.166
16230,0.147
16240,0.160
16250,0.153
16260,0.156
16270,0.164
16280,0.165
16290,0.164
16300,0.166
16310,0.152
16320,0.149
16330,0.146
16340,0.145
16350,0.152
16360,0.157
16370,0.162
16380,0.157
16390,0.153
16400,0.147
16410,0.133
16420,0.134
16430,0.134
16440,0.130
16450,0.141
16460,0.134
16470,0.143
16480,0.130
16490,0.133
16500,0.124
16510,0.120
16520,0.124
16530,0.139
16540,0.122
16550,0.122
16560,0.096
16570,0.120
16580,0.111
16590,0.111
16600,0.120
16610,0.120
16620,0.120
16630,0.097
16640,0.099
16650,0.088
16660,0.099
16670,0.118
16680,0.106
16690,0.104
16700,0.106
16710,0.101
16720,0.091
16730,0.091
16740,0.089
16750,0.087
16760,0.097
16770,0.095
16780,0.100
16790,0.108
16800,0.088
16810,0.112
16820,0.123
16830,0.110
16840,0.103
16850,0.087
16860,0.095
16870,0.095
16880,0.101
16890,0.101
16900,0.108
16910,0.106
16920,0.114
16930,0.106
16940,0.104
16950,0.112
16960,0.114
16970,0.100
16980,0.101
16990,0.099
17000,0.095
17010,0.092
17020,0.100
17030,0.100
17040,0.097
17050,0.099
17060,0.107
17070,0.092
17080,0.092
17090,0.092
17100,0.088
17110,0.091
17120,0.080
17130,0.095
17140,0.091
17150,0.103
17160,0.110
17170,0.107
17180,0.106
17190,0.104
17200,0.108
17210,0.115
17220,0.110
17230,0.118
17240,0.107
17250,0.108
17260,0.116
17270,0.119
17280,0.118
17290,0.096
17300,0.099
17310,0.101
17320,0.110
17330,0.111
17340,0.095
17350,0.096
17360,0.104
17370,0.096
17380,0.095
17390,0.097
17400,0.093
17410,0.089
17420,0.088
17430,0.083
17440,0.095
17450,0.099
17460,0.095
17470,0.093
17480,0.084
17490,0.081
17500,0.081
17510,0.092
17520,0.093
17530,0.095
17540,0.096
17550,0.081
17560,0.087
17570,0.081
17580,0.087
17590,0.089
17600,0.083
17610,0.074
17620,0.065
17630,0.074
17640,0.064
17650,0.076
17660,0.074
17670,0.073
17680,0.073
17690,0.072
17700,0.077
17710,0.077
17720,0.080
17730,0.083
17740,0.093
17750,0.088
17760,0.118
17770,0.096
17780,0.089
17790,0.083
17800,0.078
17810,0.081
17820,0.092
17830,0.089
17840,0.091
17850,0.096
17860,0.088
17870,0.074
17880,0.083
17890,0.088
17900,0.084
17910,0.068
17920,0.066
17930,0.078
17940,0.076
17950,0.081
17960,0.081
17970,0.092
17980,0.093
17990,0.083
18000,0.089
18010,0.085
18020,0.084
18030,0.092
18040,0.095
18050,0.092
18060,0.077
18070,0.083
18080,0.087
18090,0.100
18100,0.096
18110,0.078
18120,0.087
18130,0.088
18140,0.096
18150,0.085
18160,0.092
18170,0.097
18180,0.081
18190,0.085
18200,0.083
18210,0.081
18220,0.078
18230,0.083
18240,0.084
18250,0.077
18260,0.078
18270,0.070
18280,0.072
18290,0.072
18300,0.083
18310,0.080
18320,0.073
18330,0.074
18340,0.083
18350,0.093
18360,0.084
18370,0.080
18380,0.084
18390,0.073
18400,0.092
18410,0.095
18420,0.087
18430,0.089
18440,0.097
18450,0.095
18460,0.091
18470,0.095
18480,0.101
18490,0.115
18500,0.110
18510,0.101
18520,0.103
18530,0.092
18540,0.077
18550,0.091
18560,0.088
18570,0.096
18580,0.087
18590,0.069
18600,0.080
18610,0.072
18620,0.074
18630,0.078
18640,0.064
18650,0.066
18660,0.064
18670,0.074
18680,0.078
18690,0.087
18700,0.068
18710,0.078
18720,0.078
18730,0.072
18740,0.073
18750,0.070
18760,0.073
18770,0.066
18780,0.073
18790,0.076
18800,0.088
18810,0.089
18820,0.089
18830,0.081
18840,0.088
18850,0.092
18860,0.087
18870,0.065
18880,0.080
18890,0.073
18900,0.074
18910,0.073
18920,0.076
18930,0.077
18940,0.072
18950,0.080
18960,0.081
18970,0.085
18980,0.064
18990,0.084
19000,0.073
19010,0.066
19020,0.085
19030,0.084
19040,0.081
19050,0.081
19060,0.087
19070,0.080
19080,0.073
19090,0.081
19100,0.077
19110,0.066
19120,0.072
19130,0.068
19140,0.061
19150,0.068
19160,0.065
19170,0.074
19180,0.074
19190,0.061
19200,0.057
19210,0.070
19220,0.070
19230,0.057
19240,0.058
19250,0.065
19260,0.061
19270,0.065
19280,0.070
19290,0.074
19300,0.065
19310,0.070
19320,0.068
19330,0.076
19340,0.072
19350,0.069
19360,0.080
19370,0.074
19380,0.068
19390,0.051
19400,0.066
19410,0.064
19420,0.064
19430,0.066
19440,0.069
19450,0.069
19460,0.074
19470,0.074
19480,0.072
19490,0.074
19500,0.064
19510,0.061
19520,0.068
19530,0.060
19540,0.061
19550,0.070
19560,0.058
19570,0.051
19580,0.049
19590,0.050
19600,0.049
19610,0.055
19620,0.055
19630,0.060
19640,0.057
19650,0.058
19660,0.055
19670,0.051
19680,0.046
19690,0.047
19700,0.055
19710,0.050
19720,0.047
19730,0.043
19740,0.047
19750,0.045
19760,0.042
19770,0.041
19780,0.034
19790,0.037
19800,0.034
19810,0.038
19820,0.027
19830,0.028
19840,0.024
19850,0.019
19860,0.026
19870,0.027
19880,0.028
19890,0.037
19900,0.027
19910,0.034
19920,0.027
19930,0.031
19940,0.026
19950,0.024
19960,0.026
19970,0.031
19980,0.034
19990,0.038
20000,0.039
