# time, fQ
0,0.760
10,0.654
20,0.635
30,0.651
40,0.632
50,0.664
60,0.668
70,0.620
80,0.622
90,0.599
100,0.585
110,0.606
120,0.594
130,0.610
140,0.591
150,0.627
160,0.595
170,0.583
180,0.595
190,0.585
200,0.586
210,0.568
220,0.566
230,0.545
240,0.576
250,0.563
260,0.566
270,0.556
280,0.555
290,0.566
300,0.529
310,0.541
320,0.537
330,0.536
340,0.530
350,0.506
360,0.514
370,0.494
380,0.526
390,0.528
400,0.549
410,0.530
420,0.528
430,0.536
440,0.543
450,0.536
460,0.532
470,0.535
480,0.547
490,0.517
500,0.514
510,0.545
520,0.571
530,0.551
540,0.562
550,0.555
560,0.544
570,0.512
580,0.525
590,0.532
600,0.528
610,0.522
620,0.525
630,0.518
640,0.521
650,0.518
660,0.537
670,0.541
680,0.544
690,0.560
700,0.516
710,0.547
720,0.555
730,0.556
740,0.522
750,0.526
760,0.555
770,0.520
780,0.526
790,0.518
800,0.513
810,0.514
820,0.522
830,0.529
840,0.532
850,0.499
860,0.543
870,0.536
880,0.497
890,0.518
900,0.526
910,0.483
920,0.522
930,0.483
940,0.509
950,0.521
960,0.512
970,0.513
980,0.498
990,0.503
1000,0.512
1010,0.513
1020,0.494
1030,0.488
1040,0.512
1050,0.503
1060,0.501
1070,0.495
1080,0.490
1090,0.518
1100,0.522
1110,0.518
1120,0.503
1130,0.495
1140,0.520
1150,0.491
1160,0.522
1170,0.510
1180,0.512
1190,0.529
1200,0.532
1210,0.498
1220,0.516
1230,0.521
1240,0.517
1250,0.530
1260,0.522
1270,0.512
1280,0.499
1290,0.526
1300,0.503
1310,0.503
1320,0.513
1330,0.503
1340,0.514
1350,0.513
1360,0.529
1370,0.503
1380,0.498
1390,0.491
1400,0.480
1410,0.475
1420,0.479
1430,0.478
1440,0.494
1450,0.494
1460,0.483
1470,0.472
1480,0.472
1490,0.459
1500,0.453
1510,0.449
1520,0.448
1530,0.438
1540,0.449
1550,0.436
1560,0.451
1570,0.428
1580,0.444
1590,0.441
1600,0.449
1610,0.419
1620,0.436
1630,0.468
1640,0.428
1650,0.429
1660,0.432
1670,0.426
1680,0.421
1690,0.395
1700,0.376
1710,0.395
1720,0.391
1730,0.403
1740,0.361
1750,0.367
1760,0.365
1770,0.364
1780,0.391
1790,0.382
1800,0.368
1810,0.380
1820,0.390
1830,0.392
1840,0.425
1850,0.407
1860,0.419
1870,0.409
1880,0.418
1890,0.417
1900,0.415
1910,0.399
1920,0.399
1930,0.401
1940,0.403
1950,0.409
1960,0.410
1970,0.425
1980,0.425
1990,0.424
2000,0.398
2010,0.413
2020,0.411
2030,0.398
2040,0.399
2050,0.414
2060,0.384
2070,0.398
2080,0.419
2090,0.403
2100,0.395
2110,0.401
2120,0.368
2130,0.396
2140,0.406
2150,0.387
2160,0.373
2170,0.395
2180,0.402
2190,0.422
2200,0.430
2210,0.441
2220,0.415
2230,0.413
2240,0.409
2250,0.401
2260,0.388
2270,0.375
2280,0.376
2290,0.402
2300,0.382
2310,0.384
2320,0.388
2330,0.365
2340,0.371
2350,0.376
2360,0.368
2370,0.350
2380,0.334
2390,0.353
2400,0.345
2410,0.350
2420,0.346
2430,0.357
2440,0.361
2450,0.342
2460,0.373
2470,0.355
2480,0.333
2490,0.341
2500,0.340
2510,0.371
2520,0.355
2530,0.344
2540,0.338
2550,0.326
2560,0.338
2570,0.357
2580,0.318
2590,0.325
2600,0.326
2610,0.332
2620,0.318
2630,0.353
2640,0.318
2650,0.325
2660,0.321
2670,0.313
2680,0.317
2690,0.327
2700,0.317
2710,0.307
2720,0.309
2730,0.322
2740,0.311
2750,0.313
2760,0.302
2770,0.334
2780,0.326
2790,0.334
2800,0.326
2810,0.318
2820,0.315
2830,0.323
2840,0.315
2850,0.317
2860,0.330
2870,0.327
2880,0.318
2890,0.299
2900,0.294
2910,0.313
2920,0.334
2930,0.325
2940,0.321
2950,0.319
2960,0.323
2970,0.322
2980,0.349
2990,0.332
3000,0.334
3010,0.336
3020,0.325
3030,0.319
3040,0.322
3050,0.325
3060,0.307
3070,0.321
3080,0.332
3090,0.334
3100,0.317
3110,0.323
3120,0.303
3130,0.313
3140,0.327
3150,0.313
3160,0.326
3170,0.327
3180,0.326
3190,0.346
3200,0.353
3210,0.356
3220,0.340
3230,0.361
3240,0.356
3250,0.346
3260,0.333
3270,0.321
3280,0.330
3290,0.310
3300,0.309
3310,0.298
3320,0.322
3330,0.315
3340,0.322
3350,0.322
3360,0.317
3370,0.317
3380,0.318
3390,0.318
3400,0.315
3410,0.313
3420,0.323
3430,0.329
3440,0.329
3450,0.315
3460,0.322
3470,0.321
3480,0.340
3490,0.311
3500,0.327
3510,0.318
3520,0.313
3530,0.302
3540,0.322
3550,0.313
3560,0.300
3570,0.321
3580,0.330
3590,0.310
3600,0.315
3610,0.309
3620,0.322
3630,0.327
3640,0.340
3650,0.315
3660,0.295
3670,0.294
3680,0.288
3690,0.300
3700,0.332
3710,0.322
3720,0.310
3730,0.325
3740,0.309
3750,0.310
3760,0.310
3770,0.294
3780,0.291
3790,0.287
3800,0.280
3810,0.288
3820,0.292
3830,0.272
3840,0.272
3850,0.279
3860,0.272
3870,0.260
3880,0.256
3890,0.271
3900,0.281
3910,0.272
3920,0.264
3930,0.275
3940,0.271
3950,0.287
3960,0.287
3970,0.283
3980,0.287
3990,0.271
4000,0.280
4010,0.272
4020,0.271
4030,0.277
4040,0.291
4050,0.277
4060,0.288
4070,0.286
4080,0.258
4090,0.256
4100,0.248
4110,0.265
4120,0.271
4130,0.276
4140,0.267
4150,0.265
4160,0.260
4170,0.284
4180,0.284
4190,0.265
4200,0.279
4210,0.272
4220,0.280
4230,0.281
4240,0.277
4250,0.276
4260,0.277
4270,0.280
4280,0.264
4290,0.271
4300,0.284
4310,0.280
4320,0.280
4330,0.280
4340,0.265
4350,0.260
4360,0.258
4370,0.260
4380,0.273
4390,0.238
4400,0.254
4410,0.246
4420,0.238
4430,0.242
4440,0.257
4450,0.258
4460,0.267
4470,0.246
4480,0.258
4490,0.241
4500,0.230
4510,0.219
4520,0.240
4530,0.248
4540,0.227
4550,0.231
4560,0.234
4570,0.221
4580,0.252
4590,0.244
4600,0.253
4610,0.254
4620,0.257
4630,0.235
4640,0.245
4650,0.237
4660,0.235
4670,0.242
4680,0.245
4690,0.245
4700,0.233
4710,0.218
4720,0.229
4730,0.221
4740,0.235
4750,0.238
4760,0.231
4770,0.229
4780,0.219
4790,0.229
4800,0.231
4810,0.234
4820,0.222
4830,0.227
4840,0.222
4850,0.206
4860,0.206
4870,0.208
4880,0.206
4890,0.202
4900,0.206
4910,0.198
4920,0.207
4930,0.206
4940,0.203
4950,0.217
4960,0.215
4970,0.198
4980,0.202
4990,0.206
5000,0.210
5010,0.207
5020,0.191
5030,0.200
5040,0.207
5050,0.194
5060,0.187
5070,0.172
5080,0.171
5090,0.183
5100,0.166
5110,0.173
5120,0.160
5130,0.166
5140,0.161
5150,0.166
5160,0.184
5170,0.179
5180,0.177
5190,0.169
5200,0.184
5210,0.177
5220,0.173
5230,0.173
5240,0.166
5250,0.175
5260,0.179
5270,0.172
5280,0.161
5290,0.158
5300,0.154
5310,0.149
5320,0.164
5330,0.165
5340,0.165
5350,0.181
5360,0.179
5370,0.164
5380,0.171
5390,0.157
5400,0.160
5410,0.143
5420,0.165
5430,0.158
5440,0.139
5450,0.156
5460,0.145
5470,0.137
5480,0.153
5490,0.134
5500,0.156
5510,0.165
5520,0.135
5530,0.137
5540,0.130
5550,0.137
5560,0.139
5570,0.142
5580,0.153
5590,0.147
5600,0.137
5610,0.145
5620,0.127
5630,0.123
5640,0.134
5650,0.129
5660,0.123
5670,0.115
5680,0.120
5690,0.112
5700,0.107
5710,0.097
5720,0.101
5730,0.110
5740,0.119
5750,0.118
5760,0.119
5770,0.122
5780,0.116
5790,0.133
5800,0.126
5810,0.127
5820,0.131
5830,0.123
5840,0.114
5850,0.116
5860,0.138
5870,0.118
5880,0.120
5890,0.126
5900,0.118
5910,0.120
5920,0.123
5930,0.133
5940,0.138
5950,0.141
5960,0.135
5970,0.122
5980,0.133
5990,0.124
6000,0.135
6010,0.143
6020,0.137
6030,0.141
6040,0.145
6050,0.149
6060,0.139
6070,0.134
6080,0.141
6090,0.124
6100,0.135
6110,0.135
6120,0.134
6130,0.129
6140,0.120
6150,0.124
6160,0.131
6170,0.126
6180,0.124
6190,0.126
6200,0.138
6210,0.126
6220,0.135
6230,0.118
6240,0.131
6250,0.126
6260,0.123
6270,0.110
6280,0.131
6290,0.126
6300,0.115
6310,0.115
6320,0.101
6330,0.095
6340,0.103
6350,0.088
6360,0.097
6370,0.103
6380,0.083
6390,0.092
6400,0.088
6410,0.083
6420,0.078
6430,0.088
6440,0.083
6450,0.081
6460,0.080
6470,0.066
6480,0.081
6490,0.081
6500,0.089
6510,0.100
6520,0.101
6530,0.100
6540,0.107
6550,0.106
6560,0.092
6570,0.112
6580,0.119
6590,0.108
6600,0.101
6610,0.106
6620,0.111
6630,0.119
6640,0.108
6650,0.092
6660,0.107
6670,0.103
6680,0.096
6690,0.088
6700,0.114
6710,0.093
6720,0.092
6730,0.088
6740,0.092
6750,0.088
6760,0.087
6770,0.089
6780,0.097
6790,0.108
6800,0.114
6810,0.106
6820,0.100
6830,0.097
6840,0.111
6850,0.114
6860,0.103
6870,0.115
6880,0.116
6890,0.106
6900,0.112
6910,0.106
6920,0.107
6930,0.097
6940,0.112
6950,0.107
6960,0.111
6970,0.106
6980,0.093
6990,0.101
7000,0.101
7010,0.093
7020,0.100
7030,0.095
7040,0.085
7050,0.077
7060,0.070
7070,0.085
7080,0.083
7090,0.085
7100,0.095
7110,0.091
7120,0.101
7130,0.107
7140,0.110
7150,0.091
7160,0.087
7170,0.101
7180,0.097
7190,0.101
7200,0.108
7210,0.106
7220,0.100
7230,0.107
7240,0.097
7250,0.083
7260,0.096
7270,0.084
7280,0.091
7290,0.092
7300,0.100
7310,0.096
7320,0.095
7330,0.097
7340,0.097
7350,0.089
7360,0.100
7370,0.100
7380,0.089
7390,0.087
7400,0.083
7410,0.093
7420,0.081
7430,0.095
7440,0.081
7450,0.089
7460,0.089
7470,0.083
7480,0.095
7490,0.083
7500,0.088
7510,0.089
7520,0.088
7530,0.093
7540,0.095
7550,0.080
7560,0.093
7570,0.091
7580,0.087
7590,0.088
7600,0.076
7610,0.069
7620,0.070
7630,0.085
7640,0.078
7650,0.088
7660,0.081
7670,0.089
7680,0.080
7690,0.080
7700,0.077
7710,0.076
7720,0.085
7730,0.076
7740,0.089
7750,0.078
7760,0.085
7770,0.085
7780,0.092
7790,0.069
7800,0.087
7810,0.088
7820,0.083
7830,0.078
7840,0.081
7850,0.069
7860,0.066
7870,0.072
7880,0.069
7890,0.072
7900,0.066
7910,0.080
7920,0.064
7930,0.051
7940,0.070
7950,0.065
7960,0.076
7970,0.073
7980,0.065
7990,0.061
8000,0.055
8010,0.066
8020,0.055
8030,0.061
8040,0.060
8050,0.054
8060,0.065
8070,0.065
8080,0.057
8090,0.051
8100,0.061
8110,0.051
8120,0.066
8130,0.060
8140,0.051
8150,0.041
8160,0.038
8170,0.026
8180,0.032
8190,0.038
8200,0.035
8210,0.026
8220,0.035
8230,0.039
8240,0.041
8250,0.049
8260,0.058
8270,0.062
8280,0.051
8290,0.049
8300,0.064
8310,0.045
8320,0.042
8330,0.058
8340,0.068
8350,0.062
8360,0.061
8370,0.053
8380,0.057
8390,0.046
8400,0.046
8410,0.049
8420,0.057
8430,0.060
8440,0.060
8450,0.065
8460,0.060
8470,0.068
8480,0.055
8490,0.070
8500,0.065
8510,0.072
8520,0.065
8530,0.060
8540,0.060
8550,0.064
8560,0.055
8570,0.057
8580,0.057
8590,0.060
8600,0.066
8610,0.055
8620,0.053
8630,0.047
8640,0.050
8650,0.064
8660,0.061
8670,0.058
8680,0.054
8690,0.055
8700,0.066
8710,0.072
8720,0.070
8730,0.065
8740,0.064
8750,0.053
8760,0.057
8770,0.062
8780,0.053
8790,0.061
8800,0.061
8810,0.061
8820,0.053
8830,0.061
8840,0.060
8850,0.064
8860,0.060
8870,0.060
8880,0.051
8890,0.061
8900,0.069
8910,0.070
8920,0.065
8930,0.062
8940,0.065
8950,0.072
8960,0.062
8970,0.065
8980,0.061
8990,0.073
9000,0.070
9010,0.068
9020,0.065
9030,0.058
9040,0.055
9050,0.053
9060,0.055
9070,0.058
9080,0.057
9090,0.050
9100,0.058
9110,0.060
9120,0.058
9130,0.046
9140,0.045
9150,0.045
9160,0.037
9170,0.037
9180,0.041
9190,0.032
9200,0.039
9210,0.041
9220,0.039
9230,0.032
9240,0.037
9250,0.038
9260,0.042
9270,0.041
9280,0.037
9290,0.045
9300,0.034
9310,0.039
9320,0.039
9330,0.039
9340,0.034
9350,0.041
9360,0.034
9370,0.032
9380,0.039
9390,0.028
9400,0.041
9410,0.043
9420,0.042
9430,0.037
9440,0.042
9450,0.024
9460,0.026
9470,0.026
9480,0.023
9490,0.041
9500,0.043
9510,0.045
9520,0.043
9530,0.041
9540,0.047
9550,0.045
9560,0.028
9570,0.028
9580,0.024
9590,0.037
9600,0.032
9610,0.026
9620,0.028
9630,0.032
9640,0.024
9650,0.034
9660,0.027
9670,0.038
9680,0.038
9690,0.042
9700,0.039
9710,0.038
9720,0.041
9730,0.039
9740,0.053
9750,0.047
9760,0.054
9770,0.055
9780,0.053
9790,0.051
9800,0.050
9810,0.051
9820,0.051
9830,0.042
9840,0.041
9850,0.034
9860,0.037
9870,0.041
9880,0.035
9890,0.037
9900,0.034
9910,0.041
9920,0.038
9930,0.043
9940,0.037
9950,0.050
9960,0.043
9970,0.047
9980,0.055
9990,0.054
10000,0.043
10010,0.039
10020,0.043
10030,0.043
10040,0.038
10050,0.039
10060,0.031
10070,0.026
10080,0.030
10090,0.030
10100,0.035
10110,0.034
10120,0.027
10130,0.030
10140,0.027
10150,0.031
10160,0.035
10170,0.049
10180,0.046
10190,0.046
10200,0.043
10210,0.038
10220,0.053
10230,0.039
10240,0.046
10250,0.050
10260,0.042
10270,0.046
10280,0.047
10290,0.034
10300,0.046
10310,0.042
10320,0.054
10330,0.047
10340,0.055
10350,0.054
10360,0.057
10370,0.039
10380,0.042
10390,0.050
10400,0.055
10410,0.055
10420,0.045
10430,0.037
10440,0.049
10450,0.047
10460,0.027
10470,0.037
10480,0.037
10490,0.032
10500,0.026
10510,0.034
10520,0.031
10530,0.038
10540,0.028
10550,0.028
10560,0.032
10570,0.031
10580,0.047
10590,0.045
10600,0.039
10610,0.032
10620,0.035
10630,0.031
10640,0.037
10650,0.039
10660,0.024
10670,0.038
10680,0.031
10690,0.032
10700,0.028
10710,0.026
10720,0.023
10730,0.031
10740,0.032
10750,0.030
10760,0.037
10770,0.034
10780,0.039
10790,0.038
10800,0.034
10810,0.035
10820,0.031
10830,0.037
10840,0.023
10850,0.034
10860,0.028
10870,0.028
10880,0.031
10890,0.028
10900,0.032
10910,0.034
10920,0.027
10930,0.032
10940,0.042
10950,0.032
10960,0.042
10970,0.047
10980,0.042
10990,0.034
11000,0.037
11010,0.028
11020,0.035
11030,0.041
11040,0.042
11050,0.041
11060,0.041
11070,0.031
11080,0.042
11090,0.046
11100,0.032
11110,0.043
11120,0.045
11130,0.034
11140,0.027
11150,0.037
11160,0.046
11170,0.035
11180,0.027
11190,0.035
11200,0.042
11210,0.047
11220,0.037
11230,0.041
11240,0.038
11250,0.037
11260,0.041
11270,0.042
11280,0.038
11290,0.041
11300,0.032
11310,0.030
11320,0.023
11330,0.035
11340,0.032
11350,0.028
11360,0.016
11370,0.024
11380,0.027
11390,0.026
11400,0.028
11410,0.023
11420,0.035
11430,0.026
11440,0.034
11450,0.031
11460,0.037
11470,0.037
11480,0.037
11490,0.031
11500,0.035
11510,0.031
11520,0.039
11530,0.037
11540,0.039
11550,0.035
11560,0.032
11570,0.038
11580,0.031
11590,0.035
11600,0.026
11610,0.022
11620,0.028
11630,0.024
11640,0.028
11650,0.028
11660,0.032
11670,0.022
11680,0.030
11690,0.034
11700,0.039
11710,0.027
11720,0.037
11730,0.028
11740,0.028
11750,0.031
11760,0.031
11770,0.034
11780,0.034
11790,0.041
11800,0.037
11810,0.043
11820,0.038
11830,0.030
11840,0.031
11850,0.031
11860,0.032
11870,0.027
11880,0.028
11890,0.026
11900,0.027
11910,0.030
11920,0.022
11930,0.027
11940,0.024
11950,0.020
11960,0.022
11970,0.015
11980,0.026
11990,0.018
12000,0.024
12010,0.024
12020,0.024
12030,0.020
12040,0.024
12050,0.019
12060,0.024
12070,0.019
12080,0.012
12090,0.022
12100,0.026
12110,0.027
12120,0.022
12130,0.027
12140,0.022
12150,0.016
12160,0.024
12170,0.031
12180,0.028
12190,0.027
12200,0.023
12210,0.027
12220,0.024
12230,0.037
12240,0.032
12250,0.026
12260,0.031
12270,0.035
12280,0.032
12290,0.035
12300,0.024
12310,0.023
12320,0.024
12330,0.020
12340,0.027
12350,0.022
12360,0.031
12370,0.026
12380,0.030
12390,0.030
12400,0.034
12410,0.028
12420,0.026
12430,0.030
12440,0.035
12450,0.032
12460,0.035
12470,0.034
12480,0.034
12490,0.046
12500,0.042
12510,0.042
12520,0.045
12530,0.035
12540,0.042
12550,0.037
12560,0.042
12570,0.041
12580,0.039
12590,0.035
12600,0.024
12610,0.028
12620,0.034
12630,0.031
12640,0.014
12650,0.027
12660,0.018
12670,0.019
12680,0.014
12690,0.018
12700,0.027
12710,0.019
12720,0.018
12730,0.020
12740,0.023
12750,0.026
12760,0.018
12770,0.032
12780,0.027
12790,0.026
12800,0.020
12810,0.024
12820,0.030
12830,0.016
12840,0.022
12850,0.020
12860,0.022
12870,0.030
12880,0.023
12890,0.024
12900,0.018
12910,0.022
12920,0.020
12930,0.019
12940,0.016
12950,0.023
12960,0.020
12970,0.019
12980,0.028
12990,0.028
13000,0.018
13010,0.028
13020,0.039
13030,0.032
13040,0.030
13050,0.027
13060,0.026
13070,0.034
13080,0.037
13090,0.034
13100,0.031
13110,0.027
13120,0.027
13130,0.028
13140,0.037
13150,0.038
13160,0.041
13170,0.028
13180,0.027
13190,0.038
13200,0.030
13210,0.030
13220,0.031
13230,0.023
13240,0.027
13250,0.023
13260,0.023
13270,0.027
13280,0.023
13290,0.026
13300,0.038
13310,0.035
13320,0.030
13330,0.028
13340,0.031
13350,0.024
13360,0.027
13370,0.032
13380,0.028
13390,0.031
13400,0.031
13410,0.035
13420,0.042
13430,0.050
13440,0.045
13450,0.042
13460,0.046
13470,0.045
13480,0.034
13490,0.041
13500,0.045
13510,0.038
13520,0.035
13530,0.035
13540,0.032
13550,0.023
13560,0.027
13570,0.030
13580,0.028
13590,0.035
13600,0.034
13610,0.037
13620,0.039
13630,0.037
13640,0.041
13650,0.039
13660,0.041
13670,0.042
13680,0.041
13690,0.037
13700,0.035
13710,0.032
13720,0.037
13730,0.035
13740,0.034
13750,0.039
13760,0.042
13770,0.032
13780,0.038
13790,0.035
13800,0.027
13810,0.028
13820,0.028
13830,0.031
13840,0.027
13850,0.028
13860,0.031
13870,0.028
13880,0.032
13890,0.026
13900,0.037
13910,0.041
13920,0.034
13930,0.026
13940,0.035
13950,0.030
13960,0.026
13970,0.023
13980,0.027
13990,0.035
14000,0.027
14010,0.020
14020,0.024
14030,0.030
14040,0.024
14050,0.031
14060,0.032
14070,0.028
14080,0.032
14090,0.031
14100,0.038
14110,0.027
14120,0.035
14130,0.042
14140,0.046
14150,0.053
14160,0.050
14170,0.045
14180,0.049
14190,0.050
14200,0.042
14210,0.045
14220,0.039
14230,0.043
14240,0.032
14250,0.037
14260,0.037
14270,0.035
14280,0.038
14290,0.037
14300,0.045
14310,0.050
14320,0.043
14330,0.045
14340,0.055
14350,0.050
14360,0.051
14370,0.053
14380,0.046
14390,0.045
14400,0.043
14410,0.054
14420,0.041
14430,0.043
14440,0.042
14450,0.041
14460,0.047
14470,0.047
14480,0.049
14490,0.049
14500,0.062
14510,0.057
14520,0.058
14530,0.055
14540,0.050
14550,0.064
14560,0.058
14570,0.049
14580,0.057
14590,0.045
14600,0.047
14610,0.051
14620,0.049
14630,0.047
14640,0.043
14650,0.047
14660,0.046
14670,0.051
14680,0.058
14690,0.050
14700,0.047
14710,0.035
14720,0.035
14730,0.043
14740,0.043
14750,0.045
14760,0.047
14770,0.043
14780,0.039
14790,0.049
14800,0.039
14810,0.042
14820,0.060
14830,0.054
14840,0.046
14850,0.046
14860,0.051
14870,0.043
14880,0.057
14890,0.045
14900,0.050
14910,0.050
14920,0.041
14930,0.039
14940,0.046
14950,0.043
14960,0.051
14970,0.039
14980,0.043
14990,0.050
15000,0.042
15010,0.042
15020,0.043
15030,0.045
15040,0.042
15050,0.034
15060,0.032
15070,0.034
15080,0.030
15090,0.037
15100,0.043
15110,0.035
15120,0.030
15130,0.026
15140,0.028
15150,0.028
15160,0.027
15170,0.030
15180,0.023
15190,0.022
15200,0.035
15210,0.020
15220,0.030
15230,0.027
15240,0.027
15250,0.024
15260,0.019
15270,0.019
15280,0.022
15290,0.020
15300,0.020
15310,0.018
15320,0.023
15330,0.026
15340,0.032
15350,0.032
15360,0.026
15370,0.032
15380,0.035
15390,0.034
15400,0.026
15410,0.031
15420,0.027
15430,0.032
15440,0.035
15450,0.031
15460,0.028
15470,0.039
15480,0.039
15490,0.032
15500,0.031
15510,0.030
15520,0.039
15530,0.034
15540,0.031
15550,0.032
15560,0.028
15570,0.034
15580,0.031
15590,0.031
15600,0.030
15610,0.031
15620,0.031
15630,0.031
15640,0.026
15650,0.028
15660,0.037
15670,0.031
15680,0.034
15690,0.037
15700,0.037
15710,0.041
15720,0.039
15730,0.039
15740,0.032
15750,0.038
15760,0.043
15770,0.045
15780,0.035
15790,0.038
15800,0.035
15810,0.034
15820,0.032
15830,0.030
15840,0.032
15850,0.030
15860,0.037
15870,0.031
15880,0.039
15890,0.038
15900,0.034
15910,0.039
15920,0.035
15930,0.031
15940,0.030
15950,0.031
15960,0.035
15970,0.027
15980,0.024
15990,0.031
16000,0.028
16010,0.031
16020,0.032
16030,0.039
16040,0.041
16050,0.041
16060,0.054
16070,0.051
16080,0.045
16090,0.051
16100,0.043
16110,0.038
16120,0.043
16130,0.031
16140,0.034
16150,0.030
16160,0.023
16170,0.024
16180,0.022
16190,0.031
16200,0.022
16210,0.027
16220,0.026
16230,0.022
16240,0.020
16250,0.019
16260,0.027
16270,0.020
16280,0.016
16290,0.024
16300,0.024
16310,0.014
16320,0.019
16330,0.022
16340,0.016
16350,0.022
16360,0.023
16370,0.018
16380,0.019
16390,0.019
16400,0.027
16410,0.027
16420,0.030
16430,0.035
16440,0.035
16450,0.032
16460,0.028
16470,0.032
16480,0.031
16490,0.032
16500,0.032
16510,0.023
16520,0.018
16530,0.019
16540,0.024
16550,0.020
16560,0.026
16570,0.020
16580,0.028
16590,0.026
16600,0.024
16610,0.022
16620,0.027
16630,0.026
16640,0.027
16650,0.023
16660,0.028
16670,0.035
16680,0.027
16690,0.024
16700,0.030
16710,0.027
16720,0.034
16730,0.028
16740,0.030
16750,0.028
16760,0.032
16770,0.039
16780,0.045
16790,0.034
16800,0.041
16810,0.041
16820,0.046
16830,0.043
16840,0.034
16850,0.034
16860,0.032
16870,0.034
16880,0.030
16890,0.026
16900,0.027
16910,0.032
16920,0.037
16930,0.038
16940,0.039
16950,0.037
16960,0.045
16970,0.046
16980,0.043
16990,0.035
17000,0.037
17010,0.042
17020,0.046
17030,0.042
17040,0.041
17050,0.039
17060,0.041
17070,0.045
17080,0.049
17090,0.057
17100,0.046
17110,0.050
17120,0.061
17130,0.053
17140,0.047
17150,0.051
17160,0.051
17170,0.051
17180,0.047
17190,0.060
17200,0.058
17210,0.062
17220,0.055
17230,0.054
17240,0.043
17250,0.051
17260,0.039
17270,0.043
17280,0.032
17290,0.034
17300,0.032
17310,0.030
17320,0.031
17330,0.030
17340,0.035
17350,0.030
17360,0.031
17370,0.030
17380,0.034
17390,0.028
17400,0.030
17410,0.030
17420,0.026
17430,0.024
17440,0.030
17450,0.026
17460,0.027
17470,0.034
17480,0.026
17490,0.030
17500,0.032
17510,0.039
17520,0.030
17530,0.032
17540,0.039
17550,0.041
17560,0.037
17570,0.034
17580,0.037
17590,0.034
17600,0.035
17610,0.038
17620,0.034
17630,0.038
17640,0.041
17650,0.032
17660,0.038
17670,0.046
17680,0.038
17690,0.037
17700,0.038
17710,0.041
17720,0.045
17730,0.039
17740,0.041
17750,0.046
17760,0.042
17770,0.050
17780,0.046
17790,0.049
17800,0.043
17810,0.049
17820,0.051
17830,0.054
17840,0.047
17850,0.060
17860,0.054
17870,0.054
17880,0.053
17890,0.051
17900,0.055
17910,0.046
17920,0.051
17930,0.038
17940,0.046
17950,0.035
17960,0.043
17970,0.042
17980,0.045
17990,0.037
18000,0.046
18010,0.050
18020,0.046
18030,0.050
18040,0.051
18050,0.060
18060,0.055
18070,0.061
18080,0.049
18090,0.051
18100,0.055
18110,0.051
18120,0.043
18130,0.041
18140,0.054
18150,0.043
18160,0.045
18170,0.049
18180,0.049
18190,0.053
18200,0.053
18210,0.051
18220,0.049
18230,0.060
18240,0.054
18250,0.058
18260,0.064
18270,0.057
18280,0.049
18290,0.051
18300,0.046
18310,0.046
18320,0.045
18330,0.045
18340,0.045
18350,0.042
18360,0.034
18370,0.047
18380,0.046
18390,0.041
18400,0.037
18410,0.032
18420,0.041
18430,0.039
18440,0.035
18450,0.034
18460,0.038
18470,0.039
18480,0.047
18490,0.027
18500,0.045
18510,0.050
18520,0.043
18530,0.045
18540,0.046
18550,0.043
18560,0.034
18570,0.034
18580,0.038
18590,0.034
18600,0.037
18610,0.035
18620,0.041
18630,0.035
18640,0.039
18650,0.042
18660,0.039
18670,0.039
18680,0.042
18690,0.039
18700,0.047
18710,0.031
18720,0.022
18730,0.030
18740,0.027
18750,0.032
18760,0.028
18770,0.032
18780,0.028
18790,0.032
18800,0.038
18810,0.037
18820,0.053
18830,0.041
18840,0.058
18850,0.053
18860,0.055
18870,0.050
18880,0.051
18890,0.046
18900,0.046
18910,0.042
18920,0.054
18930,0.049
18940,0.057
18950,0.049
18960,0.051
18970,0.058
18980,0.054
18990,0.051
19000,0.032
19010,0.038
19020,0.043
19030,0.039
19040,0.038
19050,0.038
19060,0.034
19070,0.037
19080,0.038
19090,0.041
19100,0.041
19110,0.041
19120,0.034
19130,0.038
19140,0.041
19150,0.043
19160,0.049
19170,0.037
19180,0.045
19190,0.042
19200,0.042
19210,0.037
19220,0.023
19230,0.031
19240,0.034
19250,0.035
19260,0.034
19270,0.027
19280,0.026
19290,0.027
19300,0.031
19310,0.028
19320,0.037
19330,0.041
19340,0.042
19350,0.042
19360,0.027
19370,0.018
19380,0.015
19390,0.016
19400,0.020
19410,0.014
19420,0.018
19430,0.024
19440,0.027
19450,0.030
19460,0.027
19470,0.026
19480,0.026
19490,0.030
19500,0.026
19510,0.026
19520,0.027
19530,0.023
19540,0.032
19550,0.028
19560,0.034
19570,0.039
19580,0.032
19590,0.032
19600,0.031
19610,0.032
19620,0.038
19630,0.035
19640,0.041
19650,0.024
19660,0.030
19670,0.027
19680,0.034
19690,0.037
19700,0.037
19710,0.039
19720,0.039
19730,0.043
19740,0.041
19750,0.046
19760,0.045
19770,0.051
19780,0.046
19790,0.042
19800,0.047
19810,0.049
19820,0.047
19830,0.050
19840,0.045
19850,0.049
19860,0.043
19870,0.054
19880,0.064
19890,0.055
19900,0.045
19910,0.049
19920,0.046
19930,0.057
19940,0.051
19950,0.047
19960,0.055
19970,0.058
19980,0.050
19990,0.045
20000,0.047
