# time, fQ
0,0.760
10,0.621
20,0.622
30,0.594
40,0.599
50,0.595
60,0.586
70,0.594
80,0.598
90,0.591
100,0.610
110,0.599
120,0.583
130,0.593
140,0.590
150,0.568
160,0.575
170,0.539
180,0.571
190,0.601
200,0.567
210,0.576
220,0.568
230,0.578
240,0.575
250,0.555
260,0.568
270,0.541
280,0.553
290,0.537
300,0.553
310,0.544
320,0.562
330,0.552
340,0.541
350,0.571
360,0.566
370,0.563
380,0.555
390,0.545
400,0.562
410,0.551
420,0.551
430,0.545
440,0.539
450,0.517
460,0.526
470,0.536
480,0.518
490,0.555
500,0.533
510,0.517
520,0.543
530,0.537
540,0.562
550,0.553
560,0.551
570,0.520
580,0.536
590,0.560
600,0.563
610,0.553
620,0.545
630,0.541
640,0.540
650,0.518
660,0.530
670,0.558
680,0.548
690,0.530
700,0.558
710,0.525
720,0.548
730,0.549
740,0.529
750,0.544
760,0.528
770,0.506
780,0.540
790,0.520
800,0.495
810,0.510
820,0.501
830,0.471
840,0.499
850,0.476
860,0.482
870,0.457
880,0.459
890,0.464
900,0.475
910,0.482
920,0.479
930,0.468
940,0.475
950,0.484
960,0.471
970,0.491
980,0.461
990,0.487
1000,0.495
1010,0.497
1020,0.470
1030,0.514
1040,0.478
1050,0.491
1060,0.490
1070,0.490
1080,0.501
1090,0.498
1100,0.493
1110,0.495
1120,0.472
1130,0.482
1140,0.482
1150,0.463
1160,0.451
1170,0.449
1180,0.467
1190,0.459
1200,0.474
1210,0.470
1220,0.475
1230,0.442
1240,0.453
1250,0.436
1260,0.471
1270,0.465
1280,0.449
1290,0.449
1300,0.428
1310,0.445
1320,0.461
1330,0.442
1340,0.482
1350,0.474
1360,0.479
1370,0.464
1380,0.456
1390,0.444
1400,0.425
1410,0.422
1420,0.437
1430,0.433
1440,0.440
1450,0.438
1460,0.436
1470,0.456
1480,0.432
1490,0.444
1500,0.459
1510,0.453
1520,0.441
1530,0.451
1540,0.463
1550,0.447
1560,0.445
1570,0.441
1580,0.440
1590,0.452
1600,0.457
1610,0.452
1620,0.452
1630,0.452
1640,0.451
1650,0.429
1660,0.426
1670,0.421
1680,0.447
1690,0.463
1700,0.456
1710,0.452
1720,0.463
1730,0.448
1740,0.463
1750,0.460
1760,0.468
1770,0.459
1780,0.474
1790,0.438
1800,0.451
1810,0.425
1820,0.432
1830,0.432
1840,0.441
1850,0.426
1860,0.413
1870,0.401
1880,0.413
1890,0.384
1900,0.391
1910,0.390
1920,0.403
1930,0.391
1940,0.394
1950,0.398
1960,0.403
1970,0.391
1980,0.395
1990,0.401
2000,0.394
2010,0.407
2020,0.403
2030,0.368
2040,0.372
2050,0.387
2060,0.394
2070,0.378
2080,0.419
2090,0.391
2100,0.409
2110,0.401
2120,0.406
2130,0.407
2140,0.394
2150,0.390
2160,0.409
2170,0.387
2180,0.380
2190,0.375
2200,0.359
2210,0.371
2220,0.363
2230,0.356
2240,0.379
2250,0.363
2260,0.379
2270,0.384
2280,0.368
2290,0.387
2300,0.390
2310,0.388
2320,0.387
2330,0.383
2340,0.382
2350,0.388
2360,0.410
2370,0.378
2380,0.411
2390,0.394
2400,0.407
2410,0.384
2420,0.414
2430,0.414
2440,0.415
2450,0.417
2460,0.434
2470,0.411
2480,0.426
2490,0.419
2500,0.402
2510,0.402
2520,0.396
2530,0.399
2540,0.388
2550,0.406
2560,0.380
2570,0.387
2580,0.368
2590,0.382
2600,0.383
2610,0.376
2620,0.368
2630,0.391
2640,0.379
2650,0.391
2660,0.399
2670,0.367
2680,0.372
2690,0.367
2700,0.360
2710,0.359
2720,0.361
2730,0.371
2740,0.342
2750,0.348
2760,0.367
2770,0.353
2780,0.332
2790,0.342
2800,0.345
2810,0.336
2820,0.342
2830,0.336
2840,0.371
2850,0.363
2860,0.353
2870,0.371
2880,0.359
2890,0.356
2900,0.348
2910,0.357
2920,0.373
2930,0.355
2940,0.363
2950,0.378
2960,0.372
2970,0.373
2980,0.371
2990,0.401
3000,0.373
3010,0.355
3020,0.368
3030,0.368
3040,0.364
3050,0.345
3060,0.325
3070,0.360
3080,0.353
3090,0.357
3100,0.352
3110,0.344
3120,0.356
3130,0.337
3140,0.340
3150,0.326
3160,0.322
3170,0.338
3180,0.338
3190,0.342
3200,0.340
3210,0.346
3220,0.325
3230,0.342
3240,0.342
3250,0.336
3260,0.346
3270,0.365
3280,0.367
3290,0.350
3300,0.355
3310,0.342
3320,0.348
3330,0.363
3340,0.355
3350,0.340
3360,0.349
3370,0.367
3380,0.361
3390,0.360
3400,0.344
3410,0.349
3420,0.338
3430,0.323
3440,0.355
3450,0.325
3460,0.319
3470,0.340
3480,0.333
3490,0.311
3500,0.311
3510,0.318
3520,0.319
3530,0.327
3540,0.313
3550,0.286
3560,0.288
3570,0.279
3580,0.280
3590,0.281
3600,0.290
3610,0.287
3620,0.300
3630,0.288
3640,0.290
3650,0.296
3660,0.281
3670,0.291
3680,0.295
3690,0.277
3700,0.276
3710,0.272
3720,0.280
3730,0.269
3740,0.279
3750,0.284
3760,0.287
3770,0.291
3780,0.283
3790,0.271
3800,0.300
3810,0.294
3820,0.279
3830,0.256
3840,0.276
3850,0.275
3860,0.295
3870,0.294
3880,0.280
3890,0.286
3900,0.277
3910,0.284
3920,0.276
3930,0.279
3940,0.269
3950,0.276
3960,0.284
3970,0.276
3980,0.275
3990,0.286
4000,0.288
4010,0.275
4020,0.291
4030,0.299
4040,0.300
4050,0.283
4060,0.288
4070,0.267
4080,0.273
4090,0.280
4100,0.280
4110,0.287
4120,0.283
4130,0.268
4140,0.273
4150,0.276
4160,0.275
4170,0.265
4180,0.265
4190,0.263
4200,0.260
4210,0.271
4220,0.249
4230,0.253
4240,0.271
4250,0.256
4260,0.248
4270,0.261
4280,0.264
4290,0.253
4300,0.264
4310,0.279
4320,0.264
4330,0.292
4340,0.290
4350,0.291
4360,0.296
4370,0.314
4380,0.292
4390,0.311
4400,0.281
4410,0.291
4420,0.295
4430,0.284
4440,0.307
4450,0.286
4460,0.268
4470,0.283
4480,0.280
4490,0.263
4500,0.292
4510,0.287
4520,0.276
4530,0.276
4540,0.290
4550,0.272
4560,0.271
4570,0.275
4580,0.264
4590,0.271
4600,0.267
4610,0.257
4620,0.258
4630,0.260
4640,0.268
4650,0.263
4660,0.258
4670,0.246
4680,0.240
4690,0.244
4700,0.254
4710,0.246
4720,0.245
4730,0.233
4740,0.250
4750,0.241
4760,0.244
4770,0.256
4780,0.227
4790,0.256
4800,0.250
4810,0.246
4820,0.254
4830,0.250
4840,0.238
4850,0.244
4860,0.242
4870,0.256
4880,0.242
4890,0.242
4900,0.230
4910,0.225
4920,0.227
4930,0.219
4940,0.222
4950,0.218
4960,0.234
4970,0.230
4980,0.227
4990,0.226
5000,0.233
5010,0.229
5020,0.242
5030,0.231
5040,0.229
5050,0.237
5060,0.235
5070,0.208
5080,0.231
5090,0.238
5100,0.242
5110,0.222
5120,0.238
5130,0.235
5140,0.233
5150,0.229
5160,0.225
5170,0.206
5180,0.207
5190,0.203
5200,0.208
5210,0.229
5220,0.240
5230,0.207
5240,0.219
5250,0.234
5260,0.245
5270,0.240
5280,0.241
5290,0.241
5300,0.248
5310,0.237
5320,0.246
5330,0.254
5340,0.238
5350,0.214
5360,0.242
5370,0.248
5380,0.223
5390,0.222
5400,0.211
5410,0.237
5420,0.226
5430,0.240
5440,0.237
5450,0.233
5460,0.237
5470,0.231
5480,0.225
5490,0.222
5500,0.231
5510,0.211
5520,0.219
5530,0.225
5540,0.227
5550,0.229
5560,0.227
5570,0.206
5580,0.206
5590,0.215
5600,0.229
5610,0.208
5620,0.219
5630,0.218
5640,0.227
5650,0.211
5660,0.222
5670,0.219
5680,0.207
5690,0.219
5700,0.210
5710,0.234
5720,0.235
5730,0.210
5740,0.222
5750,0.227
5760,0.218
5770,0.219
5780,0.221
5790,0.210
5800,0.212
5810,0.221
5820,0.235
5830,0.226
5840,0.222
5850,0.218
5860,0.221
5870,0.214
5880,0.215
5890,0.222
5900,0.248
5910,0.234
5920,0.235
5930,0.212
5940,0.214
5950,0.222
5960,0.199
5970,0.226
5980,0.226
5990,0.198
6000,0.218
6010,0.235
6020,0.214
6030,0.200
6040,0.200
6050,0.204
6060,0.196
6070,0.215
6080,0.211
6090,0.198
6100,0.202
6110,0.204
6120,0.222
6130,0.208
6140,0.203
6150,0.194
6160,0.206
6170,0.203
6180,0.183
6190,0.184
6200,0.195
6210,0.185
6220,0.181
6230,0.173
6240,0.179
6250,0.191
6260,0.160
6270,0.184
6280,0.183
6290,0.172
6300,0.175
6310,0.183
6320,0.179
6330,0.183
6340,0.196
6350,0.165
6360,0.171
6370,0.164
6380,0.173
6390,0.180
6400,0.185
6410,0.185
6420,0.180
6430,0.188
6440,0.171
6450,0.203
6460,0.196
6470,0.183
6480,0.185
6490,0.168
6500,0.179
6510,0.180
6520,0.185
6530,0.191
6540,0.176
6550,0.172
6560,0.176
6570,0.187
6580,0.175
6590,0.185
6600,0.169
6610,0.166
6620,0.183
6630,0.184
6640,0.162
6650,0.165
6660,0.173
6670,0.149
6680,0.171
6690,0.169
6700,0.180
6710,0.156
6720,0.135
6730,0.147
6740,0.141
6750,0.149
6760,0.172
6770,0.176
6780,0.156
6790,0.154
6800,0.161
6810,0.180
6820,0.177
6830,0.177
6840,0.192
6850,0.184
6860,0.161
6870,0.169
6880,0.154
6890,0.153
6900,0.162
6910,0.156
6920,0.172
6930,0.180
6940,0.152
6950,0.172
6960,0.158
6970,0.168
6980,0.164
6990,0.147
7000,0.156
7010,0.156
7020,0.146
7030,0.129
7040,0.156
7050,0.158
7060,0.142
7070,0.153
7080,0.141
7090,0.153
7100,0.154
7110,0.149
7120,0.158
7130,0.124
7140,0.127
7150,0.138
7160,0.127
7170,0.138
7180,0.138
7190,0.137
7200,0.139
7210,0.137
7220,0.134
7230,0.129
7240,0.130
7250,0.135
7260,0.141
7270,0.142
7280,0.143
7290,0.138
7300,0.149
7310,0.137
7320,0.142
7330,0.147
7340,0.138
7350,0.139
7360,0.138
7370,0.122
7380,0.123
7390,0.120
7400,0.135
7410,0.124
7420,0.126
7430,0.116
7440,0.124
7450,0.129
7460,0.130
7470,0.126
7480,0.103
7490,0.118
7500,0.110
7510,0.118
7520,0.126
7530,0.112
7540,0.123
7550,0.118
7560,0.120
7570,0.122
7580,0.111
7590,0.112
7600,0.110
7610,0.114
7620,0.095
7630,0.092
7640,0.103
7650,0.104
7660,0.103
7670,0.104
7680,0.104
7690,0.103
7700,0.099
7710,0.097
7720,0.097
7730,0.101
7740,0.100
7750,0.095
7760,0.095
7770,0.092
7780,0.092
7790,0.095
7800,0.081
7810,0.089
7820,0.092
7830,0.088
7840,0.085
7850,0.081
7860,0.095
7870,0.091
7880,0.095
7890,0.107
7900,0.101
7910,0.104
7920,0.089
7930,0.101
7940,0.089
7950,0.081
7960,0.070
7970,0.078
7980,0.085
7990,0.076
8000,0.089
8010,0.097
8020,0.087
8030,0.087
8040,0.099
8050,0.097
8060,0.089
8070,0.095
8080,0.095
8090,0.096
8100,0.108
8110,0.099
8120,0.097
8130,0.100
8140,0.088
8150,0.088
8160,0.096
8170,0.092
8180,0.088
8190,0.091
8200,0.103
8210,0.118
8220,0.108
8230,0.106
8240,0.107
8250,0.106
8260,0.106
8270,0.103
8280,0.107
8290,0.103
8300,0.103
8310,0.101
8320,0.108
8330,0.108
8340,0.111
8350,0.104
8360,0.106
8370,0.110
8380,0.101
8390,0.088
8400,0.097
8410,0.110
8420,0.101
8430,0.095
8440,0.091
8450,0.106
8460,0.110
8470,0.106
8480,0.080
8490,0.083
8500,0.092
8510,0.091
8520,0.095
8530,0.085
8540,0.088
8550,0.091
8560,0.084
8570,0.081
8580,0.092
8590,0.107
8600,0.108
8610,0.095
8620,0.101
8630,0.083
8640,0.087
8650,0.077
8660,0.095
8670,0.085
8680,0.088
8690,0.089
8700,0.088
8710,0.084
8720,0.077
8730,0.073
8740,0.087
8750,0.078
8760,0.095
8770,0.085
8780,0.083
8790,0.083
8800,0.089
8810,0.081
8820,0.085
8830,0.084
8840,0.074
8850,0.078
8860,0.074
8870,0.074
8880,0.080
8890,0.080
8900,0.074
8910,0.072
8920,0.066
8930,0.069
8940,0.070
8950,0.077
8960,0.076
8970,0.068
8980,0.069
8990,0.073
9000,0.076
9010,0.068
9020,0.072
9030,0.068
9040,0.074
9050,0.064
9060,0.049
9070,0.045
9080,0.060
9090,0.061
9100,0.057
9110,0.062
9120,0.054
9130,0.061
9140,0.061
9150,0.042
9160,0.041
9170,0.042
9180,0.041
9190,0.043
9200,0.023
9210,0.041
9220,0.043
9230,0.047
9240,0.053
9250,0.051
9260,0.045
9270,0.042
9280,0.047
9290,0.049
9300,0.051
9310,0.045
9320,0.039
9330,0.046
9340,0.050
9350,0.041
9360,0.037
9370,0.043
9380,0.041
9390,0.034
9400,0.034
9410,0.043
9420,0.037
9430,0.035
9440,0.043
9450,0.039
9460,0.041
9470,0.037
9480,0.035
9490,0.034
9500,0.037
9510,0.030
9520,0.038
9530,0.030
9540,0.034
9550,0.030
9560,0.026
9570,0.037
9580,0.035
9590,0.038
9600,0.039
9610,0.039
9620,0.045
9630,0.039
9640,0.043
9650,0.049
9660,0.043
9670,0.047
9680,0.038
9690,0.047
9700,0.046
9710,0.046
9720,0.038
9730,0.038
9740,0.035
9750,0.037
9760,0.034
9770,0.041
9780,0.039
9790,0.042
9800,0.042
9810,0.054
9820,0.050
9830,0.051
9840,0.053
9850,0.049
9860,0.053
9870,0.041
9880,0.047
9890,0.049
9900,0.046
9910,0.041
9920,0.030
9930,0.035
9940,0.042
9950,0.039
9960,0.035
9970,0.031
9980,0.022
9990,0.031
10000,0.026
10010,0.027
10020,0.031
10030,0.028
10040,0.022
10050,0.034
10060,0.037
10070,0.034
10080,0.030
10090,0.042
10100,0.039
10110,0.038
10120,0.037
10130,0.039
10140,0.045
10150,0.043
10160,0.039
10170,0.053
10180,0.055
10190,0.050
10200,0.060
10210,0.043
10220,0.054
10230,0.049
10240,0.049
10250,0.053
10260,0.051
10270,0.047
10280,0.049
10290,0.069
10300,0.062
10310,0.064
10320,0.057
10330,0.055
10340,0.060
10350,0.060
10360,0.060
10370,0.047
10380,0.054
10390,0.049
10400,0.058
10410,0.046
10420,0.046
10430,0.028
10440,0.031
10450,0.037
10460,0.032
10470,0.042
10480,0.054
10490,0.060
10500,0.050
10510,0.049
10520,0.051
10530,0.054
10540,0.045
10550,0.054
10560,0.053
10570,0.053
10580,0.049
10590,0.046
10600,0.035
10610,0.046
10620,0.049
10630,0.032
10640,0.045
10650,0.041
10660,0.046
10670,0.045
10680,0.046
10690,0.045
10700,0.049
10710,0.053
10720,0.053
10730,0.050
10740,0.060
10750,0.064
10760,0.064
10770,0.072
10780,0.069
10790,0.078
10800,0.069
10810,0.070
10820,0.054
10830,0.055
10840,0.049
10850,0.051
10860,0.055
10870,0.069
10880,0.074
10890,0.066
10900,0.068
10910,0.057
10920,0.061
10930,0.066
10940,0.065
10950,0.058
10960,0.053
10970,0.054
10980,0.054
10990,0.062
11000,0.055
11010,0.068
11020,0.053
11030,0.049
11040,0.055
11050,0.054
11060,0.058
11070,0.069
11080,0.066
11090,0.060
11100,0.061
11110,0.069
11120,0.058
11130,0.069
11140,0.060
11150,0.066
11160,0.060
11170,0.065
11180,0.053
11190,0.049
11200,0.050
11210,0.058
11220,0.038
11230,0.045
11240,0.045
11250,0.039
11260,0.043
11270,0.037
11280,0.037
11290,0.039
11300,0.043
11310,0.032
11320,0.034
11330,0.038
11340,0.043
11350,0.047
11360,0.045
11370,0.043
11380,0.049
11390,0.055
11400,0.042
11410,0.046
11420,0.047
11430,0.035
11440,0.047
11450,0.045
11460,0.050
11470,0.050
11480,0.046
11490,0.047
11500,0.047
11510,0.045
11520,0.035
11530,0.055
11540,0.045
11550,0.047
11560,0.047
11570,0.035
11580,0.042
11590,0.046
11600,0.045
11610,0.046
11620,0.045
11630,0.037
11640,0.032
11650,0.035
11660,0.035
11670,0.035
11680,0.039
11690,0.041
11700,0.045
11710,0.038
11720,0.038
11730,0.039
11740,0.034
11750,0.032
11760,0.034
11770,0.039
11780,0.039
11790,0.043
11800,0.039
11810,0.037
11820,0.041
11830,0.032
11840,0.026
11850,0.024
11860,0.027
11870,0.028
11880,0.023
11890,0.034
11900,0.045
11910,0.037
11920,0.037
11930,0.045
11940,0.034
11950,0.038
11960,0.034
11970,0.026
11980,0.035
11990,0.034
12000,0.032
12010,0.035
12020,0.034
12030,0.031
12040,0.035
12050,0.032
12060,0.032
12070,0.031
12080,0.038
12090,0.050
12100,0.047
12110,0.039
12120,0.035
12130,0.037
12140,0.032
12150,0.030
12160,0.039
12170,0.035
12180,0.046
12190,0.041
12200,0.042
12210,0.034
12220,0.047
12230,0.043
12240,0.043
12250,0.045
12260,0.050
12270,0.043
12280,0.050
12290,0.057
12300,0.041
12310,0.041
12320,0.043
12330,0.041
12340,0.034
12350,0.039
12360,0.038
12370,0.035
12380,0.035
12390,0.030
12400,0.041
12410,0.037
12420,0.038
12430,0.034
12440,0.022
12450,0.032
12460,0.030
12470,0.031
12480,0.031
12490,0.042
12500,0.041
12510,0.034
12520,0.042
12530,0.046
12540,0.035
12550,0.043
12560,0.035
12570,0.042
12580,0.032
12590,0.027
12600,0.032
12610,0.039
12620,0.039
12630,0.031
12640,0.031
12650,0.034
12660,0.034
12670,0.041
12680,0.050
12690,0.031
12700,0.028
12710,0.028
12720,0.030
12730,0.023
12740,0.020
12750,0.022
12760,0.030
12770,0.027
12780,0.026
12790,0.020
12800,0.019
12810,0.026
12820,0.026
12830,0.028
12840,0.031
12850,0.032
12860,0.026
12870,0.020
12880,0.023
12890,0.028
12900,0.031
12910,0.031
12920,0.037
12930,0.030
12940,0.037
12950,0.037
12960,0.038
12970,0.034
12980,0.028
12990,0.030
13000,0.034
13010,0.022
13020,0.024
13030,0.031
13040,0.020
13050,0.026
13060,0.022
13070,0.026
13080,0.027
13090,0.024
13100,0.012
13110,0.022
13120,0.018
13130,0.027
13140,0.023
13150,0.024
13160,0.030
13170,0.028
13180,0.024
13190,0.024
13200,0.026
13210,0.023
13220,0.032
13230,0.032
13240,0.024
13250,0.026
13260,0.028
13270,0.031
13280,0.030
13290,0.042
13300,0.037
13310,0.026
13320,0.026
13330,0.034
13340,0.042
13350,0.051
13360,0.053
13370,0.041
13380,0.046
13390,0.043
13400,0.050
13410,0.050
13420,0.050
13430,0.037
13440,0.035
13450,0.028
13460,0.028
13470,0.035
13480,0.022
13490,0.024
13500,0.035
13510,0.028
13520,0.037
13530,0.038
13540,0.037
13550,0.026
13560,0.026
13570,0.026
13580,0.027
13590,0.035
13600,0.041
13610,0.035
13620,0.032
13630,0.031
13640,0.038
13650,0.027
13660,0.030
13670,0.034
13680,0.032
13690,0.034
13700,0.030
13710,0.028
13720,0.032
13730,0.030
13740,0.023
13750,0.039
13760,0.045
13770,0.039
13780,0.038
13790,0.034
13800,0.034
13810,0.049
13820,0.051
13830,0.041
13840,0.047
13850,0.057
13860,0.055
13870,0.062
13880,0.049
13890,0.051
13900,0.046
13910,0.049
13920,0.042
13930,0.041
13940,0.035
13950,0.038
13960,0.041
13970,0.038
13980,0.037
13990,0.037
14000,0.031
14010,0.038
14020,0.035
14030,0.037
14040,0.037
14050,0.038
14060,0.037
14070,0.038
14080,0.050
14090,0.041
14100,0.047
14110,0.045
14120,0.070
14130,0.074
14140,0.070
14150,0.054
14160,0.060
14170,0.061
14180,0.051
14190,0.065
14200,0.057
14210,0.058
14220,0.061
14230,0.055
14240,0.047
14250,0.047
14260,0.054
14270,0.047
14280,0.047
14290,0.042
14300,0.047
14310,0.047
14320,0.046
14330,0.045
14340,0.050
14350,0.045
14360,0.049
14370,0.046
14380,0.051
14390,0.061
14400,0.054
14410,0.060
14420,0.051
14430,0.046
14440,0.043
14450,0.047
14460,0.057
14470,0.053
14480,0.054
14490,0.049
14500,0.049
14510,0.049
14520,0.049
14530,0.045
14540,0.050
14550,0.045
14560,0.051
14570,0.047
14580,0.039
14590,0.055
14600,0.062
14610,0.053
14620,0.046
14630,0.047
14640,0.050
14650,0.053
14660,0.045
14670,0.045
14680,0.049
14690,0.051
14700,0.062
14710,0.064
14720,0.062
14730,0.057
14740,0.054
14750,0.050
14760,0.049
14770,0.046
14780,0.046
14790,0.043
14800,0.045
14810,0.050
14820,0.050
14830,0.043
14840,0.035
14850,0.046
14860,0.046
14870,0.037
14880,0.043
14890,0.037
14900,0.038
14910,0.039
14920,0.030
14930,0.043
14940,0.041
14950,0.041
14960,0.032
14970,0.035
14980,0.030
14990,0.034
15000,0.035
15010,0.038
15020,0.022
15030,0.024
15040,0.034
15050,0.037
15060,0.039
15070,0.039
15080,0.035
15090,0.031
15100,0.022
15110,0.034
15120,0.034
15130,0.045
15140,0.031
15150,0.034
15160,0.031
15170,0.037
15180,0.032
15190,0.027
15200,0.028
15210,0.023
15220,0.027
15230,0.022
15240,0.024
15250,0.022
15260,0.027
15270,0.023
15280,0.030
15290,0.030
15300,0.028
15310,0.028
15320,0.027
15330,0.031
15340,0.027
15350,0.041
15360,0.046
15370,0.042
15380,0.042
15390,0.051
15400,0.038
15410,0.039
15420,0.043
15430,0.038
15440,0.046
15450,0.043
15460,0.047
15470,0.042
15480,0.042
15490,0.037
15500,0.032
15510,0.042
15520,0.039
15530,0.043
15540,0.047
15550,0.054
15560,0.049
15570,0.057
15580,0.041
15590,0.050
15600,0.041
15610,0.039
15620,0.042
15630,0.041
15640,0.042
15650,0.053
15660,0.057
15670,0.050
15680,0.038
15690,0.055
15700,0.057
15710,0.058
15720,0.057
15730,0.061
15740,0.057
15750,0.049
15760,0.046
15770,0.054
15780,0.061
15790,0.058
15800,0.055
15810,0.061
15820,0.055
15830,0.061
15840,0.057
15850,0.060
15860,0.057
15870,0.058
15880,0.055
15890,0.047
15900,0.055
15910,0.050
15920,0.045
15930,0.039
15940,0.046
15950,0.043
15960,0.037
15970,0.037
15980,0.035
15990,0.034
16000,0.034
16010,0.024
16020,0.024
16030,0.030
16040,0.031
16050,0.049
16060,0.039
16070,0.045
16080,0.038
16090,0.038
16100,0.039
16110,0.046
16120,0.034
16130,0.038
16140,0.030
16150,0.027
16160,0.026
16170,0.027
16180,0.031
16190,0.031
16200,0.031
16210,0.034
16220,0.028
16230,0.027
16240,0.031
16250,0.031
16260,0.028
16270,0.026
16280,0.030
16290,0.031
16300,0.037
16310,0.037
16320,0.039
16330,0.031
16340,0.031
16350,0.037
16360,0.042
16370,0.030
16380,0.031
16390,0.034
16400,0.032
16410,0.032
16420,0.024
16430,0.028
16440,0.034
16450,0.032
16460,0.032
16470,0.042
16480,0.038
16490,0.030
16500,0.031
16510,0.038
16520,0.039
16530,0.042
16540,0.041
16550,0.037
16560,0.041
16570,0.043
16580,0.039
16590,0.026
16600,0.028
16610,0.026
16620,0.028
16630,0.035
16640,0.028
16650,0.032
16660,0.031
16670,0.038
16680,0.037
16690,0.038
16700,0.037
16710,0.034
16720,0.042
16730,0.045
16740,0.037
16750,0.046
16760,0.039
16770,0.047
16780,0.047
16790,0.046
16800,0.055
16810,0.054
16820,0.042
16830,0.045
16840,0.049
16850,0.051
16860,0.049
16870,0.041
16880,0.049
16890,0.034
16900,0.038
16910,0.038
16920,0.030
16930,0.027
16940,0.032
16950,0.023
16960,0.026
16970,0.031
16980,0.026
16990,0.028
17000,0.031
17010,0.027
17020,0.034
17030,0.038
17040,0.030
17050,0.037
17060,0.031
17070,0.027
17080,0.022
17090,0.023
17100,0.028
17110,0.034
17120,0.032
17130,0.032
17140,0.030
17150,0.030
17160,0.030
17170,0.026
17180,0.028
17190,0.026
17200,0.027
17210,0.027
17220,0.026
17230,0.027
17240,0.032
17250,0.030
17260,0.031
17270,0.028
17280,0.023
17290,0.024
17300,0.026
17310,0.030
17320,0.031
17330,0.045
17340,0.035
17350,0.026
17360,0.031
17370,0.031
17380,0.023
17390,0.020
17400,0.034
17410,0.023
17420,0.032
17430,0.023
17440,0.031
17450,0.027
17460,0.026
17470,0.032
17480,0.032
17490,0.039
17500,0.032
17510,0.030
17520,0.034
17530,0.041
17540,0.041
17550,0.038
17560,0.042
17570,0.035
17580,0.035
17590,0.031
17600,0.030
17610,0.037
17620,0.037
17630,0.039
17640,0.031
17650,0.037
17660,0.035
17670,0.027
17680,0.030
17690,0.042
17700,0.041
17710,0.032
17720,0.039
17730,0.037
17740,0.034
17750,0.030
17760,0.035
17770,0.031
17780,0.032
17790,0.045
17800,0.037
17810,0.038
17820,0.037
17830,0.027
17840,0.026
17850,0.037
17860,0.034
17870,0.030
17880,0.034
17890,0.026
17900,0.028
17910,0.034
17920,0.034
17930,0.039
17940,0.026
17950,0.031
17960,0.023
17970,0.030
17980,0.024
17990,0.019
18000,0.016
18010,0.018
18020,0.026
18030,0.022
18040,0.020
18050,0.023
18060,0.027
18070,0.020
18080,0.024
18090,0.024
18100,0.024
18110,0.034
18120,0.030
18130,0.039
18140,0.034
18150,0.032
18160,0.031
18170,0.042
18180,0.050
18190,0.047
18200,0.043
18210,0.038
18220,0.037
18230,0.037
18240,0.043
18250,0.037
18260,0.038
18270,0.039
18280,0.041
18290,0.046
18300,0.045
18310,0.047
18320,0.049
18330,0.047
18340,0.045
18350,0.043
18360,0.043
18370,0.038
18380,0.038
18390,0.042
18400,0.045
18410,0.041
18420,0.034
18430,0.031
18440,0.041
18450,0.038
18460,0.042
18470,0.042
18480,0.041
18490,0.049
18500,0.047
18510,0.043
18520,0.042
18530,0.042
18540,0.047
18550,0.049
18560,0.038
18570,0.050
18580,0.051
18590,0.043
18600,0.039
18610,0.031
18620,0.041
18630,0.030
18640,0.042
18650,0.047
18660,0.037
18670,0.037
18680,0.037
18690,0.041
18700,0.043
18710,0.043
18720,0.047
18730,0.045
18740,0.050
18750,0.049
18760,0.043
18770,0.041
18780,0.046
18790,0.046
18800,0.047
18810,0.049
18820,0.046
18830,0.039
18840,0.047
18850,0.047
18860,0.047
18870,0.047
18880,0.043
18890,0.061
18900,0.049
18910,0.043
18920,0.039
18930,0.047
18940,0.045
18950,0.046
18960,0.039
18970,0.041
18980,0.034
18990,0.039
19000,0.030
19010,0.030
19020,0.028
19030,0.028
19040,0.031
19050,0.023
19060,0.020
19070,0.027
19080,0.030
19090,0.042
19100,0.037
19110,0.046
19120,0.043
19130,0.038
19140,0.026
19150,0.034
19160,0.019
19170,0.027
19180,0.032
19190,0.038
19200,0.030
19210,0.030
19220,0.024
19230,0.038
19240,0.035
19250,0.043
19260,0.045
19270,0.035
19280,0.046
19290,0.039
19300,0.043
19310,0.042
19320,0.037
19330,0.032
19340,0.038
19350,0.038
19360,0.035
19370,0.037
19380,0.042
19390,0.037
19400,0.035
19410,0.035
19420,0.042
19430,0.032
19440,0.032
19450,0.037
19460,0.030
19470,0.032
19480,0.026
19490,0.023
19500,0.031
19510,0.030
19520,0.032
19530,0.031
19540,0.031
19550,0.028
19560,0.038
19570,0.034
19580,0.026
19590,0.026
19600,0.042
19610,0.026
19620,0.031
19630,0.027
19640,0.031
19650,0.028
19660,0.024
19670,0.024
19680,0.027
19690,0.023
19700,0.026
19710,0.020
19720,0.027
19730,0.027
19740,0.032
19750,0.037
19760,0.030
19770,0.035
19780,0.034
19790,0.031
19800,0.032
19810,0.038
19820,0.034
19830,0.035
19840,0.037
19850,0.031
19860,0.027
19870,0.028
19880,0.028
19890,0.032
19900,0.023
19910,0.031
19920,0.028
19930,0.031
19940,0.030
19950,0.038
19960,0.030
19970,0.031
19980,0.030
19990,0.035
20000,0.030
