# time, fQ
0,0.760
10,0.654
20,0.625
30,0.628
40,0.589
50,0.620
60,0.601
70,0.614
80,0.608
90,0.594
100,0.585
110,0.551
120,0.553
130,0.551
140,0.555
150,0.549
160,0.552
170,0.582
180,0.568
190,0.525
200,0.567
210,0.559
220,0.547
230,0.517
240,0.503
250,0.533
260,0.530
270,0.513
280,0.536
290,0.513
300,0.488
310,0.529
320,0.539
330,0.541
340,0.510
350,0.529
360,0.516
370,0.525
380,0.526
390,0.495
400,0.490
410,0.480
420,0.501
430,0.470
440,0.478
450,0.502
460,0.513
470,0.507
480,0.497
490,0.468
500,0.463
510,0.472
520,0.461
530,0.479
540,0.470
550,0.491
560,0.457
570,0.474
580,0.475
590,0.474
600,0.472
610,0.457
620,0.459
630,0.440
640,0.455
650,0.436
660,0.441
670,0.449
680,0.442
690,0.456
700,0.455
710,0.436
720,0.436
730,0.442
740,0.460
750,0.448
760,0.451
770,0.452
780,0.464
790,0.457
800,0.456
810,0.486
820,0.457
830,0.480
840,0.471
850,0.459
860,0.461
870,0.478
880,0.475
890,0.453
900,0.488
910,0.486
920,0.480
930,0.465
940,0.444
950,0.444
960,0.449
970,0.471
980,0.441
990,0.453
1000,0.436
1010,0.442
1020,0.474
1030,0.456
1040,0.470
1050,0.447
1060,0.465
1070,0.441
1080,0.440
1090,0.436
1100,0.434
1110,0.448
1120,0.438
1130,0.418
1140,0.448
1150,0.425
1160,0.438
1170,0.442
1180,0.441
1190,0.434
1200,0.436
1210,0.436
1220,0.413
1230,0.419
1240,0.417
1250,0.433
1260,0.415
1270,0.430
1280,0.448
1290,0.437
1300,0.449
1310,0.428
1320,0.448
1330,0.445
1340,0.413
1350,0.426
1360,0.441
1370,0.379
1380,0.406
1390,0.415
1400,0.405
1410,0.410
1420,0.413
1430,0.398
1440,0.415
1450,0.415
1460,0.422
1470,0.430
1480,0.421
1490,0.425
1500,0.433
1510,0.432
1520,0.436
1530,0.413
1540,0.425
1550,0.425
1560,0.425
1570,0.449
1580,0.452
1590,0.456
1600,0.440
1610,0.426
1620,0.444
1630,0.425
1640,0.415
1650,0.444
1660,0.414
1670,0.402
1680,0.401
1690,0.391
1700,0.410
1710,0.399
1720,0.405
1730,0.396
1740,0.388
1750,0.378
1760,0.394
1770,0.378
1780,0.387
1790,0.378
1800,0.386
1810,0.388
1820,0.390
1830,0.387
1840,0.383
1850,0.387
1860,0.387
1870,0.394
1880,0.386
1890,0.390
1900,0.369
1910,0.364
1920,0.357
1930,0.371
1940,0.356
1950,0.378
1960,0.365
1970,0.379
1980,0.363
1990,0.364
2000,0.386
2010,0.379
2020,0.365
2030,0.384
2040,0.375
2050,0.390
2060,0.379
2070,0.373
2080,0.376
2090,0.369
2100,0.361
2110,0.360
2120,0.356
2130,0.375
2140,0.341
2150,0.333
2160,0.342
2170,0.350
2180,0.302
2190,0.322
2200,0.311
2210,0.355
2220,0.319
2230,0.317
2240,0.310
2250,0.322
2260,0.321
2270,0.314
2280,0.314
2290,0.306
2300,0.302
2310,0.303
2320,0.298
2330,0.319
2340,0.313
2350,0.304
2360,0.309
2370,0.322
2380,0.303
2390,0.303
2400,0.314
2410,0.338
2420,0.329
2430,0.338
2440,0.323
2450,0.325
2460,0.329
2470,0.310
2480,0.318
2490,0.288
2500,0.296
2510,0.306
2520,0.304
2530,0.309
2540,0.304
2550,0.323
2560,0.318
2570,0.311
2580,0.314
2590,0.283
2600,0.290
2610,0.292
2620,0.291
2630,0.264
2640,0.277
2650,0.280
2660,0.281
2670,0.268
2680,0.287
2690,0.269
2700,0.292
2710,0.269
2720,0.267
2730,0.250
2740,0.263
2750,0.248
2760,0.267
2770,0.269
2780,0.269
2790,0.254
2800,0.256
2810,0.252
2820,0.244
2830,0.264
2840,0.280
2850,0.275
2860,0.260
2870,0.261
2880,0.261
2890,0.267
2900,0.272
2910,0.263
2920,0.276
2930,0.256
2940,0.277
2950,0.254
2960,0.256
2970,0.252
2980,0.256
2990,0.272
3000,0.242
3010,0.250
3020,0.231
3030,0.230
3040,0.234
3050,0.244
3060,0.227
3070,0.230
3080,0.244
3090,0.238
3100,0.219
3110,0.215
3120,0.218
3130,0.226
3140,0.222
3150,0.225
3160,0.219
3170,0.219
3180,0.246
3190,0.240
3200,0.256
3210,0.235
3220,0.231
3230,0.214
3240,0.208
3250,0.210
3260,0.210
3270,0.215
3280,0.202
3290,0.229
3300,0.225
3310,0.227
3320,0.207
3330,0.231
3340,0.231
3350,0.226
3360,0.225
3370,0.223
3380,0.221
3390,0.211
3400,0.226
3410,0.202
3420,0.214
3430,0.211
3440,0.225
3450,0.212
3460,0.219
3470,0.215
3480,0.206
3490,0.218
3500,0.191
3510,0.207
3520,0.221
3530,0.227
3540,0.219
3550,0.210
3560,0.202
3570,0.211
3580,0.187
3590,0.208
3600,0.210
3610,0.234
3620,0.202
3630,0.196
3640,0.198
3650,0.202
3660,0.208
3670,0.203
3680,0.211
3690,0.204
3700,0.204
3710,0.200
3720,0.181
3730,0.189
3740,0.195
3750,0.188
3760,0.176
3770,0.181
3780,0.166
3790,0.164
3800,0.158
3810,0.177
3820,0.185
3830,0.183
3840,0.185
3850,0.164
3860,0.165
3870,0.176
3880,0.184
3890,0.175
3900,0.168
3910,0.177
3920,0.172
3930,0.166
3940,0.149
3950,0.168
3960,0.172
3970,0.166
3980,0.173
3990,0.177
4000,0.189
4010,0.183
4020,0.164
4030,0.173
4040,0.176
4050,0.175
4060,0.188
4070,0.176
4080,0.166
4090,0.175
4100,0.166
4110,0.158
4120,0.161
4130,0.164
4140,0.179
4150,0.164
4160,0.145
4170,0.153
4180,0.139
4190,0.145
4200,0.133
4210,0.143
4220,0.133
4230,0.126
4240,0.130
4250,0.153
4260,0.158
4270,0.147
4280,0.162
4290,0.138
4300,0.130
4310,0.120
4320,0.126
4330,0.120
4340,0.120
4350,0.104
4360,0.116
4370,0.133
4380,0.123
4390,0.120
4400,0.131
4410,0.133
4420,0.126
4430,0.107
4440,0.110
4450,0.111
4460,0.099
4470,0.092
4480,0.097
4490,0.101
4500,0.103
4510,0.106
4520,0.081
4530,0.104
4540,0.100
4550,0.108
4560,0.104
4570,0.115
4580,0.127
4590,0.118
4600,0.124
4610,0.131
4620,0.139
4630,0.135
4640,0.127
4650,0.123
4660,0.126
4670,0.115
4680,0.114
4690,0.120
4700,0.119
4710,0.124
4720,0.104
4730,0.127
4740,0.122
4750,0.122
4760,0.111
4770,0.106
4780,0.127
4790,0.126
4800,0.115
4810,0.112
4820,0.101
4830,0.099
4840,0.103
4850,0.097
4860,0.097
4870,0.092
4880,0.099
4890,0.084
4900,0.091
4910,0.083
4920,0.077
4930,0.078
4940,0.088
4950,0.084
4960,0.101
4970,0.099
4980,0.081
4990,0.080
5000,0.073
5010,0.070
5020,0.088
5030,0.072
5040,0.065
5050,0.078
5060,0.077
5070,0.085
5080,0.083
5090,0.084
5100,0.081
5110,0.072
5120,0.076
5130,0.060
5140,0.062
5150,0.070
5160,0.069
5170,0.072
5180,0.078
5190,0.069
5200,0.080
5210,0.069
5220,0.060
5230,0.055
5240,0.057
5250,0.058
5260,0.068
5270,0.062
5280,0.066
5290,0.051
5300,0.066
5310,0.061
5320,0.066
5330,0.065
5340,0.066
5350,0.060
5360,0.058
5370,0.057
5380,0.055
5390,0.058
5400,0.064
5410,0.072
5420,0.069
5430,0.080
5440,0.080
5450,0.077
5460,0.070
5470,0.058
5480,0.061
5490,0.069
5500,0.072
5510,0.076
5520,0.069
5530,0.069
5540,0.070
5550,0.080
5560,0.076
5570,0.076
5580,0.078
5590,0.072
5600,0.076
5610,0.074
5620,0.073
5630,0.077
5640,0.077
5650,0.065
5660,0.061
5670,0.068
5680,0.070
5690,0.069
5700,0.061
5710,0.055
5720,0.049
5730,0.051
5740,0.047
5750,0.060
5760,0.051
5770,0.060
5780,0.060
5790,0.054
5800,0.046
5810,0.055
5820,0.061
5830,0.043
5840,0.045
5850,0.050
5860,0.043
5870,0.038
5880,0.031
5890,0.042
5900,0.045
5910,0.043
5920,0.038
5930,0.049
5940,0.049
5950,0.045
5960,0.039
5970,0.039
5980,0.027
5990,0.034
6000,0.031
6010,0.039
6020,0.045
6030,0.041
6040,0.038
6050,0.024
6060,0.042
6070,0.038
6080,0.042
6090,0.042
6100,0.047
6110,0.043
6120,0.032
6130,0.043
6140,0.047
6150,0.045
6160,0.035
6170,0.030
6180,0.042
6190,0.047
6200,0.031
6210,0.038
6220,0.034
6230,0.023
6240,0.027
6250,0.030
6260,0.035
6270,0.038
6280,0.039
6290,0.039
6300,0.037
6310,0.041
6320,0.053
6330,0.049
6340,0.038
6350,0.043
6360,0.042
6370,0.039
6380,0.037
6390,0.035
6400,0.041
6410,0.042
6420,0.047
6430,0.039
6440,0.041
6450,0.047
6460,0.049
6470,0.035
6480,0.045
6490,0.041
6500,0.047
6510,0.046
6520,0.039
6530,0.050
6540,0.057
6550,0.045
6560,0.045
6570,0.028
6580,0.031
6590,0.030
6600,0.035
6610,0.030
6620,0.034
6630,0.024
6640,0.032
6650,0.027
6660,0.026
6670,0.038
6680,0.035
6690,0.031
6700,0.035
6710,0.032
6720,0.024
6730,0.039
6740,0.043
6750,0.035
6760,0.032
6770,0.045
6780,0.042
6790,0.035
6800,0.035
6810,0.037
6820,0.035
6830,0.035
6840,0.035
6850,0.037
6860,0.042
6870,0.053
6880,0.043
6890,0.042
6900,0.034
6910,0.039
6920,0.037
6930,0.034
6940,0.035
6950,0.045
6960,0.034
6970,0.038
6980,0.035
6990,0.042
7000,0.043
7010,0.038
7020,0.050
7030,0.051
7040,0.041
7050,0.041
7060,0.031
7070,0.034
7080,0.032
7090,0.030
7100,0.027
7110,0.027
7120,0.018
7130,0.026
7140,0.018
7150,0.019
7160,0.023
7170,0.026
7180,0.023
7190,0.022
7200,0.019
7210,0.016
7220,0.023
7230,0.018
7240,0.026
7250,0.027
7260,0.026
7270,0.032
7280,0.031
7290,0.030
7300,0.027
7310,0.041
7320,0.034
7330,0.037
7340,0.042
7350,0.027
7360,0.030
7370,0.041
7380,0.039
7390,0.034
7400,0.037
7410,0.035
7420,0.042
7430,0.041
7440,0.037
7450,0.032
7460,0.030
7470,0.032
7480,0.035
7490,0.031
7500,0.030
7510,0.026
7520,0.027
7530,0.037
7540,0.026
7550,0.016
7560,0.026
7570,0.030
7580,0.031
7590,0.031
7600,0.028
7610,0.030
7620,0.027
7630,0.038
7640,0.042
7650,0.031
7660,0.034
7670,0.038
7680,0.047
7690,0.032
7700,0.034
7710,0.041
7720,0.037
7730,0.031
7740,0.032
7750,0.031
7760,0.031
7770,0.031
7780,0.037
7790,0.034
7800,0.024
7810,0.038
7820,0.026
7830,0.038
7840,0.032
7850,0.031
7860,0.032
7870,0.027
7880,0.026
7890,0.028
7900,0.032
7910,0.041
7920,0.039
7930,0.042
7940,0.039
7950,0.042
7960,0.042
7970,0.030
7980,0.022
7990,0.026
8000,0.034
8010,0.037
8020,0.042
8030,0.041
8040,0.037
8050,0.034
8060,0.047
8070,0.035
8080,0.042
8090,0.042
8100,0.049
8110,0.038
8120,0.032
8130,0.045
8140,0.050
8150,0.043
8160,0.047
8170,0.050
8180,0.055
8190,0.049
8200,0.045
8210,0.047
8220,0.039
8230,0.051
8240,0.038
8250,0.039
8260,0.039
8270,0.047
8280,0.032
8290,0.031
8300,0.043
8310,0.049
8320,0.038
8330,0.042
8340,0.041
8350,0.042
8360,0.042
8370,0.045
8380,0.046
8390,0.042
8400,0.038
8410,0.035
8420,0.035
8430,0.038
8440,0.034
8450,0.030
8460,0.027
8470,0.026
8480,0.027
8490,0.027
8500,0.032
8510,0.042
8520,0.034
8530,0.028
8540,0.024
8550,0.032
8560,0.032
8570,0.027
8580,0.027
8590,0.028
8600,0.030
8610,0.018
8620,0.022
8630,0.027
8640,0.018
8650,0.022
8660,0.023
8670,0.026
8680,0.028
8690,0.031
8700,0.031
8710,0.031
8720,0.030
8730,0.026
8740,0.019
8750,0.022
8760,0.019
8770,0.019
8780,0.019
8790,0.022
8800,0.023
8810,0.018
8820,0.022
8830,0.018
8840,0.022
8850,0.020
8860,0.028
8870,0.027
8880,0.031
8890,0.024
8900,0.023
8910,0.019
8920,0.020
8930,0.019
8940,0.035
8950,0.038
8960,0.034
8970,0.024
8980,0.022
8990,0.027
9000,0.027
9010,0.023
9020,0.027
9030,0.043
9040,0.046
9050,0.034
9060,0.030
9070,0.022
9080,0.024
9090,0.027
9100,0.030
9110,0.028
9120,0.034
9130,0.031
9140,0.027
9150,0.020
9160,0.026
9170,0.023
9180,0.023
9190,0.027
9200,0.022
9210,0.022
9220,0.026
9230,0.030
9240,0.032
9250,0.030
9260,0.023
9270,0.024
9280,0.023
9290,0.028
9300,0.026
9310,0.027
9320,0.028
9330,0.026
9340,0.028
9350,0.034
9360,0.031
9370,0.031
9380,0.034
9390,0.042
9400,0.035
9410,0.030
9420,0.032
9430,0.041
9440,0.043
9450,0.038
9460,0.037
9470,0.043
9480,0.043
9490,0.045
9500,0.042
9510,0.050
9520,0.043
9530,0.051
9540,0.054
9550,0.038
9560,0.039
9570,0.045
9580,0.043
9590,0.043
9600,0.039
9610,0.039
9620,0.034
9630,0.043
9640,0.042
9650,0.043
9660,0.042
9670,0.037
9680,0.041
9690,0.049
9700,0.046
9710,0.038
9720,0.046
9730,0.045
9740,0.050
9750,0.043
9760,0.050
9770,0.037
9780,0.039
9790,0.038
9800,0.047
9810,0.047
9820,0.042
9830,0.042
9840,0.053
9850,0.046
9860,0.046
9870,0.042
9880,0.046
9890,0.051
9900,0.043
9910,0.037
9920,0.042
9930,0.037
9940,0.032
9950,0.035
9960,0.037
9970,0.038
9980,0.035
9990,0.041
10000,0.038
10010,0.041
10020,0.039
10030,0.038
10040,0.050
10050,0.046
10060,0.050
10070,0.058
10080,0.062
10090,0.047
10100,0.055
10110,0.053
10120,0.050
10130,0.049
10140,0.041
10150,0.050
10160,0.049
10170,0.049
10180,0.043
10190,0.055
10200,0.058
10210,0.058
10220,0.054
10230,0.045
10240,0.053
10250,0.045
10260,0.045
10270,0.046
10280,0.047
10290,0.043
10300,0.051
10310,0.050
10320,0.051
10330,0.043
10340,0.053
10350,0.046
10360,0.050
10370,0.051
10380,0.043
10390,0.042
10400,0.045
10410,0.035
10420,0.038
10430,0.034
10440,0.035
10450,0.028
10460,0.037
10470,0.041
10480,0.039
10490,0.041
10500,0.041
10510,0.037
10520,0.041
10530,0.041
10540,0.049
10550,0.042
10560,0.042
10570,0.034
10580,0.037
10590,0.041
10600,0.034
10610,0.032
10620,0.050
10630,0.038
10640,0.039
10650,0.038
10660,0.034
10670,0.038
10680,0.043
10690,0.039
10700,0.035
10710,0.035
10720,0.030
10730,0.043
10740,0.051
10750,0.042
10760,0.042
10770,0.047
10780,0.058
10790,0.047
10800,0.041
10810,0.032
10820,0.037
10830,0.035
10840,0.035
10850,0.026
10860,0.027
10870,0.026
10880,0.027
10890,0.022
10900,0.026
10910,0.032
10920,0.038
10930,0.043
10940,0.042
10950,0.028
10960,0.032
10970,0.028
10980,0.030
10990,0.035
11000,0.028
11010,0.031
11020,0.039
11030,0.039
11040,0.032
11050,0.032
11060,0.039
11070,0.035
11080,0.032
11090,0.041
11100,0.032
11110,0.037
11120,0.031
11130,0.034
11140,0.038
11150,0.035
11160,0.039
11170,0.030
11180,0.030
11190,0.035
11200,0.035
11210,0.034
11220,0.034
11230,0.037
11240,0.037
11250,0.038
11260,0.030
11270,0.041
11280,0.039
11290,0.026
11300,0.030
11310,0.038
11320,0.035
11330,0.034
11340,0.031
11350,0.038
11360,0.037
11370,0.042
11380,0.045
11390,0.039
11400,0.042
11410,0.041
11420,0.047
11430,0.051
11440,0.041
11450,0.035
11460,0.031
11470,0.045
11480,0.043
11490,0.039
11500,0.039
11510,0.035
11520,0.038
11530,0.043
11540,0.030
11550,0.037
11560,0.035
11570,0.034
11580,0.035
11590,0.034
11600,0.039
11610,0.037
11620,0.032
11630,0.031
11640,0.030
11650,0.027
11660,0.030
11670,0.034
11680,0.038
11690,0.038
11700,0.031
11710,0.031
11720,0.030
11730,0.041
11740,0.032
11750,0.024
11760,0.023
11770,0.023
11780,0.015
11790,0.016
11800,0.015
11810,0.020
11820,0.024
11830,0.024
11840,0.035
11850,0.028
11860,0.030
11870,0.034
11880,0.026
11890,0.026
11900,0.032
11910,0.023
11920,0.027
11930,0.030
11940,0.030
11950,0.028
11960,0.030
11970,0.020
11980,0.027
11990,0.034
12000,0.028
12010,0.032
12020,0.031
12030,0.031
12040,0.023
12050,0.032
12060,0.024
12070,0.027
12080,0.028
12090,0.027
12100,0.028
12110,0.028
12120,0.027
12130,0.035
12140,0.030
12150,0.028
12160,0.020
12170,0.027
12180,0.031
12190,0.032
12200,0.020
12210,0.031
12220,0.027
12230,0.028
12240,0.028
12250,0.034
12260,0.027
12270,0.023
12280,0.012
12290,0.022
12300,0.020
12310,0.023
12320,0.022
12330,0.026
12340,0.027
12350,0.030
12360,0.031
12370,0.041
12380,0.035
12390,0.028
12400,0.032
12410,0.031
12420,0.027
12430,0.030
12440,0.030
12450,0.028
12460,0.022
12470,0.027
12480,0.030
12490,0.024
12500,0.024
12510,0.028
12520,0.024
12530,0.022
12540,0.018
12550,0.016
12560,0.016
12570,0.014
12580,0.015
12590,0.016
12600,0.018
12610,0.016
12620,0.016
12630,0.022
12640,0.020
12650,0.018
12660,0.022
12670,0.022
12680,0.018
12690,0.014
12700,0.012
12710,0.018
12720,0.019
12730,0.019
12740,0.018
12750,0.022
12760,0.012
12770,0.023
12780,0.028
12790,0.034
12800,0.026
12810,0.022
12820,0.023
12830,0.023
12840,0.028
12850,0.023
12860,0.024
12870,0.031
12880,0.035
12890,0.023
12900,0.022
12910,0.028
12920,0.030
12930,0.034
12940,0.027
12950,0.026
12960,0.030
12970,0.023
12980,0.035
12990,0.035
13000,0.032
13010,0.035
13020,0.023
13030,0.019
13040,0.018
13050,0.028
13060,0.032
13070,0.035
13080,0.039
13090,0.035
13100,0.030
13110,0.027
13120,0.019
13130,0.026
13140,0.024
13150,0.031
13160,0.022
13170,0.026
13180,0.027
13190,0.026
13200,0.028
13210,0.028
13220,0.031
13230,0.022
13240,0.039
13250,0.032
13260,0.032
13270,0.031
13280,0.027
13290,0.035
13300,0.028
13310,0.037
13320,0.031
13330,0.028
13340,0.030
13350,0.037
13360,0.028
13370,0.027
13380,0.032
13390,0.030
13400,0.030
13410,0.028
13420,0.024
13430,0.026
13440,0.031
13450,0.023
13460,0.026
13470,0.022
13480,0.022
13490,0.026
13500,0.022
13510,0.023
13520,0.020
13530,0.022
13540,0.026
13550,0.035
13560,0.031
13570,0.024
13580,0.027
13590,0.031
13600,0.039
13610,0.031
13620,0.030
13630,0.026
13640,0.031
13650,0.032
13660,0.028
13670,0.028
13680,0.026
13690,0.030
13700,0.027
13710,0.027
13720,0.024
13730,0.019
13740,0.023
13750,0.022
13760,0.034
13770,0.028
13780,0.035
13790,0.028
13800,0.028
13810,0.023
13820,0.028
13830,0.027
13840,0.023
13850,0.026
13860,0.026
13870,0.028
13880,0.027
13890,0.023
13900,0.026
13910,0.026
13920,0.026
13930,0.023
13940,0.022
13950,0.024
13960,0.014
13970,0.015
13980,0.023
13990,0.019
14000,0.020
14010,0.020
14020,0.012
14030,0.020
14040,0.019
14050,0.023
14060,0.024
14070,0.028
14080,0.031
14090,0.034
14100,0.024
14110,0.026
14120,0.028
14130,0.026
14140,0.031
14150,0.028
14160,0.027
14170,0.028
14180,0.035
14190,0.031
14200,0.026
14210,0.022
14220,0.027
14230,0.028
14240,0.024
14250,0.026
14260,0.030
14270,0.028
14280,0.039
14290,0.031
14300,0.024
14310,0.027
14320,0.032
14330,0.030
14340,0.020
14350,0.026
14360,0.024
14370,0.028
14380,0.022
14390,0.024
14400,0.020
14410,0.018
14420,0.024
14430,0.014
14440,0.014
14450,0.011
14460,0.019
14470,0.026
14480,0.011
14490,0.020
14500,0.023
14510,0.023
14520,0.022
14530,0.027
14540,0.027
14550,0.022
14560,0.022
14570,0.024
14580,0.026
14590,0.023
14600,0.024
14610,0.028
14620,0.028
14630,0.030
14640,0.024
14650,0.038
14660,0.034
14670,0.035
14680,0.039
14690,0.035
14700,0.038
14710,0.046
14720,0.043
14730,0.042
14740,0.047
14750,0.043
14760,0.042
14770,0.041
14780,0.042
14790,0.039
14800,0.030
14810,0.030
14820,0.026
14830,0.035
14840,0.031
14850,0.032
14860,0.037
14870,0.031
14880,0.035
14890,0.034
14900,0.028
14910,0.028
14920,0.024
14930,0.023
14940,0.027
14950,0.023
14960,0.026
14970,0.027
14980,0.026
14990,0.027
15000,0.028
15010,0.027
15020,0.032
15030,0.041
15040,0.035
15050,0.037
15060,0.039
15070,0.039
15080,0.034
15090,0.034
15100,0.030
15110,0.032
15120,0.030
15130,0.032
15140,0.028
15150,0.031
15160,0.032
15170,0.032
15180,0.034
15190,0.035
15200,0.037
15210,0.031
15220,0.037
15230,0.038
15240,0.039
15250,0.027
15260,0.030
15270,0.020
15280,0.034
15290,0.035
15300,0.030
15310,0.022
15320,0.027
15330,0.026
15340,0.028
15350,0.030
15360,0.027
15370,0.028
15380,0.026
15390,0.027
15400,0.035
15410,0.037
15420,0.030
15430,0.031
15440,0.027
15450,0.032
15460,0.035
15470,0.026
15480,0.031
15490,0.028
15500,0.032
15510,0.026
15520,0.027
15530,0.026
15540,0.020
15550,0.018
15560,0.019
15570,0.026
15580,0.018
15590,0.023
15600,0.019
15610,0.016
15620,0.015
15630,0.016
15640,0.016
15650,0.022
15660,0.012
15670,0.020
15680,0.015
15690,0.016
15700,0.018
15710,0.018
15720,0.024
15730,0.016
15740,0.022
15750,0.020
15760,0.023
15770,0.016
15780,0.023
15790,0.032
15800,0.024
15810,0.034
15820,0.026
15830,0.037
15840,0.034
15850,0.028
15860,0.028
15870,0.031
15880,0.024
15890,0.034
15900,0.030
15910,0.023
15920,0.035
15930,0.034
15940,0.035
15950,0.027
15960,0.035
15970,0.026
15980,0.035
15990,0.023
16000,0.026
16010,0.031
16020,0.019
16030,0.018
16040,0.020
16050,0.024
16060,0.019
16070,0.022
16080,0.026
16090,0.026
16100,0.026
16110,0.024
16120,0.030
16130,0.027
16140,0.027
16150,0.020
16160,0.020
16170,0.015
16180,0.016
16190,0.020
16200,0.024
16210,0.023
16220,0.027
16230,0.024
16240,0.031
16250,0.026
16260,0.034
16270,0.032
16280,0.027
16290,0.038
16300,0.027
16310,0.031
16320,0.032
16330,0.035
16340,0.035
16350,0.031
16360,0.037
16370,0.037
16380,0.035
16390,0.028
16400,0.030
16410,0.027
16420,0.026
16430,0.028
16440,0.038
16450,0.045
16460,0.034
16470,0.035
16480,0.032
16490,0.031
16500,0.028
16510,0.030
16520,0.027
16530,0.030
16540,0.022
16550,0.032
16560,0.028
16570,0.026
16580,0.031
16590,0.030
16600,0.049
16610,0.035
16620,0.042
16630,0.032
16640,0.031
16650,0.042
16660,0.035
16670,0.045
16680,0.038
16690,0.034
16700,0.038
16710,0.037
16720,0.026
16730,0.035
16740,0.031
16750,0.027
16760,0.035
16770,0.030
16780,0.035
16790,0.024
16800,0.032
16810,0.035
16820,0.035
16830,0.032
16840,0.032
16850,0.027
16860,0.028
16870,0.026
16880,0.018
16890,0.018
16900,0.018
16910,0.022
16920,0.030
16930,0.023
16940,0.024
16950,0.024
16960,0.031
16970,0.026
16980,0.030
16990,0.042
17000,0.027
17010,0.034
17020,0.034
17030,0.030
17040,0.034
17050,0.039
17060,0.034
17070,0.028
17080,0.028
17090,0.032
17100,0.037
17110,0.037
17120,0.038
17130,0.027
17140,0.038
17150,0.042
17160,0.043
17170,0.041
17180,0.058
17190,0.042
17200,0.034
17210,0.037
17220,0.037
17230,0.038
17240,0.032
17250,0.031
17260,0.030
17270,0.032
17280,0.035
17290,0.035
17300,0.042
17310,0.039
17320,0.031
17330,0.030
17340,0.032
17350,0.035
17360,0.034
17370,0.037
17380,0.037
17390,0.030
17400,0.041
17410,0.043
17420,0.041
17430,0.038
17440,0.035
17450,0.039
17460,0.034
17470,0.034
17480,0.032
17490,0.028
17500,0.034
17510,0.034
17520,0.037
17530,0.034
17540,0.035
17550,0.042
17560,0.042
17570,0.032
17580,0.035
17590,0.027
17600,0.034
17610,0.027
17620,0.031
17630,0.028
17640,0.026
17650,0.028
17660,0.035
17670,0.028
17680,0.031
17690,0.032
17700,0.032
17710,0.028
17720,0.028
17730,0.037
17740,0.034
17750,0.034
17760,0.030
17770,0.037
17780,0.028
17790,0.032
17800,0.016
17810,0.023
17820,0.020
17830,0.027
17840,0.031
17850,0.023
17860,0.022
17870,0.024
17880,0.026
17890,0.027
17900,0.027
17910,0.028
17920,0.035
17930,0.031
17940,0.042
17950,0.039
17960,0.034
17970,0.037
17980,0.042
17990,0.027
18000,0.039
18010,0.035
18020,0.032
18030,0.038
18040,0.030
18050,0.026
18060,0.027
18070,0.032
18080,0.026
18090,0.022
18100,0.027
18110,0.015
18120,0.023
18130,0.019
18140,0.019
18150,0.031
18160,0.023
18170,0.035
18180,0.034
18190,0.030
18200,0.023
18210,0.024
18220,0.028
18230,0.037
18240,0.027
18250,0.019
18260,0.027
18270,0.028
18280,0.041
18290,0.046
18300,0.038
18310,0.038
18320,0.043
18330,0.049
18340,0.047
18350,0.043
18360,0.039
18370,0.035
18380,0.035
18390,0.037
18400,0.054
18410,0.053
18420,0.039
18430,0.043
18440,0.047
18450,0.046
18460,0.037
18470,0.049
18480,0.047
18490,0.055
18500,0.060
18510,0.050
18520,0.055
18530,0.055
18540,0.055
18550,0.041
18560,0.051
18570,0.053
18580,0.049
18590,0.050
18600,0.046
18610,0.041
18620,0.032
18630,0.053
18640,0.045
18650,0.049
18660,0.055
18670,0.046
18680,0.053
18690,0.045
18700,0.050
18710,0.051
18720,0.046
18730,0.050
18740,0.035
18750,0.038
18760,0.043
18770,0.039
18780,0.031
18790,0.042
18800,0.042
18810,0.037
18820,0.030
18830,0.031
18840,0.035
18850,0.031
18860,0.030
18870,0.031
18880,0.032
18890,0.031
18900,0.034
18910,0.032
18920,0.037
18930,0.041
18940,0.039
18950,0.038
18960,0.041
18970,0.038
18980,0.034
18990,0.045
19000,0.043
19010,0.035
19020,0.037
19030,0.043
19040,0.041
19050,0.039
19060,0.046
19070,0.045
19080,0.046
19090,0.051
19100,0.050
19110,0.053
19120,0.041
19130,0.042
19140,0.041
19150,0.053
19160,0.054
19170,0.055
19180,0.041
19190,0.051
19200,0.046
19210,0.050
19220,0.049
19230,0.046
19240,0.039
19250,0.042
19260,0.046
19270,0.039
19280,0.049
19290,0.038
19300,0.042
19310,0.041
19320,0.038
19330,0.039
19340,0.035
19350,0.039
19360,0.038
19370,0.042
19380,0.032
19390,0.041
19400,0.037
19410,0.034
19420,0.035
19430,0.028
19440,0.035
19450,0.030
19460,0.031
19470,0.031
19480,0.032
19490,0.039
19500,0.041
19510,0.045
19520,0.038
19530,0.043
19540,0.038
19550,0.041
19560,0.045
19570,0.034
19580,0.043
19590,0.039
19600,0.034
19610,0.031
19620,0.038
19630,0.024
19640,0.030
19650,0.028
19660,0.045
19670,0.042
19680,0.037
19690,0.030
19700,0.032
19710,0.032
19720,0.035
19730,0.032
19740,0.032
19750,0.037
19760,0.041
19770,0.039
19780,0.042
19790,0.034
19800,0.039
19810,0.024
19820,0.035
19830,0.032
19840,0.043
19850,0.032
19860,0.026
19870,0.031
19880,0.043
19890,0.034
19900,0.035
19910,0.043
19920,0.034
19930,0.034
19940,0.041
19950,0.037
19960,0.034
19970,0.027
19980,0.027
19990,0.027
20000,0.038
