# time, fQ
0,0.760
10,0.662
20,0.650
30,0.656
40,0.620
50,0.656
60,0.664
70,0.671
80,0.658
90,0.637
100,0.685
110,0.660
120,0.681
130,0.679
140,0.682
150,0.655
160,0.647
170,0.656
180,0.663
190,0.658
200,0.624
210,0.628
220,0.643
230,0.639
240,0.604
250,0.618
260,0.608
270,0.605
280,0.593
290,0.635
300,0.622
310,0.593
320,0.617
330,0.606
340,0.582
350,0.602
360,0.613
370,0.618
380,0.594
390,0.616
400,0.612
410,0.606
420,0.566
430,0.583
440,0.572
450,0.564
460,0.571
470,0.581
480,0.605
490,0.576
500,0.581
510,0.553
520,0.548
530,0.576
540,0.571
550,0.560
560,0.568
570,0.572
580,0.558
590,0.564
600,0.559
610,0.536
620,0.539
630,0.539
640,0.540
650,0.539
660,0.549
670,0.530
680,0.553
690,0.539
700,0.524
710,0.544
720,0.532
730,0.556
740,0.556
750,0.547
760,0.566
770,0.560
780,0.548
790,0.539
800,0.540
810,0.536
820,0.560
830,0.556
840,0.547
850,0.572
860,0.575
870,0.567
880,0.563
890,0.567
900,0.564
910,0.539
920,0.543
930,0.518
940,0.513
950,0.521
960,0.503
970,0.516
980,0.497
990,0.505
1000,0.507
1010,0.482
1020,0.498
1030,0.510
1040,0.512
1050,0.465
1060,0.487
1070,0.464
1080,0.456
1090,0.470
1100,0.465
1110,0.472
1120,0.444
1130,0.475
1140,0.472
1150,0.436
1160,0.441
1170,0.448
1180,0.437
1190,0.426
1200,0.436
1210,0.421
1220,0.451
1230,0.448
1240,0.425
1250,0.447
1260,0.395
1270,0.395
1280,0.426
1290,0.447
1300,0.425
1310,0.414
1320,0.418
1330,0.413
1340,0.426
1350,0.425
1360,0.407
1370,0.418
1380,0.402
1390,0.413
1400,0.383
1410,0.407
1420,0.376
1430,0.387
1440,0.394
1450,0.379
1460,0.398
1470,0.396
1480,0.390
1490,0.396
1500,0.405
1510,0.399
1520,0.391
1530,0.403
1540,0.395
1550,0.403
1560,0.395
1570,0.392
1580,0.403
1590,0.395
1600,0.390
1610,0.406
1620,0.402
1630,0.411
1640,0.390
1650,0.380
1660,0.390
1670,0.403
1680,0.399
1690,0.376
1700,0.352
1710,0.364
1720,0.369
1730,0.406
1740,0.396
1750,0.394
1760,0.375
1770,0.364
1780,0.383
1790,0.376
1800,0.379
1810,0.396
1820,0.367
1830,0.357
1840,0.350
1850,0.371
1860,0.365
1870,0.360
1880,0.355
1890,0.355
1900,0.368
1910,0.356
1920,0.356
1930,0.356
1940,0.355
1950,0.337
1960,0.340
1970,0.346
1980,0.369
1990,0.357
2000,0.338
2010,0.345
2020,0.363
2030,0.332
2040,0.332
2050,0.325
2060,0.334
2070,0.338
2080,0.336
2090,0.336
2100,0.342
2110,0.361
2120,0.341
2130,0.336
2140,0.352
2150,0.333
2160,0.333
2170,0.336
2180,0.337
2190,0.329
2200,0.337
2210,0.323
2220,0.326
2230,0.310
2240,0.307
2250,0.315
2260,0.309
2270,0.306
2280,0.329
2290,0.330
2300,0.309
2310,0.321
2320,0.344
2330,0.296
2340,0.314
2350,0.296
2360,0.287
2370,0.306
2380,0.273
2390,0.230
2400,0.245
2410,0.253
2420,0.273
2430,0.273
2440,0.265
2450,0.264
2460,0.258
2470,0.249
2480,0.249
2490,0.253
2500,0.254
2510,0.257
2520,0.264
2530,0.265
2540,0.241
2550,0.250
2560,0.237
2570,0.263
2580,0.263
2590,0.253
2600,0.241
2610,0.231
2620,0.241
2630,0.240
2640,0.219
2650,0.208
2660,0.214
2670,0.218
2680,0.225
2690,0.233
2700,0.215
2710,0.221
2720,0.225
2730,0.223
2740,0.214
2750,0.204
2760,0.219
2770,0.227
2780,0.242
2790,0.244
2800,0.237
2810,0.246
2820,0.250
2830,0.271
2840,0.275
2850,0.245
2860,0.234
2870,0.225
2880,0.210
2890,0.215
2900,0.200
2910,0.199
2920,0.211
2930,0.200
2940,0.185
2950,0.203
2960,0.194
2970,0.189
2980,0.185
2990,0.188
3000,0.185
3010,0.177
3020,0.199
3030,0.184
3040,0.188
3050,0.180
3060,0.189
3070,0.180
3080,0.185
3090,0.183
3100,0.169
3110,0.199
3120,0.196
3130,0.196
3140,0.185
3150,0.192
3160,0.185
3170,0.175
3180,0.176
3190,0.169
3200,0.158
3210,0.171
3220,0.184
3230,0.177
3240,0.164
3250,0.172
3260,0.145
3270,0.131
3280,0.137
3290,0.130
3300,0.131
3310,0.129
3320,0.127
3330,0.138
3340,0.129
3350,0.124
3360,0.124
3370,0.134
3380,0.129
3390,0.143
3400,0.150
3410,0.145
3420,0.154
3430,0.152
3440,0.137
3450,0.139
3460,0.134
3470,0.141
3480,0.153
3490,0.150
3500,0.145
3510,0.143
3520,0.122
3530,0.120
3540,0.127
3550,0.131
3560,0.120
3570,0.120
3580,0.119
3590,0.111
3600,0.129
3610,0.122
3620,0.116
3630,0.106
3640,0.108
3650,0.100
3660,0.104
3670,0.104
3680,0.093
3690,0.096
3700,0.100
3710,0.103
3720,0.103
3730,0.096
3740,0.107
3750,0.116
3760,0.115
3770,0.110
3780,0.108
3790,0.096
3800,0.096
3810,0.097
3820,0.091
3830,0.104
3840,0.097
3850,0.100
3860,0.089
3870,0.083
3880,0.085
3890,0.097
3900,0.100
3910,0.106
3920,0.110
3930,0.111
3940,0.114
3950,0.111
3960,0.110
3970,0.123
3980,0.115
3990,0.127
4000,0.112
4010,0.124
4020,0.120
4030,0.122
4040,0.114
4050,0.122
4060,0.120
4070,0.133
4080,0.139
4090,0.143
4100,0.116
4110,0.124
4120,0.111
4130,0.119
4140,0.129
4150,0.116
4160,0.120
4170,0.110
4180,0.100
4190,0.101
4200,0.096
4210,0.096
4220,0.093
4230,0.095
4240,0.091
4250,0.095
4260,0.092
4270,0.092
4280,0.091
4290,0.096
4300,0.084
4310,0.085
4320,0.085
4330,0.088
4340,0.081
4350,0.084
4360,0.083
4370,0.078
4380,0.093
4390,0.089
4400,0.101
4410,0.095
4420,0.083
4430,0.078
4440,0.083
4450,0.076
4460,0.073
4470,0.081
4480,0.074
4490,0.073
4500,0.072
4510,0.080
4520,0.077
4530,0.081
4540,0.074
4550,0.077
4560,0.087
4570,0.084
4580,0.083
4590,0.084
4600,0.084
4610,0.078
4620,0.072
4630,0.073
4640,0.080
4650,0.097
4660,0.078
4670,0.076
4680,0.073
4690,0.080
4700,0.083
4710,0.076
4720,0.064
4730,0.065
4740,0.060
4750,0.058
4760,0.055
4770,0.060
4780,0.073
4790,0.076
4800,0.072
4810,0.072
4820,0.077
4830,0.068
4840,0.065
4850,0.070
4860,0.060
4870,0.080
4880,0.081
4890,0.077
4900,0.069
4910,0.076
4920,0.054
4930,0.064
4940,0.054
4950,0.055
4960,0.066
4970,0.060
4980,0.060
4990,0.065
5000,0.068
5010,0.064
5020,0.074
5030,0.069
5040,0.074
5050,0.078
5060,0.080
5070,0.077
5080,0.062
5090,0.058
5100,0.069
5110,0.068
5120,0.043
5130,0.060
5140,0.053
5150,0.062
5160,0.074
5170,0.061
5180,0.057
5190,0.069
5200,0.058
5210,0.053
5220,0.062
5230,0.057
5240,0.065
5250,0.062
5260,0.066
5270,0.068
5280,0.060
5290,0.077
5300,0.077
5310,0.070
5320,0.064
5330,0.066
5340,0.073
5350,0.077
5360,0.076
5370,0.078
5380,0.068
5390,0.072
5400,0.078
5410,0.081
5420,0.084
5430,0.083
5440,0.078
5450,0.073
5460,0.061
5470,0.062
5480,0.072
5490,0.058
5500,0.057
5510,0.057
5520,0.069
5530,0.047
5540,0.058
5550,0.057
5560,0.054
5570,0.060
5580,0.051
5590,0.058
5600,0.051
5610,0.058
5620,0.058
5630,0.061
5640,0.058
5650,0.069
5660,0.058
5670,0.060
5680,0.053
5690,0.060
5700,0.060
5710,0.060
5720,0.058
5730,0.066
5740,0.057
5750,0.053
5760,0.057
5770,0.057
5780,0.054
5790,0.055
5800,0.037
5810,0.039
5820,0.037
5830,0.043
5840,0.049
5850,0.047
5860,0.037
5870,0.039
5880,0.038
5890,0.046
5900,0.045
5910,0.038
5920,0.039
5930,0.026
5940,0.038
5950,0.028
5960,0.034
5970,0.047
5980,0.032
5990,0.034
6000,0.031
6010,0.032
6020,0.041
6030,0.043
6040,0.042
6050,0.046
6060,0.054
6070,0.047
6080,0.043
6090,0.042
6100,0.037
6110,0.031
6120,0.038
6130,0.043
6140,0.038
6150,0.031
6160,0.032
6170,0.032
6180,0.031
6190,0.026
6200,0.024
6210,0.030
6220,0.030
6230,0.023
6240,0.024
6250,0.024
6260,0.026
6270,0.026
6280,0.028
6290,0.030
6300,0.041
6310,0.038
6320,0.034
6330,0.032
6340,0.035
6350,0.039
6360,0.038
6370,0.037
6380,0.037
6390,0.037
6400,0.035
6410,0.034
6420,0.045
6430,0.035
6440,0.045
6450,0.041
6460,0.049
6470,0.043
6480,0.038
6490,0.034
6500,0.034
6510,0.035
6520,0.030
6530,0.027
6540,0.018
6550,0.039
6560,0.032
6570,0.027
6580,0.028
6590,0.028
6600,0.043
6610,0.034
6620,0.038
6630,0.034
6640,0.031
6650,0.039
6660,0.038
6670,0.043
6680,0.042
6690,0.039
6700,0.035
6710,0.038
6720,0.035
6730,0.041
6740,0.034
6750,0.041
6760,0.034
6770,0.039
6780,0.023
6790,0.028
6800,0.031
6810,0.028
6820,0.031
6830,0.034
6840,0.034
6850,0.043
6860,0.028
6870,0.034
6880,0.034
6890,0.035
6900,0.032
6910,0.027
6920,0.030
6930,0.028
6940,0.027
6950,0.023
6960,0.026
6970,0.026
6980,0.031
6990,0.024
7000,0.032
7010,0.032
7020,0.032
7030,0.037
7040,0.031
7050,0.027
7060,0.031
7070,0.031
7080,0.042
7090,0.030
7100,0.035
7110,0.038
7120,0.027
7130,0.031
7140,0.038
7150,0.035
7160,0.034
7170,0.034
7180,0.045
7190,0.026
7200,0.030
7210,0.026
7220,0.028
7230,0.035
7240,0.038
7250,0.030
7260,0.039
7270,0.045
7280,0.045
7290,0.049
7300,0.047
7310,0.050
7320,0.049
7330,0.045
7340,0.045
7350,0.043
7360,0.047
7370,0.037
7380,0.032
7390,0.030
7400,0.031
7410,0.034
7420,0.030
7430,0.037
7440,0.031
7450,0.027
7460,0.027
7470,0.030
7480,0.039
7490,0.032
7500,0.031
7510,0.032
7520,0.032
7530,0.026
7540,0.023
7550,0.034
7560,0.030
7570,0.031
7580,0.024
7590,0.030
7600,0.026
7610,0.024
7620,0.026
7630,0.034
7640,0.031
7650,0.038
7660,0.053
7670,0.046
7680,0.053
7690,0.045
7700,0.041
7710,0.032
7720,0.037
7730,0.034
7740,0.042
7750,0.038
7760,0.041
7770,0.047
7780,0.041
7790,0.046
7800,0.039
7810,0.046
7820,0.037
7830,0.043
7840,0.043
7850,0.050
7860,0.039
7870,0.035
7880,0.035
7890,0.042
7900,0.038
7910,0.037
7920,0.043
7930,0.039
7940,0.038
7950,0.045
7960,0.039
7970,0.041
7980,0.038
7990,0.038
8000,0.034
8010,0.038
8020,0.039
8030,0.027
8040,0.035
8050,0.045
8060,0.038
8070,0.032
8080,0.032
8090,0.028
8100,0.032
8110,0.031
8120,0.028
8130,0.031
8140,0.031
8150,0.037
8160,0.039
8170,0.037
8180,0.035
8190,0.034
8200,0.032
8210,0.039
8220,0.039
8230,0.030
8240,0.038
8250,0.031
8260,0.032
8270,0.041
8280,0.038
8290,0.041
8300,0.045
8310,0.049
8320,0.041
8330,0.038
8340,0.039
8350,0.043
8360,0.046
8370,0.049
8380,0.046
8390,0.053
8400,0.051
8410,0.055
8420,0.050
8430,0.046
8440,0.045
8450,0.046
8460,0.045
8470,0.045
8480,0.045
8490,0.042
8500,0.049
8510,0.043
8520,0.054
8530,0.046
8540,0.043
8550,0.031
8560,0.027
8570,0.024
8580,0.026
8590,0.027
8600,0.028
8610,0.030
8620,0.026
8630,0.031
8640,0.030
8650,0.032
8660,0.034
8670,0.037
8680,0.031
8690,0.031
8700,0.027
8710,0.035
8720,0.046
8730,0.041
8740,0.035
8750,0.032
8760,0.031
8770,0.030
8780,0.032
8790,0.034
8800,0.031
8810,0.038
8820,0.037
8830,0.035
8840,0.042
8850,0.039
8860,0.043
8870,0.031
8880,0.030
8890,0.034
8900,0.035
8910,0.027
8920,0.027
8930,0.037
8940,0.035
8950,0.039
8960,0.022
8970,0.024
8980,0.024
8990,0.034
9000,0.023
9010,0.027
9020,0.031
9030,0.034
9040,0.037
9050,0.032
9060,0.032
9070,0.031
9080,0.038
9090,0.031
9100,0.031
9110,0.027
9120,0.030
9130,0.020
9140,0.022
9150,0.026
9160,0.028
9170,0.031
9180,0.024
9190,0.031
9200,0.023
9210,0.020
9220,0.027
9230,0.020
9240,0.023
9250,0.024
9260,0.024
9270,0.027
9280,0.022
9290,0.026
9300,0.027
9310,0.027
9320,0.028
9330,0.030
9340,0.024
9350,0.024
9360,0.024
9370,0.024
9380,0.030
9390,0.037
9400,0.027
9410,0.026
9420,0.037
9430,0.031
9440,0.022
9450,0.026
9460,0.027
9470,0.026
9480,0.034
9490,0.039
9500,0.038
9510,0.038
9520,0.032
9530,0.043
9540,0.039
9550,0.042
9560,0.035
9570,0.051
9580,0.042
9590,0.043
9600,0.046
9610,0.032
9620,0.035
9630,0.035
9640,0.041
9650,0.031
9660,0.034
9670,0.041
9680,0.034
9690,0.038
9700,0.035
9710,0.032
9720,0.035
9730,0.038
9740,0.034
9750,0.037
9760,0.038
9770,0.035
9780,0.032
9790,0.030
9800,0.034
9810,0.038
9820,0.043
9830,0.034
9840,0.051
9850,0.051
9860,0.050
9870,0.051
9880,0.055
9890,0.054
9900,0.042
9910,0.043
9920,0.046
9930,0.026
9940,0.034
9950,0.030
9960,0.043
9970,0.039
9980,0.037
9990,0.042
10000,0.030
10010,0.028
10020,0.022
10030,0.031
10040,0.026
10050,0.019
10060,0.026
10070,0.026
10080,0.023
10090,0.022
10100,0.020
10110,0.022
10120,0.024
10130,0.028
10140,0.031
10150,0.024
10160,0.028
10170,0.026
10180,0.026
10190,0.026
10200,0.028
10210,0.032
10220,0.030
10230,0.027
10240,0.034
10250,0.034
10260,0.034
10270,0.034
10280,0.028
10290,0.026
10300,0.030
10310,0.035
10320,0.032
10330,0.028
10340,0.027
10350,0.028
10360,0.031
10370,0.026
10380,0.032
10390,0.022
10400,0.026
10410,0.027
10420,0.022
10430,0.032
10440,0.038
10450,0.024
10460,0.023
10470,0.023
10480,0.023
10490,0.026
10500,0.023
10510,0.035
10520,0.028
10530,0.027
10540,0.026
10550,0.034
10560,0.031
10570,0.031
10580,0.032
10590,0.031
10600,0.037
10610,0.030
10620,0.022
10630,0.027
10640,0.034
10650,0.042
10660,0.037
10670,0.037
10680,0.030
10690,0.026
10700,0.023
10710,0.030
10720,0.027
10730,0.024
10740,0.018
10750,0.027
10760,0.019
10770,0.023
10780,0.032
10790,0.038
10800,0.028
10810,0.031
10820,0.032
10830,0.032
10840,0.026
10850,0.030
10860,0.032
10870,0.039
10880,0.034
10890,0.028
10900,0.034
10910,0.035
10920,0.028
10930,0.037
10940,0.026
10950,0.030
10960,0.020
10970,0.024
10980,0.024
10990,0.030
11000,0.026
11010,0.032
11020,0.028
11030,0.030
11040,0.028
11050,0.024
11060,0.030
11070,0.032
11080,0.028
11090,0.031
11100,0.035
11110,0.022
11120,0.023
11130,0.026
11140,0.022
11150,0.023
11160,0.022
11170,0.027
11180,0.028
11190,0.030
11200,0.024
11210,0.031
11220,0.038
11230,0.041
11240,0.038
11250,0.038
11260,0.038
11270,0.026
11280,0.031
11290,0.027
11300,0.026
11310,0.027
11320,0.034
11330,0.032
11340,0.037
11350,0.026
11360,0.032
11370,0.035
11380,0.035
11390,0.024
11400,0.030
11410,0.022
11420,0.022
11430,0.019
11440,0.023
11450,0.022
11460,0.027
11470,0.022
11480,0.022
11490,0.024
11500,0.028
11510,0.030
11520,0.028
11530,0.034
11540,0.037
11550,0.045
11560,0.035
11570,0.032
11580,0.038
11590,0.039
11600,0.031
11610,0.039
11620,0.026
11630,0.032
11640,0.035
11650,0.038
11660,0.028
11670,0.032
11680,0.035
11690,0.034
11700,0.030
11710,0.030
11720,0.030
11730,0.037
11740,0.032
11750,0.032
11760,0.039
11770,0.038
11780,0.043
11790,0.032
11800,0.043
11810,0.037
11820,0.042
11830,0.037
11840,0.043
11850,0.037
11860,0.035
11870,0.046
11880,0.049
11890,0.042
11900,0.047
11910,0.039
11920,0.041
11930,0.039
11940,0.041
11950,0.045
11960,0.041
11970,0.047
11980,0.035
11990,0.039
12000,0.039
12010,0.043
12020,0.037
12030,0.032
12040,0.043
12050,0.034
12060,0.032
12070,0.045
12080,0.039
12090,0.031
12100,0.034
12110,0.041
12120,0.041
12130,0.035
12140,0.043
12150,0.043
12160,0.039
12170,0.046
12180,0.050
12190,0.050
12200,0.039
12210,0.043
12220,0.042
12230,0.037
12240,0.037
12250,0.037
12260,0.034
12270,0.045
12280,0.045
12290,0.035
12300,0.039
12310,0.034
12320,0.034
12330,0.038
12340,0.047
12350,0.055
12360,0.055
12370,0.053
12380,0.049
12390,0.058
12400,0.055
12410,0.053
12420,0.041
12430,0.047
12440,0.047
12450,0.046
12460,0.046
12470,0.045
12480,0.047
12490,0.057
12500,0.045
12510,0.042
12520,0.050
12530,0.049
12540,0.049
12550,0.055
12560,0.043
12570,0.043
12580,0.053
12590,0.047
12600,0.039
12610,0.042
12620,0.038
12630,0.031
12640,0.031
12650,0.037
12660,0.034
12670,0.042
12680,0.046
12690,0.038
12700,0.041
12710,0.037
12720,0.030
12730,0.032
12740,0.039
12750,0.047
12760,0.046
12770,0.045
12780,0.037
12790,0.046
12800,0.030
12810,0.041
12820,0.038
12830,0.045
12840,0.038
12850,0.043
12860,0.037
12870,0.042
12880,0.050
12890,0.037
12900,0.039
12910,0.041
12920,0.047
12930,0.049
12940,0.032
12950,0.039
12960,0.038
12970,0.045
12980,0.042
12990,0.047
13000,0.038
13010,0.035
13020,0.038
13030,0.047
13040,0.045
13050,0.037
13060,0.030
13070,0.031
13080,0.032
13090,0.032
13100,0.034
13110,0.037
13120,0.046
13130,0.053
13140,0.035
13150,0.037
13160,0.032
13170,0.032
13180,0.034
13190,0.037
13200,0.042
13210,0.038
13220,0.039
13230,0.038
13240,0.034
13250,0.041
13260,0.037
13270,0.042
13280,0.042
13290,0.050
13300,0.046
13310,0.046
13320,0.053
13330,0.051
13340,0.049
13350,0.045
13360,0.050
13370,0.045
13380,0.051
13390,0.047
13400,0.051
13410,0.051
13420,0.045
13430,0.045
13440,0.049
13450,0.041
13460,0.042
13470,0.054
13480,0.054
13490,0.057
13500,0.051
13510,0.058
13520,0.054
13530,0.060
13540,0.041
13550,0.051
13560,0.055
13570,0.068
13580,0.062
13590,0.065
13600,0.073
13610,0.054
13620,0.053
13630,0.047
13640,0.053
13650,0.076
13660,0.060
13670,0.058
13680,0.058
13690,0.050
13700,0.049
13710,0.043
13720,0.057
13730,0.062
13740,0.081
13750,0.073
13760,0.070
13770,0.072
13780,0.065
13790,0.065
13800,0.062
13810,0.055
13820,0.053
13830,0.055
13840,0.064
13850,0.062
13860,0.058
13870,0.055
13880,0.049
13890,0.058
13900,0.053
13910,0.061
13920,0.058
13930,0.054
13940,0.051
13950,0.054
13960,0.049
13970,0.041
13980,0.043
13990,0.049
14000,0.047
14010,0.046
14020,0.053
14030,0.046
14040,0.047
14050,0.058
14060,0.035
14070,0.042
14080,0.030
14090,0.042
14100,0.041
14110,0.039
14120,0.035
14130,0.041
14140,0.038
14150,0.049
14160,0.028
14170,0.047
14180,0.032
14190,0.027
14200,0.026
14210,0.026
14220,0.027
14230,0.028
14240,0.038
14250,0.031
14260,0.024
14270,0.028
14280,0.024
14290,0.023
14300,0.030
14310,0.024
14320,0.037
14330,0.035
14340,0.028
14350,0.041
14360,0.028
14370,0.030
14380,0.035
14390,0.024
14400,0.027
14410,0.032
14420,0.037
14430,0.034
14440,0.032
14450,0.027
14460,0.024
14470,0.026
14480,0.023
14490,0.020
14500,0.027
14510,0.027
14520,0.022
14530,0.019
14540,0.015
14550,0.019
14560,0.015
14570,0.015
14580,0.022
14590,0.026
14600,0.022
14610,0.028
14620,0.024
14630,0.024
14640,0.030
14650,0.026
14660,0.030
14670,0.037
14680,0.030
14690,0.028
14700,0.026
14710,0.023
14720,0.028
14730,0.038
14740,0.034
14750,0.028
14760,0.027
14770,0.030
14780,0.026
14790,0.026
14800,0.026
14810,0.026
14820,0.028
14830,0.030
14840,0.030
14850,0.022
14860,0.016
14870,0.024
14880,0.028
14890,0.022
14900,0.026
14910,0.028
14920,0.031
14930,0.034
14940,0.026
14950,0.035
14960,0.034
14970,0.032
14980,0.042
14990,0.037
15000,0.032
15010,0.027
15020,0.024
15030,0.028
15040,0.031
15050,0.037
15060,0.035
15070,0.046
15080,0.032
15090,0.043
15100,0.034
15110,0.043
15120,0.034
15130,0.028
15140,0.038
15150,0.041
15160,0.041
15170,0.035
15180,0.037
15190,0.027
15200,0.038
15210,0.031
15220,0.032
15230,0.031
15240,0.032
15250,0.037
15260,0.041
15270,0.042
15280,0.031
15290,0.035
15300,0.032
15310,0.038
15320,0.038
15330,0.050
15340,0.046
15350,0.045
15360,0.061
15370,0.053
15380,0.045
15390,0.046
15400,0.035
15410,0.039
15420,0.035
15430,0.037
15440,0.030
15450,0.032
15460,0.022
15470,0.022
15480,0.027
15490,0.026
15500,0.028
15510,0.037
15520,0.023
15530,0.026
15540,0.028
15550,0.032
15560,0.030
15570,0.034
15580,0.038
15590,0.039
15600,0.031
15610,0.039
15620,0.034
15630,0.037
15640,0.035
15650,0.030
15660,0.030
15670,0.037
15680,0.030
15690,0.035
15700,0.037
15710,0.038
15720,0.027
15730,0.032
15740,0.030
15750,0.039
15760,0.032
15770,0.032
15780,0.030
15790,0.032
15800,0.034
15810,0.043
15820,0.030
15830,0.035
15840,0.032
15850,0.038
15860,0.037
15870,0.034
15880,0.024
15890,0.024
15900,0.023
15910,0.031
15920,0.023
15930,0.028
15940,0.027
15950,0.030
15960,0.032
15970,0.032
15980,0.030
15990,0.031
16000,0.030
16010,0.030
16020,0.027
16030,0.027
16040,0.026
16050,0.019
16060,0.020
16070,0.019
16080,0.020
16090,0.027
16100,0.024
16110,0.024
16120,0.032
16130,0.023
16140,0.024
16150,0.022
16160,0.015
16170,0.015
16180,0.016
16190,0.027
16200,0.019
16210,0.011
16220,0.008
16230,0.019
16240,0.019
16250,0.015
16260,0.016
16270,0.022
16280,0.027
16290,0.031
16300,0.030
16310,0.034
16320,0.030
16330,0.028
16340,0.027
16350,0.027
16360,0.034
16370,0.037
16380,0.039
16390,0.038
16400,0.047
16410,0.037
16420,0.038
16430,0.038
16440,0.038
16450,0.037
16460,0.041
16470,0.038
16480,0.032
16490,0.032
16500,0.034
16510,0.034
16520,0.031
16530,0.031
16540,0.032
16550,0.028
16560,0.035
16570,0.031
16580,0.031
16590,0.039
16600,0.030
16610,0.032
16620,0.034
16630,0.037
16640,0.035
16650,0.035
16660,0.028
16670,0.026
16680,0.028
16690,0.026
16700,0.023
16710,0.026
16720,0.022
16730,0.011
16740,0.009
16750,0.014
16760,0.014
16770,0.015
16780,0.011
16790,0.015
16800,0.019
16810,0.012
16820,0.016
16830,0.018
16840,0.018
16850,0.020
16860,0.014
16870,0.016
16880,0.014
16890,0.014
16900,0.009
16910,0.019
16920,0.015
16930,0.016
16940,0.018
16950,0.014
16960,0.014
16970,0.019
16980,0.023
16990,0.020
17000,0.030
17010,0.027
17020,0.024
17030,0.027
17040,0.031
17050,0.031
17060,0.034
17070,0.037
17080,0.034
17090,0.031
17100,0.032
17110,0.034
17120,0.032
17130,0.042
17140,0.049
17150,0.039
17160,0.043
17170,0.045
17180,0.035
17190,0.041
17200,0.041
17210,0.039
17220,0.037
17230,0.034
17240,0.046
17250,0.034
17260,0.034
17270,0.042
17280,0.043
17290,0.041
17300,0.041
17310,0.039
17320,0.037
17330,0.041
17340,0.041
17350,0.042
17360,0.038
17370,0.042
17380,0.049
17390,0.038
17400,0.049
17410,0.054
17420,0.041
17430,0.039
17440,0.054
17450,0.046
17460,0.038
17470,0.035
17480,0.038
17490,0.035
17500,0.034
17510,0.037
17520,0.038
17530,0.038
17540,0.035
17550,0.030
17560,0.032
17570,0.041
17580,0.042
17590,0.042
17600,0.047
17610,0.043
17620,0.031
17630,0.031
17640,0.028
17650,0.037
17660,0.032
17670,0.038
17680,0.030
17690,0.028
17700,0.032
17710,0.035
17720,0.050
17730,0.038
17740,0.031
17750,0.038
17760,0.032
17770,0.032
17780,0.018
17790,0.031
17800,0.030
17810,0.027
17820,0.041
17830,0.031
17840,0.024
17850,0.032
17860,0.039
17870,0.031
17880,0.034
17890,0.042
17900,0.023
17910,0.026
17920,0.027
17930,0.037
17940,0.035
17950,0.023
17960,0.024
17970,0.022
17980,0.024
17990,0.023
18000,0.024
18010,0.030
18020,0.034
18030,0.026
18040,0.018
18050,0.023
18060,0.039
18070,0.031
18080,0.031
18090,0.030
18100,0.030
18110,0.037
18120,0.035
18130,0.041
18140,0.030
18150,0.031
18160,0.030
18170,0.037
18180,0.032
18190,0.034
18200,0.027
18210,0.034
18220,0.035
18230,0.035
18240,0.039
18250,0.035
18260,0.031
18270,0.028
18280,0.037
18290,0.039
18300,0.032
18310,0.039
18320,0.046
18330,0.049
18340,0.038
18350,0.042
18360,0.038
18370,0.043
18380,0.035
18390,0.034
18400,0.032
18410,0.041
18420,0.041
18430,0.039
18440,0.039
18450,0.041
18460,0.030
18470,0.032
18480,0.039
18490,0.020
18500,0.020
18510,0.030
18520,0.034
18530,0.035
18540,0.034
18550,0.031
18560,0.038
18570,0.038
18580,0.039
18590,0.039
18600,0.041
18610,0.042
18620,0.031
18630,0.049
18640,0.049
18650,0.031
18660,0.041
18670,0.037
18680,0.038
18690,0.039
18700,0.042
18710,0.031
18720,0.031
18730,0.031
18740,0.031
18750,0.028
18760,0.027
18770,0.019
18780,0.019
18790,0.019
18800,0.028
18810,0.022
18820,0.023
18830,0.023
18840,0.024
18850,0.023
18860,0.022
18870,0.027
18880,0.030
18890,0.032
18900,0.024
18910,0.031
18920,0.027
18930,0.022
18940,0.023
18950,0.024
18960,0.030
18970,0.027
18980,0.031
18990,0.024
19000,0.024
19010,0.027
19020,0.028
19030,0.041
19040,0.038
19050,0.035
19060,0.045
19070,0.039
19080,0.032
19090,0.047
19100,0.041
19110,0.054
19120,0.043
19130,0.039
19140,0.043
19150,0.047
19160,0.045
19170,0.047
19180,0.049
19190,0.043
19200,0.045
19210,0.046
19220,0.046
19230,0.043
19240,0.039
19250,0.045
19260,0.042
19270,0.038
19280,0.042
19290,0.049
19300,0.038
19310,0.042
19320,0.043
19330,0.041
19340,0.041
19350,0.041
19360,0.032
19370,0.045
19380,0.043
19390,0.037
19400,0.037
19410,0.039
19420,0.047
19430,0.042
19440,0.037
19450,0.038
19460,0.045
19470,0.042
19480,0.037
19490,0.035
19500,0.030
19510,0.030
19520,0.026
19530,0.031
19540,0.026
19550,0.023
19560,0.031
19570,0.031
19580,0.028
19590,0.032
19600,0.038
19610,0.027
19620,0.027
19630,0.028
19640,0.032
19650,0.041
19660,0.028
19670,0.020
19680,0.023
19690,0.028
19700,0.027
19710,0.031
19720,0.030
19730,0.024
19740,0.034
19750,0.035
19760,0.035
19770,0.037
19780,0.032
19790,0.045
19800,0.041
19810,0.034
19820,0.030
19830,0.026
19840,0.032
19850,0.030
19860,0.028
19870,0.028
19880,0.039
19890,0.038
19900,0.035
19910,0.039
19920,0.031
19930,0.020
19940,0.024
19950,0.020
19960,0.026
19970,0.031
19980,0.037
19990,0.034
20000,0.032
