# time, fQ
0,1.000
10,0.946
20,0.934
30,0.923
40,0.907
50,0.911
60,0.909
70,0.889
80,0.897
90,0.876
100,0.873
110,0.896
120,0.909
130,0.903
140,0.903
150,0.876
160,0.889
170,0.876
180,0.871
190,0.863
200,0.848
210,0.851
220,0.853
230,0.851
240,0.869
250,0.863
260,0.861
270,0.871
280,0.846
290,0.853
300,0.858
310,0.877
320,0.896
330,0.882
340,0.871
350,0.889
360,0.873
370,0.873
380,0.869
390,0.871
400,0.885
410,0.853
420,0.870
430,0.866
440,0.842
450,0.873
460,0.844
470,0.843
480,0.828
490,0.842
500,0.838
510,0.828
520,0.813
530,0.829
540,0.808
550,0.812
560,0.816
570,0.824
580,0.834
590,0.819
600,0.819
610,0.816
620,0.809
630,0.815
640,0.820
650,0.829
660,0.843
670,0.834
680,0.835
690,0.836
700,0.815
710,0.808
720,0.801
730,0.798
740,0.820
750,0.823
760,0.809
770,0.828
780,0.812
790,0.816
800,0.817
810,0.820
820,0.828
830,0.800
840,0.819
850,0.809
860,0.821
870,0.805
880,0.775
890,0.793
900,0.817
910,0.812
920,0.817
930,0.836
940,0.828
950,0.809
960,0.808
970,0.806
980,0.809
990,0.790
1000,0.806
1010,0.816
1020,0.823
1030,0.829
1040,0.835
1050,0.813
1060,0.801
1070,0.798
1080,0.815
1090,0.778
1100,0.777
1110,0.770
1120,0.758
1130,0.755
1140,0.774
1150,0.781
1160,0.774
1170,0.742
1180,0.752
1190,0.743
1200,0.744
1210,0.777
1220,0.733
1230,0.750
1240,0.775
1250,0.759
1260,0.762
1270,0.790
1280,0.779
1290,0.775
1300,0.783
1310,0.750
1320,0.788
1330,0.796
1340,0.777
1350,0.796
1360,0.781
1370,0.765
1380,0.759
1390,0.782
1400,0.782
1410,0.751
1420,0.786
1430,0.759
1440,0.766
1450,0.742
1460,0.743
1470,0.769
1480,0.771
1490,0.792
1500,0.758
1510,0.756
1520,0.752
1530,0.771
1540,0.732
1550,0.728
1560,0.770
1570,0.778
1580,0.744
1590,0.769
1600,0.786
1610,0.766
1620,0.759
1630,0.750
1640,0.773
1650,0.754
1660,0.781
1670,0.770
1680,0.798
1690,0.758
1700,0.775
1710,0.763
1720,0.775
1730,0.751
1740,0.763
1750,0.750
1760,0.743
1770,0.742
1780,0.756
1790,0.755
1800,0.747
1810,0.750
1820,0.758
1830,0.740
1840,0.743
1850,0.736
1860,0.731
1870,0.728
1880,0.725
1890,0.723
1900,0.725
1910,0.719
1920,0.750
1930,0.737
1940,0.771
1950,0.760
1960,0.755
1970,0.770
1980,0.733
1990,0.752
2000,0.765
2010,0.748
2020,0.759
2030,0.777
2040,0.777
2050,0.767
2060,0.763
2070,0.765
2080,0.774
2090,0.775
2100,0.789
2110,0.771
2120,0.781
2130,0.792
2140,0.763
2150,0.765
2160,0.777
2170,0.773
2180,0.777
2190,0.778
2200,0.804
2210,0.769
2220,0.774
2230,0.747
2240,0.762
2250,0.765
2260,0.737
2270,0.744
2280,0.759
2290,0.747
2300,0.777
2310,0.744
2320,0.750
2330,0.723
2340,0.740
2350,0.731
2360,0.742
2370,0.751
2380,0.737
2390,0.740
2400,0.729
2410,0.720
2420,0.716
2430,0.725
2440,0.710
2450,0.737
2460,0.750
2470,0.737
2480,0.747
2490,0.746
2500,0.758
2510,0.751
2520,0.763
2530,0.754
2540,0.763
2550,0.770
2560,0.758
2570,0.759
2580,0.755
2590,0.751
2600,0.765
2610,0.758
2620,0.760
2630,0.759
2640,0.751
2650,0.785
2660,0.751
2670,0.751
2680,0.755
2690,0.758
2700,0.760
2710,0.773
2720,0.762
2730,0.754
2740,0.751
2750,0.733
2760,0.742
2770,0.756
2780,0.746
2790,0.743
2800,0.743
2810,0.744
2820,0.747
2830,0.743
2840,0.737
2850,0.748
2860,0.736
2870,0.759
2880,0.742
2890,0.746
2900,0.770
2910,0.769
2920,0.756
2930,0.771
2940,0.746
2950,0.705
2960,0.705
2970,0.717
2980,0.712
2990,0.705
3000,0.702
3010,0.712
3020,0.696
3030,0.720
3040,0.700
3050,0.694
3060,0.720
3070,0.710
3080,0.690
3090,0.663
3100,0.641
3110,0.641
3120,0.655
3130,0.675
3140,0.678
3150,0.675
3160,0.663
3170,0.685
3180,0.679
3190,0.686
3200,0.675
3210,0.687
3220,0.677
3230,0.678
3240,0.683
3250,0.674
3260,0.698
3270,0.685
3280,0.678
3290,0.670
3300,0.713
3310,0.714
3320,0.700
3330,0.714
3340,0.712
3350,0.709
3360,0.700
3370,0.686
3380,0.681
3390,0.682
3400,0.678
3410,0.670
3420,0.677
3430,0.673
3440,0.691
3450,0.648
3460,0.670
3470,0.647
3480,0.645
3490,0.677
3500,0.652
3510,0.664
3520,0.670
3530,0.667
3540,0.663
3550,0.674
3560,0.675
3570,0.663
3580,0.648
3590,0.663
3600,0.662
3610,0.655
3620,0.660
3630,0.640
3640,0.639
3650,0.637
3660,0.652
3670,0.679
3680,0.682
3690,0.674
3700,0.662
3710,0.664
3720,0.656
3730,0.643
3740,0.667
3750,0.679
3760,0.687
3770,0.648
3780,0.652
3790,0.648
3800,0.668
3810,0.670
3820,0.664
3830,0.667
3840,0.664
3850,0.693
3860,0.663
3870,0.652
3880,0.671
3890,0.641
3900,0.658
3910,0.679
3920,0.654
3930,0.687
3940,0.651
3950,0.662
3960,0.670
3970,0.660
3980,0.655
3990,0.673
4000,0.679
4010,0.668
4020,0.666
4030,0.647
4040,0.647
4050,0.662
4060,0.689
4070,0.652
4080,0.655
4090,0.645
4100,0.659
4110,0.673
4120,0.675
4130,0.659
4140,0.667
4150,0.650
4160,0.655
4170,0.677
4180,0.662
4190,0.674
4200,0.664
4210,0.675
4220,0.674
4230,0.683
4240,0.681
4250,0.683
4260,0.666
4270,0.659
4280,0.667
4290,0.670
4300,0.679
4310,0.662
4320,0.644
4330,0.677
4340,0.671
4350,0.652
4360,0.651
4370,0.667
4380,0.673
4390,0.659
4400,0.663
4410,0.650
4420,0.654
4430,0.656
4440,0.660
4450,0.668
4460,0.643
4470,0.618
4480,0.624
4490,0.622
4500,0.627
4510,0.617
4520,0.624
4530,0.606
4540,0.590
4550,0.627
4560,0.633
4570,0.622
4580,0.602
4590,0.616
4600,0.631
4610,0.635
4620,0.605
4630,0.616
4640,0.613
4650,0.602
4660,0.602
4670,0.613
4680,0.591
4690,0.618
4700,0.604
4710,0.605
4720,0.617
4730,0.608
4740,0.587
4750,0.616
4760,0.622
4770,0.613
4780,0.614
4790,0.614
4800,0.605
4810,0.597
4820,0.599
4830,0.608
4840,0.617
4850,0.594
4860,0.617
4870,0.602
4880,0.617
4890,0.612
4900,0.622
4910,0.622
4920,0.610
4930,0.605
4940,0.599
4950,0.613
4960,0.578
4970,0.595
4980,0.612
4990,0.593
5000,0.622
5010,0.598
5020,0.585
5030,0.598
5040,0.599
5050,0.609
5060,0.609
5070,0.572
5080,0.595
5090,0.593
5100,0.576
5110,0.579
5120,0.574
5130,0.568
5140,0.585
5150,0.585
5160,0.568
5170,0.587
5180,0.576
5190,0.594
5200,0.552
5210,0.564
5220,0.568
5230,0.571
5240,0.574
5250,0.566
5260,0.591
5270,0.581
5280,0.567
5290,0.566
5300,0.582
5310,0.560
5320,0.568
5330,0.581
5340,0.608
5350,0.614
5360,0.608
5370,0.617
5380,0.594
5390,0.597
5400,0.598
5410,0.594
5420,0.590
5430,0.590
5440,0.576
5450,0.582
5460,0.574
5470,0.599
5480,0.586
5490,0.593
5500,0.578
5510,0.572
5520,0.582
5530,0.570
5540,0.559
5550,0.568
5560,0.549
5570,0.570
5580,0.568
5590,0.578
5600,0.583
5610,0.576
5620,0.575
5630,0.579
5640,0.567
5650,0.560
5660,0.589
5670,0.574
5680,0.578
5690,0.582
5700,0.571
5710,0.583
5720,0.597
5730,0.574
5740,0.572
5750,0.556
5760,0.567
5770,0.568
5780,0.558
5790,0.540
5800,0.540
5810,0.547
5820,0.568
5830,0.549
5840,0.543
5850,0.545
5860,0.522
5870,0.539
5880,0.529
5890,0.530
5900,0.520
5910,0.535
5920,0.517
5930,0.510
5940,0.521
5950,0.537
5960,0.540
5970,0.526
5980,0.510
5990,0.525
6000,0.520
6010,0.498
6020,0.495
6030,0.502
6040,0.517
6050,0.488
6060,0.537
6070,0.556
6080,0.539
6090,0.537
6100,0.533
6110,0.541
6120,0.562
6130,0.535
6140,0.525
6150,0.510
6160,0.514
6170,0.518
6180,0.517
6190,0.509
6200,0.507
6210,0.514
6220,0.525
6230,0.540
6240,0.525
6250,0.495
6260,0.510
6270,0.522
6280,0.501
6290,0.501
6300,0.513
6310,0.486
6320,0.509
6330,0.516
6340,0.532
6350,0.517
6360,0.520
6370,0.522
6380,0.525
6390,0.552
6400,0.541
6410,0.535
6420,0.549
6430,0.536
6440,0.555
6450,0.560
6460,0.541
6470,0.521
6480,0.528
6490,0.528
6500,0.539
6510,0.533
6520,0.517
6530,0.498
6540,0.520
6550,0.520
6560,0.520
6570,0.501
6580,0.507
6590,0.518
6600,0.505
6610,0.528
6620,0.525
6630,0.541
6640,0.528
6650,0.516
6660,0.536
6670,0.518
6680,0.499
6690,0.503
6700,0.498
6710,0.507
6720,0.506
6730,0.495
6740,0.488
6750,0.499
6760,0.518
6770,0.503
6780,0.503
6790,0.499
6800,0.499
6810,0.505
6820,0.498
6830,0.505
6840,0.506
6850,0.499
6860,0.503
6870,0.518
6880,0.498
6890,0.518
6900,0.502
6910,0.524
6920,0.510
6930,0.505
6940,0.505
6950,0.518
6960,0.514
6970,0.509
6980,0.497
6990,0.483
7000,0.491
7010,0.482
7020,0.482
7030,0.483
7040,0.475
7050,0.465
7060,0.480
7070,0.488
7080,0.484
7090,0.502
7100,0.490
7110,0.507
7120,0.499
7130,0.486
7140,0.497
7150,0.510
7160,0.495
7170,0.474
7180,0.478
7190,0.468
7200,0.474
7210,0.483
7220,0.493
7230,0.506
7240,0.483
7250,0.510
7260,0.521
7270,0.530
7280,0.522
7290,0.518
7300,0.505
7310,0.516
7320,0.517
7330,0.526
7340,0.517
7350,0.506
7360,0.507
7370,0.530
7380,0.513
7390,0.544
7400,0.526
7410,0.529
7420,0.529
7430,0.518
7440,0.526
7450,0.524
7460,0.518
7470,0.512
7480,0.516
7490,0.513
7500,0.482
7510,0.503
7520,0.507
7530,0.501
7540,0.479
7550,0.490
7560,0.483
7570,0.491
7580,0.486
7590,0.512
7600,0.502
7610,0.525
7620,0.517
7630,0.520
7640,0.518
7650,0.514
7660,0.524
7670,0.528
7680,0.547
7690,0.525
7700,0.520
7710,0.518
7720,0.533
7730,0.501
7740,0.520
7750,0.498
7760,0.491
7770,0.487
7780,0.499
7790,0.495
7800,0.475
7810,0.501
7820,0.475
7830,0.486
7840,0.476
7850,0.490
7860,0.465
7870,0.488
7880,0.476
7890,0.488
7900,0.506
7910,0.482
7920,0.482
7930,0.484
7940,0.487
7950,0.479
7960,0.457
7970,0.471
7980,0.488
7990,0.465
8000,0.484
8010,0.476
8020,0.486
8030,0.465
8040,0.493
8050,0.474
8060,0.479
8070,0.476
8080,0.465
8090,0.486
8100,0.479
8110,0.470
8120,0.460
8130,0.480
8140,0.476
8150,0.486
8160,0.476
8170,0.483
8180,0.490
8190,0.461
8200,0.453
8210,0.480
8220,0.467
8230,0.479
8240,0.480
8250,0.474
8260,0.471
8270,0.475
8280,0.474
8290,0.480
8300,0.501
8310,0.510
8320,0.498
8330,0.505
8340,0.506
8350,0.484
8360,0.498
8370,0.512
8380,0.503
8390,0.505
8400,0.509
8410,0.486
8420,0.478
8430,0.467
8440,0.488
8450,0.486
8460,0.486
8470,0.471
8480,0.476
8490,0.486
8500,0.474
8510,0.482
8520,0.506
8530,0.471
8540,0.482
8550,0.471
8560,0.479
8570,0.484
8580,0.459
8590,0.451
8600,0.457
8610,0.463
8620,0.468
8630,0.467
8640,0.459
8650,0.457
8660,0.478
8670,0.465
8680,0.461
8690,0.464
8700,0.460
8710,0.475
8720,0.478
8730,0.472
8740,0.486
8750,0.468
8760,0.449
8770,0.463
8780,0.460
8790,0.452
8800,0.487
8810,0.484
8820,0.470
8830,0.488
8840,0.467
8850,0.471
8860,0.475
8870,0.468
8880,0.470
8890,0.468
8900,0.457
8910,0.457
8920,0.457
8930,0.447
8940,0.441
8950,0.460
8960,0.453
8970,0.457
8980,0.476
8990,0.449
9000,0.463
9010,0.457
9020,0.453
9030,0.442
9040,0.448
9050,0.445
9060,0.432
9070,0.440
9080,0.434
9090,0.442
9100,0.441
9110,0.453
9120,0.438
9130,0.437
9140,0.434
9150,0.438
9160,0.452
9170,0.451
9180,0.437
9190,0.453
9200,0.434
9210,0.445
9220,0.452
9230,0.419
9240,0.438
9250,0.434
9260,0.451
9270,0.463
9280,0.441
9290,0.459
9300,0.470
9310,0.494
9320,0.468
9330,0.465
9340,0.467
9350,0.440
9360,0.452
9370,0.449
9380,0.429
9390,0.452
9400,0.460
9410,0.475
9420,0.475
9430,0.453
9440,0.461
9450,0.460
9460,0.478
9470,0.457
9480,0.441
9490,0.459
9500,0.465
9510,0.467
9520,0.455
9530,0.452
9540,0.452
9550,0.451
9560,0.444
9570,0.453
9580,0.475
9590,0.456
9600,0.455
9610,0.456
9620,0.442
9630,0.447
9640,0.452
9650,0.426
9660,0.429
9670,0.434
9680,0.449
9690,0.428
9700,0.436
9710,0.402
9720,0.398
9730,0.418
9740,0.433
9750,0.417
9760,0.417
9770,0.386
9780,0.407
9790,0.428
9800,0.422
9810,0.425
9820,0.426
9830,0.409
9840,0.398
9850,0.406
9860,0.376
9870,0.405
9880,0.414
9890,0.425
9900,0.434
9910,0.430
9920,0.433
9930,0.428
9940,0.434
9950,0.422
9960,0.406
9970,0.422
9980,0.434
9990,0.417
10000,0.410
10010,0.399
10020,0.406
10030,0.433
10040,0.422
10050,0.417
10060,0.422
10070,0.425
10080,0.405
10090,0.405
10100,0.407
10110,0.417
10120,0.407
10130,0.425
10140,0.399
10150,0.413
10160,0.421
10170,0.421
10180,0.422
10190,0.419
10200,0.410
10210,0.417
10220,0.405
10230,0.406
10240,0.401
10250,0.382
10260,0.398
10270,0.409
10280,0.382
10290,0.399
10300,0.394
10310,0.394
10320,0.384
10330,0.386
10340,0.403
10350,0.401
10360,0.387
10370,0.394
10380,0.406
10390,0.403
10400,0.392
10410,0.384
10420,0.387
10430,0.390
10440,0.373
10450,0.369
10460,0.364
10470,0.372
10480,0.376
10490,0.375
10500,0.375
10510,0.379
10520,0.383
10530,0.382
10540,0.372
10550,0.365
10560,0.375
10570,0.375
10580,0.350
10590,0.367
10600,0.380
10610,0.383
10620,0.386
10630,0.368
10640,0.367
10650,0.368
10660,0.388
10670,0.376
10680,0.376
10690,0.392
10700,0.399
10710,0.373
10720,0.382
10730,0.375
10740,0.387
10750,0.388
10760,0.395
10770,0.372
10780,0.378
10790,0.363
10800,0.356
10810,0.383
10820,0.372
10830,0.369
10840,0.371
10850,0.375
10860,0.390
10870,0.384
10880,0.390
10890,0.369
10900,0.361
10910,0.346
10920,0.361
10930,0.364
10940,0.353
10950,0.345
10960,0.350
10970,0.329
10980,0.345
10990,0.368
11000,0.349
11010,0.344
11020,0.356
11030,0.352
11040,0.367
11050,0.350
11060,0.334
11070,0.338
11080,0.356
11090,0.344
11100,0.333
11110,0.327
11120,0.341
11130,0.341
11140,0.334
11150,0.326
11160,0.334
11170,0.318
11180,0.333
11190,0.315
11200,0.349
11210,0.355
11220,0.340
11230,0.336
11240,0.344
11250,0.329
11260,0.334
11270,0.333
11280,0.330
11290,0.338
11300,0.327
11310,0.338
11320,0.349
11330,0.338
11340,0.360
11350,0.359
11360,0.338
11370,0.337
11380,0.327
11390,0.327
11400,0.333
11410,0.329
11420,0.336
11430,0.321
11440,0.340
11450,0.326
11460,0.338
11470,0.334
11480,0.344
11490,0.329
11500,0.346
11510,0.337
11520,0.332
11530,0.330
11540,0.338
11550,0.338
11560,0.346
11570,0.344
11580,0.344
11590,0.338
11600,0.330
11610,0.336
11620,0.337
11630,0.340
11640,0.338
11650,0.326
11660,0.329
11670,0.322
11680,0.317
11690,0.327
11700,0.322
11710,0.327
11720,0.346
11730,0.329
11740,0.321
11750,0.321
11760,0.306
11770,0.298
11780,0.296
11790,0.310
11800,0.314
11810,0.313
11820,0.303
11830,0.298
11840,0.306
11850,0.311
11860,0.292
11870,0.291
11880,0.294
11890,0.309
11900,0.287
11910,0.317
11920,0.296
11930,0.309
11940,0.327
11950,0.319
11960,0.325
11970,0.311
11980,0.296
11990,0.281
12000,0.288
12010,0.303
12020,0.296
12030,0.292
12040,0.300
12050,0.302
12060,0.300
12070,0.313
12080,0.300
12090,0.315
12100,0.321
12110,0.326
12120,0.326
12130,0.319
12140,0.326
12150,0.321
12160,0.323
12170,0.323
12180,0.325
12190,0.322
12200,0.294
12210,0.314
12220,0.295
12230,0.321
12240,0.338
12250,0.315
12260,0.332
12270,0.321
12280,0.341
12290,0.337
12300,0.342
12310,0.346
12320,0.333
12330,0.332
12340,0.325
12350,0.329
12360,0.333
12370,0.321
12380,0.313
12390,0.321
12400,0.306
12410,0.310
12420,0.321
12430,0.310
12440,0.307
12450,0.292
12460,0.296
12470,0.292
12480,0.304
12490,0.279
12500,0.291
12510,0.288
12520,0.287
12530,0.279
12540,0.286
12550,0.291
12560,0.264
12570,0.284
12580,0.304
12590,0.286
12600,0.281
12610,0.284
12620,0.273
12630,0.284
12640,0.288
12650,0.296
12660,0.292
12670,0.291
12680,0.287
12690,0.283
12700,0.269
12710,0.275
12720,0.272
12730,0.277
12740,0.271
12750,0.265
12760,0.253
12770,0.260
12780,0.254
12790,0.257
12800,0.264
12810,0.269
12820,0.263
12830,0.256
12840,0.277
12850,0.269
12860,0.263
12870,0.252
12880,0.246
12890,0.257
12900,0.252
12910,0.260
12920,0.272
12930,0.267
12940,0.257
12950,0.257
12960,0.269
12970,0.249
12980,0.257
12990,0.252
13000,0.253
13010,0.218
13020,0.223
13030,0.252
13040,0.256
13050,0.258
13060,0.250
13070,0.238
13080,0.249
13090,0.227
13100,0.226
13110,0.231
13120,0.248
13130,0.233
13140,0.233
13150,0.225
13160,0.211
13170,0.207
13180,0.227
13190,0.230
13200,0.235
13210,0.241
13220,0.252
13230,0.233
13240,0.226
13250,0.221
13260,0.240
13270,0.222
13280,0.233
13290,0.226
13300,0.241
13310,0.244
13320,0.218
13330,0.218
13340,0.211
13350,0.202
13360,0.206
13370,0.214
13380,0.217
13390,0.211
13400,0.215
13410,0.207
13420,0.210
13430,0.211
13440,0.206
13450,0.206
13460,0.226
13470,0.222
13480,0.218
13490,0.222
13500,0.207
13510,0.225
13520,0.218
13530,0.230
13540,0.225
13550,0.226
13560,0.240
13570,0.212
13580,0.211
13590,0.223
13600,0.218
13610,0.215
13620,0.225
13630,0.227
13640,0.230
13650,0.219
13660,0.207
13670,0.229
13680,0.214
13690,0.211
13700,0.215
13710,0.219
13720,0.218
13730,0.202
13740,0.202
13750,0.210
13760,0.210
13770,0.202
13780,0.217
13790,0.211
13800,0.222
13810,0.200
13820,0.204
13830,0.206
13840,0.200
13850,0.196
13860,0.206
13870,0.194
13880,0.200
13890,0.188
13900,0.184
13910,0.171
13920,0.172
13930,0.171
13940,0.158
13950,0.154
13960,0.154
13970,0.164
13980,0.188
13990,0.191
14000,0.189
14010,0.184
14020,0.191
14030,0.180
14040,0.187
14050,0.185
14060,0.181
14070,0.173
14080,0.191
14090,0.179
14100,0.183
14110,0.173
14120,0.184
14130,0.179
14140,0.177
14150,0.175
14160,0.168
14170,0.172
14180,0.172
14190,0.165
14200,0.172
14210,0.172
14220,0.173
14230,0.157
14240,0.152
14250,0.147
14260,0.138
14270,0.169
14280,0.177
14290,0.177
14300,0.154
14310,0.165
14320,0.165
14330,0.157
14340,0.168
14350,0.162
14360,0.168
14370,0.173
14380,0.176
14390,0.166
14400,0.164
14410,0.164
14420,0.164
14430,0.149
14440,0.158
14450,0.153
14460,0.161
14470,0.150
14480,0.143
14490,0.152
14500,0.127
14510,0.134
14520,0.145
14530,0.150
14540,0.154
14550,0.141
14560,0.138
14570,0.139
14580,0.141
14590,0.146
14600,0.143
14610,0.137
14620,0.137
14630,0.139
14640,0.141
14650,0.129
14660,0.138
14670,0.139
14680,0.142
14690,0.131
14700,0.149
14710,0.130
14720,0.139
14730,0.135
14740,0.137
14750,0.139
14760,0.131
14770,0.152
14780,0.138
14790,0.131
14800,0.131
14810,0.139
14820,0.154
14830,0.142
14840,0.137
14850,0.153
14860,0.150
14870,0.141
14880,0.134
14890,0.149
14900,0.147
14910,0.138
14920,0.146
14930,0.135
14940,0.127
14950,0.141
14960,0.146
14970,0.145
14980,0.139
14990,0.141
15000,0.142
15010,0.146
15020,0.143
15030,0.122
15040,0.122
15050,0.123
15060,0.135
15070,0.133
15080,0.130
15090,0.134
15100,0.123
15110,0.126
15120,0.127
15130,0.130
15140,0.114
15150,0.126
15160,0.118
15170,0.120
15180,0.130
15190,0.135
15200,0.135
15210,0.134
15220,0.133
15230,0.141
15240,0.149
15250,0.138
15260,0.131
15270,0.133
15280,0.130
15290,0.127
15300,0.123
15310,0.122
15320,0.124
15330,0.129
15340,0.127
15350,0.142
15360,0.126
15370,0.122
15380,0.134
15390,0.127
15400,0.130
15410,0.127
15420,0.138
15430,0.130
15440,0.129
15450,0.126
15460,0.124
15470,0.116
15480,0.118
15490,0.122
15500,0.115
15510,0.103
15520,0.107
15530,0.103
15540,0.112
15550,0.108
15560,0.110
15570,0.122
15580,0.120
15590,0.126
15600,0.123
15610,0.118
15620,0.130
15630,0.145
15640,0.131
15650,0.126
15660,0.130
15670,0.120
15680,0.129
15690,0.127
15700,0.110
15710,0.137
15720,0.127
15730,0.129
15740,0.135
15750,0.137
15760,0.143
15770,0.135
15780,0.131
15790,0.127
15800,0.123
15810,0.127
15820,0.124
15830,0.122
15840,0.124
15850,0.118
15860,0.134
15870,0.145
15880,0.141
15890,0.147
15900,0.127
15910,0.129
15920,0.130
15930,0.123
15940,0.127
15950,0.130
15960,0.139
15970,0.131
15980,0.127
15990,0.134
16000,0.131
16010,0.145
16020,0.129
16030,0.131
16040,0.129
16050,0.127
16060,0.135
16070,0.135
16080,0.131
16090,0.131
16100,0.126
16110,0.115
16120,0.095
16130,0.106
16140,0.112
16150,0.115
16160,0.127
16170,0.120
16180,0.119
16190,0.114
16200,0.107
16210,0.115
16220,0.106
16230,0.111
16240,0.103
16250,0.108
16260,0.110
16270,0.114
16280,0.118
16290,0.112
16300,0.110
16310,0.106
16320,0.115
16330,0.110
16340,0.106
16350,0.104
16360,0.112
16370,0.118
16380,0.110
16390,0.107
16400,0.103
16410,0.108
16420,0.107
16430,0.120
16440,0.116
16450,0.118
16460,0.118
16470,0.096
16480,0.103
16490,0.112
16500,0.110
16510,0.104
16520,0.123
16530,0.110
16540,0.115
16550,0.110
16560,0.107
16570,0.112
16580,0.115
16590,0.112
16600,0.114
16610,0.116
16620,0.123
16630,0.142
16640,0.127
16650,0.115
16660,0.114
16670,0.119
16680,0.118
16690,0.122
16700,0.115
16710,0.119
16720,0.126
16730,0.115
16740,0.118
16750,0.131
16760,0.115
16770,0.110
16780,0.122
16790,0.112
16800,0.120
16810,0.122
16820,0.111
16830,0.093
16840,0.091
16850,0.091
16860,0.092
16870,0.096
16880,0.093
16890,0.110
16900,0.116
16910,0.111
16920,0.116
16930,0.120
16940,0.111
16950,0.111
16960,0.118
16970,0.115
16980,0.106
16990,0.119
17000,0.114
17010,0.123
17020,0.110
17030,0.126
17040,0.120
17050,0.118
17060,0.123
17070,0.119
17080,0.122
17090,0.119
17100,0.126
17110,0.116
17120,0.110
17130,0.124
17140,0.106
17150,0.106
17160,0.107
17170,0.104
17180,0.100
17190,0.104
17200,0.104
17210,0.095
17220,0.092
17230,0.088
17240,0.089
17250,0.080
17260,0.073
17270,0.076
17280,0.085
17290,0.088
17300,0.092
17310,0.085
17320,0.099
17330,0.088
17340,0.080
17350,0.089
17360,0.084
17370,0.099
17380,0.085
17390,0.092
17400,0.089
17410,0.095
17420,0.106
17430,0.106
17440,0.089
17450,0.089
17460,0.088
17470,0.108
17480,0.097
17490,0.116
17500,0.101
17510,0.108
17520,0.099
17530,0.087
17540,0.100
17550,0.106
17560,0.088
17570,0.095
17580,0.096
17590,0.084
17600,0.073
17610,0.080
17620,0.083
17630,0.080
17640,0.068
17650,0.076
17660,0.076
17670,0.083
17680,0.085
17690,0.092
17700,0.088
17710,0.099
17720,0.095
17730,0.085
17740,0.084
17750,0.087
17760,0.092
17770,0.088
17780,0.081
17790,0.091
17800,0.088
17810,0.089
17820,0.097
17830,0.093
17840,0.087
17850,0.084
17860,0.085
17870,0.091
17880,0.070
17890,0.080
17900,0.076
17910,0.081
17920,0.081
17930,0.081
17940,0.072
17950,0.073
17960,0.077
17970,0.073
17980,0.076
17990,0.065
18000,0.069
18010,0.066
18020,0.070
18030,0.064
18040,0.078
18050,0.080
18060,0.083
18070,0.069
18080,0.074
18090,0.072
18100,0.072
18110,0.066
18120,0.069
18130,0.068
18140,0.072
18150,0.065
18160,0.068
18170,0.066
18180,0.055
18190,0.065
18200,0.064
18210,0.073
18220,0.078
18230,0.069
18240,0.069
18250,0.064
18260,0.069
18270,0.069
18280,0.065
18290,0.069
18300,0.066
18310,0.057
18320,0.064
18330,0.053
18340,0.058
18350,0.057
18360,0.055
18370,0.057
18380,0.061
18390,0.054
18400,0.054
18410,0.050
18420,0.046
18430,0.050
18440,0.042
18450,0.054
18460,0.041
18470,0.054
18480,0.053
18490,0.054
18500,0.054
18510,0.045
18520,0.039
18530,0.051
18540,0.038
18550,0.032
18560,0.039
18570,0.046
18580,0.030
18590,0.039
18600,0.031
18610,0.038
18620,0.038
18630,0.043
18640,0.045
18650,0.047
18660,0.046
18670,0.041
18680,0.035
18690,0.035
18700,0.043
18710,0.039
18720,0.031
18730,0.038
18740,0.030
18750,0.031
18760,0.027
18770,0.032
18780,0.043
18790,0.039
18800,0.038
18810,0.031
18820,0.039
18830,0.027
18840,0.030
18850,0.037
18860,0.045
18870,0.035
18880,0.042
18890,0.049
18900,0.050
18910,0.055
18920,0.047
18930,0.054
18940,0.065
18950,0.062
18960,0.047
18970,0.041
18980,0.042
18990,0.053
19000,0.053
19010,0.043
19020,0.035
19030,0.039
19040,0.032
19050,0.038
19060,0.037
19070,0.039
19080,0.035
19090,0.032
19100,0.035
19110,0.031
19120,0.041
19130,0.031
19140,0.038
19150,0.041
19160,0.039
19170,0.041
19180,0.034
19190,0.034
19200,0.030
19210,0.042
19220,0.055
19230,0.046
19240,0.043
19250,0.051
19260,0.050
19270,0.049
19280,0.039
19290,0.046
19300,0.045
19310,0.037
19320,0.030
19330,0.034
19340,0.045
19350,0.045
19360,0.045
19370,0.042
19380,0.039
19390,0.041
19400,0.049
19410,0.051
19420,0.046
19430,0.047
19440,0.053
19450,0.058
19460,0.047
19470,0.049
19480,0.061
19490,0.058
19500,0.057
19510,0.060
19520,0.064
19530,0.060
19540,0.064
19550,0.058
19560,0.060
19570,0.062
19580,0.057
19590,0.062
19600,0.073
19610,0.062
19620,0.064
19630,0.051
19640,0.053
19650,0.051
19660,0.050
19670,0.050
19680,0.045
19690,0.035
19700,0.034
19710,0.037
19720,0.032
19730,0.034
19740,0.034
19750,0.030
19760,0.028
19770,0.038
19780,0.039
19790,0.037
19800,0.032
19810,0.043
19820,0.041
19830,0.037
19840,0.038
19850,0.037
19860,0.034
19870,0.045
19880,0.031
19890,0.035
19900,0.041
19910,0.027
19920,0.026
19930,0.030
19940,0.041
19950,0.030
19960,0.032
19970,0.028
19980,0.032
19990,0.031
20000,0.026
