# time, fQ
0,1.000
10,0.965
20,0.984
30,0.951
40,0.936
50,0.939
60,0.912
70,0.923
80,0.911
90,0.870
100,0.896
110,0.900
120,0.912
130,0.915
140,0.897
150,0.900
160,0.890
170,0.861
180,0.876
190,0.877
200,0.901
210,0.876
220,0.890
230,0.884
240,0.900
250,0.901
260,0.886
270,0.884
280,0.867
290,0.899
300,0.876
310,0.862
320,0.880
330,0.871
340,0.863
350,0.870
360,0.866
370,0.853
380,0.854
390,0.844
400,0.847
410,0.857
420,0.853
430,0.877
440,0.867
450,0.886
460,0.907
470,0.894
480,0.881
490,0.892
500,0.890
510,0.873
520,0.890
530,0.880
540,0.878
550,0.882
560,0.870
570,0.869
580,0.848
590,0.831
600,0.839
610,0.844
620,0.832
630,0.829
640,0.804
650,0.832
660,0.836
670,0.825
680,0.804
690,0.844
700,0.834
710,0.817
720,0.816
730,0.840
740,0.828
750,0.846
760,0.835
770,0.823
780,0.823
790,0.801
800,0.817
810,0.824
820,0.817
830,0.809
840,0.800
850,0.808
860,0.790
870,0.804
880,0.819
890,0.802
900,0.829
910,0.832
920,0.825
930,0.824
940,0.815
950,0.820
960,0.820
970,0.824
980,0.805
990,0.796
1000,0.827
1010,0.834
1020,0.820
1030,0.829
1040,0.842
1050,0.823
1060,0.809
1070,0.857
1080,0.838
1090,0.848
1100,0.838
1110,0.831
1120,0.827
1130,0.824
1140,0.835
1150,0.815
1160,0.827
1170,0.840
1180,0.854
1190,0.835
1200,0.867
1210,0.871
1220,0.876
1230,0.859
1240,0.858
1250,0.870
1260,0.854
1270,0.832
1280,0.858
1290,0.824
1300,0.843
1310,0.851
1320,0.847
1330,0.846
1340,0.825
1350,0.857
1360,0.816
1370,0.836
1380,0.831
1390,0.832
1400,0.820
1410,0.816
1420,0.808
1430,0.813
1440,0.816
1450,0.820
1460,0.813
1470,0.805
1480,0.783
1490,0.823
1500,0.801
1510,0.800
1520,0.792
1530,0.792
1540,0.804
1550,0.817
1560,0.808
1570,0.820
1580,0.816
1590,0.827
1600,0.827
1610,0.816
1620,0.832
1630,0.811
1640,0.812
1650,0.812
1660,0.820
1670,0.811
1680,0.825
1690,0.815
1700,0.820
1710,0.831
1720,0.819
1730,0.835
1740,0.825
1750,0.838
1760,0.832
1770,0.839
1780,0.820
1790,0.800
1800,0.788
1810,0.815
1820,0.812
1830,0.844
1840,0.825
1850,0.823
1860,0.821
1870,0.823
1880,0.848
1890,0.823
1900,0.842
1910,0.835
1920,0.828
1930,0.815
1940,0.839
1950,0.821
1960,0.821
1970,0.811
1980,0.831
1990,0.823
2000,0.804
2010,0.824
2020,0.806
2030,0.817
2040,0.815
2050,0.823
2060,0.839
2070,0.800
2080,0.831
2090,0.828
2100,0.825
2110,0.808
2120,0.801
2130,0.789
2140,0.793
2150,0.777
2160,0.793
2170,0.782
2180,0.762
2190,0.760
2200,0.777
2210,0.773
2220,0.778
2230,0.788
2240,0.771
2250,0.763
2260,0.769
2270,0.767
2280,0.759
2290,0.759
2300,0.752
2310,0.760
2320,0.750
2330,0.752
2340,0.754
2350,0.743
2360,0.724
2370,0.720
2380,0.739
2390,0.744
2400,0.735
2410,0.746
2420,0.778
2430,0.765
2440,0.767
2450,0.760
2460,0.765
2470,0.759
2480,0.760
2490,0.733
2500,0.747
2510,0.735
2520,0.760
2530,0.721
2540,0.755
2550,0.751
2560,0.755
2570,0.733
2580,0.767
2590,0.781
2600,0.778
2610,0.760
2620,0.766
2630,0.756
2640,0.767
2650,0.755
2660,0.751
2670,0.775
2680,0.762
2690,0.765
2700,0.762
2710,0.747
2720,0.748
2730,0.766
2740,0.758
2750,0.762
2760,0.750
2770,0.751
2780,0.775
2790,0.786
2800,0.813
2810,0.798
2820,0.792
2830,0.808
2840,0.828
2850,0.813
2860,0.796
2870,0.801
2880,0.801
2890,0.792
2900,0.801
2910,0.769
2920,0.774
2930,0.798
2940,0.788
2950,0.811
2960,0.783
2970,0.794
2980,0.796
2990,0.792
3000,0.777
3010,0.779
3020,0.760
3030,0.781
3040,0.793
3050,0.777
3060,0.785
3070,0.770
3080,0.777
3090,0.781
3100,0.790
3110,0.782
3120,0.771
3130,0.762
3140,0.763
3150,0.733
3160,0.775
3170,0.762
3180,0.760
3190,0.751
3200,0.771
3210,0.781
3220,0.760
3230,0.763
3240,0.747
3250,0.736
3260,0.765
3270,0.747
3280,0.765
3290,0.778
3300,0.756
3310,0.760
3320,0.751
3330,0.751
3340,0.746
3350,0.752
3360,0.728
3370,0.724
3380,0.743
3390,0.727
3400,0.717
3410,0.732
3420,0.724
3430,0.747
3440,0.731
3450,0.737
3460,0.719
3470,0.746
3480,0.747
3490,0.737
3500,0.762
3510,0.763
3520,0.756
3530,0.754
3540,0.742
3550,0.748
3560,0.746
3570,0.758
3580,0.767
3590,0.778
3600,0.754
3610,0.747
3620,0.740
3630,0.739
3640,0.743
3650,0.760
3660,0.746
3670,0.737
3680,0.736
3690,0.731
3700,0.725
3710,0.733
3720,0.743
3730,0.731
3740,0.725
3750,0.728
3760,0.714
3770,0.716
3780,0.717
3790,0.705
3800,0.710
3810,0.713
3820,0.728
3830,0.713
3840,0.717
3850,0.721
3860,0.728
3870,0.748
3880,0.737
3890,0.721
3900,0.748
3910,0.727
3920,0.747
3930,0.725
3940,0.731
3950,0.723
3960,0.727
3970,0.732
3980,0.742
3990,0.727
4000,0.736
4010,0.712
4020,0.727
4030,0.729
4040,0.721
4050,0.719
4060,0.727
4070,0.720
4080,0.736
4090,0.723
4100,0.721
4110,0.728
4120,0.710
4130,0.723
4140,0.725
4150,0.744
4160,0.746
4170,0.733
4180,0.719
4190,0.720
4200,0.698
4210,0.724
4220,0.737
4230,0.735
4240,0.704
4250,0.702
4260,0.702
4270,0.701
4280,0.708
4290,0.671
4300,0.691
4310,0.716
4320,0.697
4330,0.705
4340,0.702
4350,0.714
4360,0.687
4370,0.705
4380,0.691
4390,0.708
4400,0.732
4410,0.717
4420,0.710
4430,0.727
4440,0.728
4450,0.725
4460,0.746
4470,0.736
4480,0.735
4490,0.736
4500,0.743
4510,0.737
4520,0.758
4530,0.728
4540,0.747
4550,0.735
4560,0.748
4570,0.748
4580,0.756
4590,0.743
4600,0.759
4610,0.744
4620,0.737
4630,0.755
4640,0.755
4650,0.748
4660,0.751
4670,0.754
4680,0.751
4690,0.758
4700,0.751
4710,0.746
4720,0.742
4730,0.724
4740,0.737
4750,0.731
4760,0.752
4770,0.756
4780,0.710
4790,0.717
4800,0.714
4810,0.719
4820,0.732
4830,0.721
4840,0.732
4850,0.717
4860,0.732
4870,0.701
4880,0.740
4890,0.732
4900,0.720
4910,0.721
4920,0.719
4930,0.713
4940,0.710
4950,0.719
4960,0.710
4970,0.700
4980,0.708
4990,0.709
5000,0.716
5010,0.714
5020,0.701
5030,0.716
5040,0.700
5050,0.697
5060,0.677
5070,0.674
5080,0.689
5090,0.677
5100,0.706
5110,0.704
5120,0.710
5130,0.686
5140,0.721
5150,0.717
5160,0.720
5170,0.743
5180,0.729
5190,0.704
5200,0.701
5210,0.706
5220,0.700
5230,0.704
5240,0.710
5250,0.696
5260,0.729
5270,0.690
5280,0.682
5290,0.705
5300,0.700
5310,0.716
5320,0.691
5330,0.704
5340,0.706
5350,0.724
5360,0.704
5370,0.690
5380,0.693
5390,0.732
5400,0.714
5410,0.733
5420,0.710
5430,0.697
5440,0.733
5450,0.720
5460,0.719
5470,0.735
5480,0.743
5490,0.735
5500,0.735
5510,0.731
5520,0.723
5530,0.731
5540,0.698
5550,0.732
5560,0.737
5570,0.732
5580,0.725
5590,0.729
5600,0.732
5610,0.727
5620,0.719
5630,0.717
5640,0.717
5650,0.705
5660,0.733
5670,0.723
5680,0.708
5690,0.693
5700,0.708
5710,0.719
5720,0.673
5730,0.696
5740,0.724
5750,0.713
5760,0.700
5770,0.728
5780,0.719
5790,0.735
5800,0.720
5810,0.716
5820,0.717
5830,0.743
5840,0.720
5850,0.751
5860,0.710
5870,0.731
5880,0.698
5890,0.701
5900,0.708
5910,0.705
5920,0.697
5930,0.728
5940,0.747
5950,0.752
5960,0.724
5970,0.735
5980,0.729
5990,0.717
6000,0.740
6010,0.714
6020,0.737
6030,0.744
6040,0.731
6050,0.721
6060,0.721
6070,0.735
6080,0.751
6090,0.731
6100,0.739
6110,0.728
6120,0.716
6130,0.728
6140,0.742
6150,0.732
6160,0.727
6170,0.725
6180,0.725
6190,0.751
6200,0.724
6210,0.702
6220,0.710
6230,0.701
6240,0.708
6250,0.710
6260,0.732
6270,0.701
6280,0.696
6290,0.709
6300,0.705
6310,0.704
6320,0.700
6330,0.717
6340,0.686
6350,0.656
6360,0.667
6370,0.655
6380,0.660
6390,0.663
6400,0.662
6410,0.666
6420,0.656
6430,0.637
6440,0.654
6450,0.690
6460,0.666
6470,0.682
6480,0.679
6490,0.675
6500,0.666
6510,0.659
6520,0.668
6530,0.654
6540,0.667
6550,0.689
6560,0.677
6570,0.667
6580,0.673
6590,0.675
6600,0.656
6610,0.647
6620,0.675
6630,0.667
6640,0.666
6650,0.674
6660,0.650
6670,0.685
6680,0.652
6690,0.629
6700,0.647
6710,0.655
6720,0.666
6730,0.683
6740,0.670
6750,0.658
6760,0.662
6770,0.645
6780,0.656
6790,0.651
6800,0.683
6810,0.673
6820,0.655
6830,0.673
6840,0.683
6850,0.705
6860,0.700
6870,0.694
6880,0.714
6890,0.716
6900,0.721
6910,0.751
6920,0.744
6930,0.744
6940,0.747
6950,0.739
6960,0.719
6970,0.739
6980,0.700
6990,0.732
7000,0.731
7010,0.719
7020,0.687
7030,0.697
7040,0.689
7050,0.713
7060,0.735
7070,0.744
7080,0.733
7090,0.742
7100,0.704
7110,0.721
7120,0.731
7130,0.725
7140,0.712
7150,0.728
7160,0.709
7170,0.716
7180,0.717
7190,0.731
7200,0.704
7210,0.710
7220,0.719
7230,0.712
7240,0.679
7250,0.694
7260,0.698
7270,0.686
7280,0.674
7290,0.658
7300,0.643
7310,0.675
7320,0.675
7330,0.636
7340,0.671
7350,0.683
7360,0.681
7370,0.662
7380,0.679
7390,0.673
7400,0.651
7410,0.675
7420,0.677
7430,0.674
7440,0.659
7450,0.641
7460,0.647
7470,0.639
7480,0.635
7490,0.679
7500,0.667
7510,0.645
7520,0.658
7530,0.632
7540,0.647
7550,0.666
7560,0.662
7570,0.670
7580,0.662
7590,0.671
7600,0.648
7610,0.633
7620,0.635
7630,0.650
7640,0.666
7650,0.652
7660,0.632
7670,0.627
7680,0.648
7690,0.618
7700,0.616
7710,0.627
7720,0.604
7730,0.606
7740,0.632
7750,0.594
7760,0.608
7770,0.617
7780,0.648
7790,0.618
7800,0.635
7810,0.622
7820,0.641
7830,0.631
7840,0.625
7850,0.652
7860,0.618
7870,0.627
7880,0.608
7890,0.616
7900,0.612
7910,0.579
7920,0.620
7930,0.605
7940,0.616
7950,0.594
7960,0.589
7970,0.587
7980,0.610
7990,0.598
8000,0.609
8010,0.624
8020,0.629
8030,0.624
8040,0.629
8050,0.640
8060,0.622
8070,0.622
8080,0.636
8090,0.639
8100,0.627
8110,0.613
8120,0.632
8130,0.625
8140,0.597
8150,0.597
8160,0.627
8170,0.640
8180,0.631
8190,0.613
8200,0.639
8210,0.641
8220,0.631
8230,0.633
8240,0.620
8250,0.643
8260,0.641
8270,0.641
8280,0.651
8290,0.632
8300,0.629
8310,0.641
8320,0.629
8330,0.621
8340,0.625
8350,0.627
8360,0.591
8370,0.604
8380,0.585
8390,0.582
8400,0.567
8410,0.567
8420,0.568
8430,0.558
8440,0.574
8450,0.559
8460,0.537
8470,0.552
8480,0.537
8490,0.570
8500,0.548
8510,0.547
8520,0.571
8530,0.572
8540,0.551
8550,0.563
8560,0.576
8570,0.571
8580,0.555
8590,0.547
8600,0.543
8610,0.510
8620,0.503
8630,0.503
8640,0.509
8650,0.510
8660,0.521
8670,0.529
8680,0.521
8690,0.536
8700,0.540
8710,0.526
8720,0.524
8730,0.535
8740,0.507
8750,0.520
8760,0.528
8770,0.524
8780,0.532
8790,0.536
8800,0.528
8810,0.506
8820,0.514
8830,0.499
8840,0.524
8850,0.499
8860,0.535
8870,0.528
8880,0.517
8890,0.522
8900,0.543
8910,0.547
8920,0.566
8930,0.528
8940,0.555
8950,0.518
8960,0.544
8970,0.555
8980,0.536
8990,0.545
9000,0.537
9010,0.543
9020,0.533
9030,0.521
9040,0.543
9050,0.544
9060,0.529
9070,0.532
9080,0.518
9090,0.514
9100,0.507
9110,0.503
9120,0.521
9130,0.513
9140,0.517
9150,0.516
9160,0.502
9170,0.507
9180,0.509
9190,0.507
9200,0.545
9210,0.535
9220,0.539
9230,0.559
9240,0.552
9250,0.581
9260,0.555
9270,0.574
9280,0.555
9290,0.567
9300,0.566
9310,0.555
9320,0.545
9330,0.562
9340,0.548
9350,0.560
9360,0.549
9370,0.559
9380,0.559
9390,0.558
9400,0.541
9410,0.556
9420,0.512
9430,0.551
9440,0.552
9450,0.553
9460,0.518
9470,0.514
9480,0.522
9490,0.505
9500,0.526
9510,0.514
9520,0.516
9530,0.518
9540,0.541
9550,0.535
9560,0.547
9570,0.539
9580,0.532
9590,0.547
9600,0.532
9610,0.541
9620,0.551
9630,0.547
9640,0.536
9650,0.541
9660,0.516
9670,0.535
9680,0.529
9690,0.537
9700,0.549
9710,0.529
9720,0.528
9730,0.520
9740,0.532
9750,0.529
9760,0.541
9770,0.525
9780,0.545
9790,0.533
9800,0.533
9810,0.520
9820,0.525
9830,0.532
9840,0.521
9850,0.526
9860,0.540
9870,0.536
9880,0.552
9890,0.545
9900,0.571
9910,0.553
9920,0.552
9930,0.520
9940,0.529
9950,0.544
9960,0.543
9970,0.548
9980,0.544
9990,0.547
10000,0.535
10010,0.547
10020,0.551
10030,0.541
10040,0.544
10050,0.556
10060,0.564
10070,0.559
10080,0.532
10090,0.552
10100,0.526
10110,0.555
10120,0.545
10130,0.547
10140,0.559
10150,0.562
10160,0.526
10170,0.528
10180,0.541
10190,0.526
10200,0.548
10210,0.516
10220,0.544
10230,0.551
10240,0.562
10250,0.551
10260,0.524
10270,0.503
10280,0.517
10290,0.525
10300,0.509
10310,0.520
10320,0.535
10330,0.537
10340,0.543
10350,0.547
10360,0.556
10370,0.524
10380,0.490
10390,0.532
10400,0.506
10410,0.498
10420,0.528
10430,0.494
10440,0.498
10450,0.487
10460,0.497
10470,0.503
10480,0.484
10490,0.488
10500,0.470
10510,0.491
10520,0.505
10530,0.471
10540,0.480
10550,0.501
10560,0.499
10570,0.499
10580,0.483
10590,0.497
10600,0.494
10610,0.491
10620,0.491
10630,0.495
10640,0.487
10650,0.472
10660,0.478
10670,0.480
10680,0.471
10690,0.461
10700,0.479
10710,0.471
10720,0.474
10730,0.484
10740,0.509
10750,0.497
10760,0.512
10770,0.506
10780,0.494
10790,0.484
10800,0.480
10810,0.474
10820,0.452
10830,0.472
10840,0.480
10850,0.486
10860,0.470
10870,0.452
10880,0.459
10890,0.413
10900,0.430
10910,0.418
10920,0.425
10930,0.424
10940,0.449
10950,0.460
10960,0.452
10970,0.471
10980,0.470
10990,0.464
11000,0.471
11010,0.464
11020,0.457
11030,0.460
11040,0.456
11050,0.441
11060,0.457
11070,0.459
11080,0.474
11090,0.468
11100,0.479
11110,0.449
11120,0.456
11130,0.442
11140,0.448
11150,0.461
11160,0.457
11170,0.467
11180,0.487
11190,0.460
11200,0.464
11210,0.441
11220,0.444
11230,0.440
11240,0.426
11250,0.457
11260,0.451
11270,0.470
11280,0.463
11290,0.457
11300,0.472
11310,0.445
11320,0.437
11330,0.456
11340,0.467
11350,0.488
11360,0.475
11370,0.472
11380,0.474
11390,0.488
11400,0.493
11410,0.476
11420,0.480
11430,0.503
11440,0.494
11450,0.464
11460,0.470
11470,0.493
11480,0.475
11490,0.447
11500,0.455
11510,0.468
11520,0.471
11530,0.486
11540,0.503
11550,0.478
11560,0.476
11570,0.465
11580,0.470
11590,0.478
11600,0.459
11610,0.465
11620,0.486
11630,0.476
11640,0.480
11650,0.476
11660,0.486
11670,0.474
11680,0.463
11690,0.465
11700,0.487
11710,0.488
11720,0.475
11730,0.465
11740,0.470
11750,0.468
11760,0.474
11770,0.468
11780,0.493
11790,0.476
11800,0.493
11810,0.475
11820,0.459
11830,0.472
11840,0.471
11850,0.467
11860,0.470
11870,0.463
11880,0.447
11890,0.465
11900,0.480
11910,0.490
11920,0.467
11930,0.482
11940,0.479
11950,0.460
11960,0.430
11970,0.440
11980,0.451
11990,0.428
12000,0.436
12010,0.429
12020,0.424
12030,0.437
12040,0.436
12050,0.444
12060,0.440
12070,0.426
12080,0.409
12090,0.405
12100,0.419
12110,0.406
12120,0.414
12130,0.414
12140,0.417
12150,0.430
12160,0.421
12170,0.407
12180,0.399
12190,0.419
12200,0.402
12210,0.425
12220,0.414
12230,0.403
12240,0.415
12250,0.401
12260,0.398
12270,0.413
12280,0.396
12290,0.401
12300,0.405
12310,0.418
12320,0.436
12330,0.419
12340,0.428
12350,0.428
12360,0.414
12370,0.421
12380,0.415
12390,0.433
12400,0.407
12410,0.432
12420,0.436
12430,0.430
12440,0.426
12450,0.445
12460,0.422
12470,0.430
12480,0.413
12490,0.421
12500,0.398
12510,0.409
12520,0.418
12530,0.414
12540,0.411
12550,0.438
12560,0.418
12570,0.422
12580,0.415
12590,0.406
12600,0.428
12610,0.405
12620,0.422
12630,0.421
12640,0.425
12650,0.430
12660,0.453
12670,0.460
12680,0.445
12690,0.429
12700,0.438
12710,0.452
12720,0.437
12730,0.453
12740,0.436
12750,0.440
12760,0.437
12770,0.434
12780,0.455
12790,0.425
12800,0.422
12810,0.426
12820,0.429
12830,0.433
12840,0.441
12850,0.436
12860,0.424
12870,0.425
12880,0.426
12890,0.409
12900,0.409
12910,0.398
12920,0.405
12930,0.401
12940,0.411
12950,0.418
12960,0.414
12970,0.414
12980,0.392
12990,0.368
13000,0.391
13010,0.380
13020,0.367
13030,0.386
13040,0.406
13050,0.407
13060,0.419
13070,0.421
13080,0.411
13090,0.406
13100,0.411
13110,0.403
13120,0.426
13130,0.438
13140,0.418
13150,0.406
13160,0.410
13170,0.407
13180,0.407
13190,0.395
13200,0.433
13210,0.405
13220,0.394
13230,0.406
13240,0.405
13250,0.382
13260,0.392
13270,0.371
13280,0.395
13290,0.406
13300,0.407
13310,0.414
13320,0.407
13330,0.395
13340,0.398
13350,0.394
13360,0.399
13370,0.405
13380,0.415
13390,0.411
13400,0.396
13410,0.386
13420,0.382
13430,0.410
13440,0.413
13450,0.406
13460,0.413
13470,0.403
13480,0.407
13490,0.390
13500,0.414
13510,0.390
13520,0.382
13530,0.390
13540,0.403
13550,0.396
13560,0.396
13570,0.398
13580,0.382
13590,0.363
13600,0.387
13610,0.382
13620,0.406
13630,0.390
13640,0.405
13650,0.396
13660,0.369
13670,0.367
13680,0.388
13690,0.409
13700,0.396
13710,0.398
13720,0.390
13730,0.387
13740,0.417
13750,0.409
13760,0.403
13770,0.406
13780,0.394
13790,0.407
13800,0.391
13810,0.380
13820,0.398
13830,0.365
13840,0.363
13850,0.368
13860,0.355
13870,0.337
13880,0.369
13890,0.359
13900,0.357
13910,0.357
13920,0.367
13930,0.359
13940,0.380
13950,0.364
13960,0.379
13970,0.367
13980,0.364
13990,0.364
14000,0.395
14010,0.380
14020,0.360
14030,0.375
14040,0.376
14050,0.398
14060,0.388
14070,0.383
14080,0.372
14090,0.382
14100,0.350
14110,0.361
14120,0.359
14130,0.386
14140,0.367
14150,0.355
14160,0.367
14170,0.386
14180,0.379
14190,0.379
14200,0.378
14210,0.386
14220,0.391
14230,0.391
14240,0.398
14250,0.394
14260,0.401
14270,0.387
14280,0.375
14290,0.367
14300,0.378
14310,0.368
14320,0.378
14330,0.369
14340,0.391
14350,0.371
14360,0.387
14370,0.373
14380,0.379
14390,0.390
14400,0.390
14410,0.383
14420,0.367
14430,0.380
14440,0.365
14450,0.350
14460,0.367
14470,0.369
14480,0.388
14490,0.382
14500,0.380
14510,0.360
14520,0.379
14530,0.352
14540,0.346
14550,0.375
14560,0.361
14570,0.368
14580,0.387
14590,0.371
14600,0.380
14610,0.373
14620,0.363
14630,0.367
14640,0.352
14650,0.348
14660,0.342
14670,0.384
14680,0.367
14690,0.384
14700,0.346
14710,0.352
14720,0.349
14730,0.325
14740,0.333
14750,0.353
14760,0.360
14770,0.344
14780,0.361
14790,0.371
14800,0.383
14810,0.383
14820,0.352
14830,0.375
14840,0.361
14850,0.355
14860,0.376
14870,0.399
14880,0.382
14890,0.378
14900,0.373
14910,0.387
14920,0.361
14930,0.371
14940,0.363
14950,0.353
14960,0.365
14970,0.356
14980,0.369
14990,0.363
15000,0.357
15010,0.350
15020,0.337
15030,0.350
15040,0.346
15050,0.338
15060,0.336
15070,0.345
15080,0.332
15090,0.330
15100,0.336
15110,0.322
15120,0.334
15130,0.327
15140,0.323
15150,0.317
15160,0.337
15170,0.292
15180,0.295
15190,0.302
15200,0.296
15210,0.295
15220,0.295
15230,0.287
15240,0.310
15250,0.318
15260,0.309
15270,0.302
15280,0.306
15290,0.314
15300,0.311
15310,0.310
15320,0.309
15330,0.300
15340,0.302
15350,0.290
15360,0.290
15370,0.288
15380,0.310
15390,0.291
15400,0.292
15410,0.295
15420,0.311
15430,0.304
15440,0.306
15450,0.296
15460,0.286
15470,0.283
15480,0.303
15490,0.292
15500,0.286
15510,0.283
15520,0.276
15530,0.291
15540,0.286
15550,0.298
15560,0.281
15570,0.272
15580,0.284
15590,0.280
15600,0.267
15610,0.286
15620,0.283
15630,0.268
15640,0.292
15650,0.271
15660,0.269
15670,0.264
15680,0.271
15690,0.275
15700,0.276
15710,0.261
15720,0.234
15730,0.250
15740,0.242
15750,0.254
15760,0.237
15770,0.241
15780,0.229
15790,0.227
15800,0.242
15810,0.242
15820,0.244
15830,0.250
15840,0.230
15850,0.219
15860,0.214
15870,0.225
15880,0.225
15890,0.227
15900,0.203
15910,0.208
15920,0.189
15930,0.194
15940,0.189
15950,0.184
15960,0.179
15970,0.191
15980,0.187
15990,0.172
16000,0.200
16010,0.215
16020,0.226
16030,0.219
16040,0.217
16050,0.214
16060,0.218
16070,0.200
16080,0.214
16090,0.223
16100,0.221
16110,0.221
16120,0.234
16130,0.229
16140,0.230
16150,0.248
16160,0.242
16170,0.227
16180,0.219
16190,0.245
16200,0.222
16210,0.225
16220,0.234
16230,0.210
16240,0.208
16250,0.226
16260,0.218
16270,0.226
16280,0.227
16290,0.229
16300,0.226
16310,0.235
16320,0.233
16330,0.227
16340,0.230
16350,0.214
16360,0.210
16370,0.207
16380,0.207
16390,0.218
16400,0.203
16410,0.219
16420,0.210
16430,0.207
16440,0.215
16450,0.215
16460,0.208
16470,0.202
16480,0.202
16490,0.210
16500,0.202
16510,0.200
16520,0.206
16530,0.189
16540,0.189
16550,0.184
16560,0.184
16570,0.194
16580,0.192
16590,0.185
16600,0.177
16610,0.171
16620,0.191
16630,0.196
16640,0.177
16650,0.187
16660,0.172
16670,0.179
16680,0.188
16690,0.194
16700,0.195
16710,0.195
16720,0.177
16730,0.191
16740,0.176
16750,0.189
16760,0.187
16770,0.189
16780,0.188
16790,0.185
16800,0.189
16810,0.176
16820,0.206
16830,0.180
16840,0.199
16850,0.187
16860,0.176
16870,0.191
16880,0.189
16890,0.183
16900,0.176
16910,0.180
16920,0.158
16930,0.184
16940,0.169
16950,0.168
16960,0.180
16970,0.183
16980,0.168
16990,0.181
17000,0.168
17010,0.183
17020,0.166
17030,0.169
17040,0.188
17050,0.183
17060,0.187
17070,0.183
17080,0.187
17090,0.175
17100,0.168
17110,0.173
17120,0.173
17130,0.191
17140,0.194
17150,0.165
17160,0.185
17170,0.176
17180,0.156
17190,0.164
17200,0.165
17210,0.165
17220,0.177
17230,0.154
17240,0.138
17250,0.145
17260,0.133
17270,0.141
17280,0.161
17290,0.152
17300,0.123
17310,0.123
17320,0.131
17330,0.129
17340,0.137
17350,0.127
17360,0.124
17370,0.123
17380,0.111
17390,0.126
17400,0.126
17410,0.127
17420,0.123
17430,0.130
17440,0.124
17450,0.131
17460,0.133
17470,0.118
17480,0.134
17490,0.126
17500,0.131
17510,0.124
17520,0.137
17530,0.145
17540,0.137
17550,0.131
17560,0.127
17570,0.127
17580,0.122
17590,0.116
17600,0.101
17610,0.092
17620,0.100
17630,0.104
17640,0.101
17650,0.108
17660,0.096
17670,0.107
17680,0.087
17690,0.092
17700,0.089
17710,0.091
17720,0.093
17730,0.095
17740,0.085
17750,0.083
17760,0.087
17770,0.097
17780,0.089
17790,0.088
17800,0.081
17810,0.091
17820,0.101
17830,0.078
17840,0.077
17850,0.100
17860,0.093
17870,0.089
17880,0.091
17890,0.092
17900,0.093
17910,0.095
17920,0.107
17930,0.103
17940,0.101
17950,0.111
17960,0.101
17970,0.084
17980,0.092
17990,0.085
18000,0.093
18010,0.092
18020,0.087
18030,0.088
18040,0.083
18050,0.083
18060,0.088
18070,0.087
18080,0.077
18090,0.070
18100,0.077
18110,0.089
18120,0.076
18130,0.092
18140,0.101
18150,0.099
18160,0.093
18170,0.077
18180,0.095
18190,0.087
18200,0.097
18210,0.083
18220,0.091
18230,0.093
18240,0.095
18250,0.101
18260,0.092
18270,0.103
18280,0.093
18290,0.101
18300,0.099
18310,0.110
18320,0.093
18330,0.100
18340,0.099
18350,0.107
18360,0.106
18370,0.110
18380,0.108
18390,0.106
18400,0.108
18410,0.107
18420,0.101
18430,0.088
18440,0.092
18450,0.096
18460,0.095
18470,0.074
18480,0.085
18490,0.091
18500,0.092
18510,0.091
18520,0.093
18530,0.089
18540,0.084
18550,0.092
18560,0.080
18570,0.096
18580,0.089
18590,0.091
18600,0.104
18610,0.093
18620,0.093
18630,0.100
18640,0.093
18650,0.100
18660,0.095
18670,0.104
18680,0.103
18690,0.104
18700,0.097
18710,0.087
18720,0.097
18730,0.096
18740,0.095
18750,0.097
18760,0.093
18770,0.096
18780,0.096
18790,0.093
18800,0.085
18810,0.096
18820,0.101
18830,0.092
18840,0.097
18850,0.099
18860,0.097
18870,0.100
18880,0.101
18890,0.106
18900,0.097
18910,0.106
18920,0.096
18930,0.100
18940,0.112
18950,0.110
18960,0.103
18970,0.106
18980,0.096
18990,0.108
19000,0.103
19010,0.110
19020,0.110
19030,0.106
19040,0.101
19050,0.107
19060,0.104
19070,0.106
19080,0.106
19090,0.093
19100,0.103
19110,0.106
19120,0.104
19130,0.106
19140,0.100
19150,0.108
19160,0.107
19170,0.103
19180,0.107
19190,0.107
19200,0.110
19210,0.107
19220,0.112
19230,0.110
19240,0.107
19250,0.107
19260,0.103
19270,0.101
19280,0.097
19290,0.100
19300,0.099
19310,0.104
19320,0.112
19330,0.115
19340,0.118
19350,0.104
19360,0.115
19370,0.114
19380,0.107
19390,0.099
19400,0.099
19410,0.096
19420,0.092
19430,0.097
19440,0.096
19450,0.097
19460,0.097
19470,0.088
19480,0.088
19490,0.092
19500,0.088
19510,0.101
19520,0.092
19530,0.097
19540,0.091
19550,0.092
19560,0.093
19570,0.097
19580,0.106
19590,0.096
19600,0.101
19610,0.095
19620,0.104
19630,0.099
19640,0.093
19650,0.099
19660,0.091
19670,0.088
19680,0.099
19690,0.089
19700,0.093
19710,0.087
19720,0.087
19730,0.103
19740,0.095
19750,0.087
19760,0.091
19770,0.099
19780,0.106
19790,0.106
19800,0.095
19810,0.092
19820,0.092
19830,0.092
19840,0.095
19850,0.097
19860,0.092
19870,0.089
19880,0.089
19890,0.091
19900,0.078
19910,0.083
19920,0.089
19930,0.089
19940,0.088
19950,0.092
19960,0.092
19970,0.095
19980,0.099
19990,0.097
20000,0.097
