# time, fQ
0,1.000
10,0.981
20,0.950
30,0.932
40,0.903
50,0.908
60,0.904
70,0.886
80,0.885
90,0.889
100,0.869
110,0.901
120,0.881
130,0.892
140,0.904
150,0.897
160,0.871
170,0.844
180,0.867
190,0.867
200,0.908
210,0.867
220,0.873
230,0.831
240,0.831
250,0.831
260,0.789
270,0.838
280,0.820
290,0.808
300,0.798
310,0.805
320,0.801
330,0.821
340,0.846
350,0.824
360,0.804
370,0.798
380,0.798
390,0.789
400,0.801
410,0.804
420,0.796
430,0.763
440,0.786
450,0.782
460,0.801
470,0.792
480,0.798
490,0.792
500,0.778
510,0.796
520,0.781
530,0.765
540,0.754
550,0.766
560,0.771
570,0.766
580,0.766
590,0.766
600,0.747
610,0.751
620,0.752
630,0.786
640,0.773
650,0.790
660,0.779
670,0.763
680,0.782
690,0.763
700,0.771
710,0.747
720,0.733
730,0.783
740,0.767
750,0.774
760,0.783
770,0.792
780,0.790
790,0.783
800,0.777
810,0.783
820,0.778
830,0.794
840,0.797
850,0.785
860,0.771
870,0.773
880,0.777
890,0.774
900,0.754
910,0.775
920,0.763
930,0.769
940,0.762
950,0.778
960,0.779
970,0.786
980,0.800
990,0.808
1000,0.794
1010,0.767
1020,0.769
1030,0.754
1040,0.752
1050,0.783
1060,0.763
1070,0.760
1080,0.759
1090,0.759
1100,0.771
1110,0.774
1120,0.773
1130,0.740
1140,0.755
1150,0.750
1160,0.762
1170,0.724
1180,0.732
1190,0.739
1200,0.719
1210,0.700
1220,0.700
1230,0.716
1240,0.731
1250,0.742
1260,0.759
1270,0.748
1280,0.740
1290,0.704
1300,0.721
1310,0.739
1320,0.755
1330,0.739
1340,0.731
1350,0.723
1360,0.731
1370,0.742
1380,0.731
1390,0.737
1400,0.725
1410,0.733
1420,0.728
1430,0.713
1440,0.727
1450,0.702
1460,0.705
1470,0.708
1480,0.708
1490,0.706
1500,0.714
1510,0.683
1520,0.679
1530,0.705
1540,0.689
1550,0.708
1560,0.691
1570,0.687
1580,0.712
1590,0.673
1600,0.678
1610,0.651
1620,0.670
1630,0.678
1640,0.664
1650,0.664
1660,0.627
1670,0.666
1680,0.636
1690,0.637
1700,0.632
1710,0.612
1720,0.656
1730,0.640
1740,0.656
1750,0.645
1760,0.621
1770,0.613
1780,0.617
1790,0.621
1800,0.622
1810,0.616
1820,0.599
1830,0.605
1840,0.604
1850,0.582
1860,0.591
1870,0.605
1880,0.595
1890,0.597
1900,0.586
1910,0.631
1920,0.604
1930,0.591
1940,0.594
1950,0.579
1960,0.586
1970,0.576
1980,0.570
1990,0.591
2000,0.595
2010,0.613
2020,0.586
2030,0.625
2040,0.612
2050,0.610
2060,0.598
2070,0.622
2080,0.610
2090,0.567
2100,0.602
2110,0.593
2120,0.583
2130,0.605
2140,0.599
2150,0.597
2160,0.581
2170,0.608
2180,0.621
2190,0.613
2200,0.614
2210,0.608
2220,0.621
2230,0.612
2240,0.613
2250,0.563
2260,0.579
2270,0.579
2280,0.566
2290,0.590
2300,0.578
2310,0.582
2320,0.598
2330,0.591
2340,0.568
2350,0.547
2360,0.552
2370,0.549
2380,0.555
2390,0.562
2400,0.559
2410,0.560
2420,0.587
2430,0.593
2440,0.594
2450,0.590
2460,0.576
2470,0.571
2480,0.539
2490,0.567
2500,0.564
2510,0.547
2520,0.581
2530,0.563
2540,0.567
2550,0.578
2560,0.559
2570,0.560
2580,0.568
2590,0.562
2600,0.541
2610,0.556
2620,0.559
2630,0.571
2640,0.549
2650,0.552
2660,0.540
2670,0.562
2680,0.595
2690,0.570
2700,0.593
2710,0.578
2720,0.593
2730,0.602
2740,0.614
2750,0.582
2760,0.574
2770,0.572
2780,0.582
2790,0.593
2800,0.589
2810,0.581
2820,0.590
2830,0.572
2840,0.579
2850,0.574
2860,0.555
2870,0.578
2880,0.576
2890,0.556
2900,0.545
2910,0.549
2920,0.558
2930,0.576
2940,0.566
2950,0.562
2960,0.558
2970,0.572
2980,0.572
2990,0.562
3000,0.567
3010,0.572
3020,0.558
3030,0.547
3040,0.564
3050,0.576
3060,0.589
3070,0.562
3080,0.576
3090,0.570
3100,0.556
3110,0.555
3120,0.559
3130,0.529
3140,0.559
3150,0.553
3160,0.535
3170,0.526
3180,0.533
3190,0.537
3200,0.571
3210,0.571
3220,0.578
3230,0.560
3240,0.556
3250,0.559
3260,0.547
3270,0.540
3280,0.537
3290,0.545
3300,0.537
3310,0.552
3320,0.547
3330,0.566
3340,0.581
3350,0.578
3360,0.567
3370,0.549
3380,0.558
3390,0.560
3400,0.528
3410,0.521
3420,0.509
3430,0.526
3440,0.497
3450,0.530
3460,0.530
3470,0.530
3480,0.530
3490,0.539
3500,0.528
3510,0.502
3520,0.490
3530,0.497
3540,0.528
3550,0.525
3560,0.501
3570,0.525
3580,0.544
3590,0.541
3600,0.520
3610,0.518
3620,0.497
3630,0.517
3640,0.501
3650,0.497
3660,0.502
3670,0.498
3680,0.510
3690,0.498
3700,0.502
3710,0.501
3720,0.520
3730,0.520
3740,0.549
3750,0.551
3760,0.547
3770,0.547
3780,0.545
3790,0.524
3800,0.524
3810,0.505
3820,0.513
3830,0.505
3840,0.532
3850,0.517
3860,0.533
3870,0.525
3880,0.506
3890,0.507
3900,0.498
3910,0.503
3920,0.536
3930,0.524
3940,0.537
3950,0.510
3960,0.503
3970,0.510
3980,0.530
3990,0.520
4000,0.529
4010,0.513
4020,0.510
4030,0.507
4040,0.505
4050,0.533
4060,0.521
4070,0.533
4080,0.520
4090,0.497
4100,0.498
4110,0.505
4120,0.498
4130,0.498
4140,0.503
4150,0.512
4160,0.536
4170,0.520
4180,0.529
4190,0.539
4200,0.545
4210,0.551
4220,0.552
4230,0.543
4240,0.526
4250,0.532
4260,0.512
4270,0.522
4280,0.517
4290,0.503
4300,0.498
4310,0.494
4320,0.478
4330,0.478
4340,0.493
4350,0.468
4360,0.482
4370,0.495
4380,0.484
4390,0.456
4400,0.456
4410,0.468
4420,0.449
4430,0.467
4440,0.451
4450,0.465
4460,0.455
4470,0.486
4480,0.491
4490,0.453
4500,0.490
4510,0.467
4520,0.482
4530,0.476
4540,0.474
4550,0.479
4560,0.470
4570,0.472
4580,0.460
4590,0.440
4600,0.452
4610,0.501
4620,0.493
4630,0.516
4640,0.486
4650,0.475
4660,0.491
4670,0.453
4680,0.460
4690,0.452
4700,0.467
4710,0.442
4720,0.438
4730,0.436
4740,0.460
4750,0.459
4760,0.429
4770,0.459
4780,0.451
4790,0.437
4800,0.467
4810,0.448
4820,0.455
4830,0.448
4840,0.449
4850,0.461
4860,0.482
4870,0.467
4880,0.480
4890,0.506
4900,0.455
4910,0.459
4920,0.453
4930,0.448
4940,0.465
4950,0.460
4960,0.483
4970,0.483
4980,0.470
4990,0.474
5000,0.483
5010,0.502
5020,0.505
5030,0.495
5040,0.507
5050,0.486
5060,0.491
5070,0.480
5080,0.463
5090,0.467
5100,0.493
5110,0.479
5120,0.474
5130,0.484
5140,0.455
5150,0.479
5160,0.460
5170,0.478
5180,0.480
5190,0.479
5200,0.479
5210,0.490
5220,0.479
5230,0.479
5240,0.483
5250,0.471
5260,0.480
5270,0.463
5280,0.465
5290,0.429
5300,0.459
5310,0.478
5320,0.498
5330,0.510
5340,0.497
5350,0.484
5360,0.513
5370,0.518
5380,0.490
5390,0.516
5400,0.505
5410,0.524
5420,0.529
5430,0.505
5440,0.488
5450,0.507
5460,0.517
5470,0.488
5480,0.480
5490,0.479
5500,0.468
5510,0.461
5520,0.465
5530,0.444
5540,0.468
5550,0.449
5560,0.472
5570,0.478
5580,0.488
5590,0.467
5600,0.463
5610,0.461
5620,0.472
5630,0.480
5640,0.494
5650,0.482
5660,0.486
5670,0.456
5680,0.472
5690,0.497
5700,0.501
5710,0.482
5720,0.472
5730,0.494
5740,0.483
5750,0.490
5760,0.457
5770,0.475
5780,0.495
5790,0.463
5800,0.480
5810,0.475
5820,0.468
5830,0.470
5840,0.509
5850,0.501
5860,0.505
5870,0.487
5880,0.491
5890,0.498
5900,0.509
5910,0.501
5920,0.488
5930,0.499
5940,0.498
5950,0.497
5960,0.486
5970,0.488
5980,0.482
5990,0.476
6000,0.497
6010,0.512
6020,0.494
6030,0.494
6040,0.487
6050,0.497
6060,0.479
6070,0.472
6080,0.490
6090,0.486
6100,0.480
6110,0.474
6120,0.467
6130,0.479
6140,0.464
6150,0.459
6160,0.480
6170,0.482
6180,0.465
6190,0.464
6200,0.484
6210,0.467
6220,0.468
6230,0.464
6240,0.474
6250,0.487
6260,0.463
6270,0.456
6280,0.465
6290,0.457
6300,0.482
6310,0.495
6320,0.497
6330,0.521
6340,0.483
6350,0.502
6360,0.486
6370,0.499
6380,0.513
6390,0.498
6400,0.465
6410,0.487
6420,0.491
6430,0.509
6440,0.512
6450,0.517
6460,0.513
6470,0.470
6480,0.495
6490,0.499
6500,0.486
6510,0.471
6520,0.480
6530,0.456
6540,0.442
6550,0.468
6560,0.480
6570,0.456
6580,0.463
6590,0.438
6600,0.460
6610,0.449
6620,0.436
6630,0.451
6640,0.448
6650,0.449
6660,0.436
6670,0.444
6680,0.463
6690,0.475
6700,0.483
6710,0.461
6720,0.453
6730,0.476
6740,0.476
6750,0.467
6760,0.465
6770,0.452
6780,0.451
6790,0.459
6800,0.461
6810,0.448
6820,0.444
6830,0.452
6840,0.442
6850,0.467
6860,0.444
6870,0.456
6880,0.448
6890,0.448
6900,0.453
6910,0.428
6920,0.456
6930,0.441
6940,0.445
6950,0.444
6960,0.430
6970,0.430
6980,0.428
6990,0.424
7000,0.413
7010,0.437
7020,0.417
7030,0.410
7040,0.422
7050,0.417
7060,0.410
7070,0.437
7080,0.406
7090,0.415
7100,0.407
7110,0.413
7120,0.406
7130,0.415
7140,0.401
7150,0.419
7160,0.417
7170,0.409
7180,0.414
7190,0.388
7200,0.417
7210,0.424
7220,0.430
7230,0.433
7240,0.442
7250,0.413
7260,0.421
7270,0.437
7280,0.429
7290,0.417
7300,0.428
7310,0.425
7320,0.409
7330,0.426
7340,0.429
7350,0.422
7360,0.425
7370,0.414
7380,0.403
7390,0.399
7400,0.401
7410,0.396
7420,0.387
7430,0.394
7440,0.394
7450,0.394
7460,0.418
7470,0.422
7480,0.395
7490,0.390
7500,0.399
7510,0.425
7520,0.409
7530,0.421
7540,0.396
7550,0.405
7560,0.428
7570,0.418
7580,0.429
7590,0.430
7600,0.452
7610,0.424
7620,0.424
7630,0.421
7640,0.409
7650,0.405
7660,0.396
7670,0.407
7680,0.414
7690,0.415
7700,0.407
7710,0.428
7720,0.429
7730,0.407
7740,0.398
7750,0.415
7760,0.417
7770,0.398
7780,0.401
7790,0.390
7800,0.390
7810,0.402
7820,0.398
7830,0.403
7840,0.382
7850,0.388
7860,0.398
7870,0.410
7880,0.413
7890,0.391
7900,0.371
7910,0.363
7920,0.378
7930,0.398
7940,0.382
7950,0.361
7960,0.361
7970,0.386
7980,0.368
7990,0.378
8000,0.391
8010,0.371
8020,0.391
8030,0.392
8040,0.406
8050,0.383
8060,0.391
8070,0.380
8080,0.361
8090,0.378
8100,0.388
8110,0.372
8120,0.368
8130,0.384
8140,0.368
8150,0.372
8160,0.373
8170,0.369
8180,0.383
8190,0.396
8200,0.395
8210,0.383
8220,0.410
8230,0.406
8240,0.391
8250,0.405
8260,0.399
8270,0.380
8280,0.388
8290,0.391
8300,0.390
8310,0.375
8320,0.367
8330,0.367
8340,0.376
8350,0.411
8360,0.405
8370,0.402
8380,0.411
8390,0.399
8400,0.390
8410,0.378
8420,0.360
8430,0.380
8440,0.388
8450,0.383
8460,0.380
8470,0.401
8480,0.390
8490,0.390
8500,0.410
8510,0.395
8520,0.392
8530,0.371
8540,0.396
8550,0.379
8560,0.387
8570,0.402
8580,0.392
8590,0.410
8600,0.401
8610,0.388
8620,0.373
8630,0.373
8640,0.394
8650,0.373
8660,0.368
8670,0.378
8680,0.367
8690,0.371
8700,0.379
8710,0.382
8720,0.356
8730,0.369
8740,0.365
8750,0.378
8760,0.372
8770,0.372
8780,0.360
8790,0.361
8800,0.356
8810,0.361
8820,0.356
8830,0.350
8840,0.355
8850,0.341
8860,0.336
8870,0.350
8880,0.352
8890,0.338
8900,0.334
8910,0.336
8920,0.350
8930,0.349
8940,0.350
8950,0.349
8960,0.363
8970,0.367
8980,0.334
8990,0.329
9000,0.334
9010,0.326
9020,0.333
9030,0.346
9040,0.349
9050,0.357
9060,0.341
9070,0.338
9080,0.342
9090,0.365
9100,0.352
9110,0.353
9120,0.364
9130,0.360
9140,0.357
9150,0.333
9160,0.342
9170,0.326
9180,0.340
9190,0.330
9200,0.336
9210,0.337
9220,0.327
9230,0.329
9240,0.329
9250,0.342
9260,0.348
9270,0.355
9280,0.344
9290,0.326
9300,0.336
9310,0.322
9320,0.327
9330,0.323
9340,0.323
9350,0.325
9360,0.319
9370,0.325
9380,0.304
9390,0.294
9400,0.294
9410,0.303
9420,0.329
9430,0.318
9440,0.307
9450,0.319
9460,0.307
9470,0.304
9480,0.309
9490,0.287
9500,0.291
9510,0.281
9520,0.300
9530,0.306
9540,0.307
9550,0.304
9560,0.307
9570,0.299
9580,0.283
9590,0.284
9600,0.291
9610,0.304
9620,0.300
9630,0.298
9640,0.294
9650,0.313
9660,0.306
9670,0.294
9680,0.299
9690,0.315
9700,0.319
9710,0.309
9720,0.315
9730,0.314
9740,0.325
9750,0.334
9760,0.317
9770,0.323
9780,0.336
9790,0.310
9800,0.295
9810,0.277
9820,0.269
9830,0.269
9840,0.287
9850,0.254
9860,0.257
9870,0.271
9880,0.277
9890,0.276
9900,0.269
9910,0.269
9920,0.296
9930,0.277
9940,0.283
9950,0.269
9960,0.279
9970,0.276
9980,0.287
9990,0.264
10000,0.269
10010,0.272
10020,0.273
10030,0.268
10040,0.257
10050,0.261
10060,0.272
10070,0.258
10080,0.258
10090,0.275
10100,0.273
10110,0.260
10120,0.279
10130,0.261
10140,0.279
10150,0.277
10160,0.281
10170,0.281
10180,0.288
10190,0.265
10200,0.283
10210,0.280
10220,0.284
10230,0.279
10240,0.275
10250,0.295
10260,0.283
10270,0.246
10280,0.254
10290,0.271
10300,0.267
10310,0.280
10320,0.272
10330,0.280
10340,0.272
10350,0.261
10360,0.273
10370,0.269
10380,0.256
10390,0.269
10400,0.248
10410,0.237
10420,0.229
10430,0.225
10440,0.234
10450,0.246
10460,0.231
10470,0.248
10480,0.238
10490,0.248
10500,0.231
10510,0.254
10520,0.246
10530,0.238
10540,0.245
10550,0.245
10560,0.250
10570,0.263
10580,0.250
10590,0.252
10600,0.265
10610,0.276
10620,0.253
10630,0.261
10640,0.264
10650,0.260
10660,0.268
10670,0.271
10680,0.254
10690,0.240
10700,0.250
10710,0.253
10720,0.244
10730,0.253
10740,0.218
10750,0.227
10760,0.256
10770,0.240
10780,0.252
10790,0.237
10800,0.241
10810,0.223
10820,0.230
10830,0.230
10840,0.212
10850,0.233
10860,0.223
10870,0.214
10880,0.227
10890,0.237
10900,0.231
10910,0.226
10920,0.212
10930,0.204
10940,0.208
10950,0.223
10960,0.210
10970,0.208
10980,0.210
10990,0.211
11000,0.207
11010,0.217
11020,0.194
11030,0.177
11040,0.192
11050,0.203
11060,0.187
11070,0.203
11080,0.210
11090,0.198
11100,0.194
11110,0.192
11120,0.194
11130,0.181
11140,0.189
11150,0.198
11160,0.191
11170,0.189
11180,0.187
11190,0.195
11200,0.195
11210,0.196
11220,0.172
11230,0.180
11240,0.171
11250,0.188
11260,0.184
11270,0.196
11280,0.173
11290,0.165
11300,0.185
11310,0.189
11320,0.188
11330,0.187
11340,0.169
11350,0.187
11360,0.161
11370,0.181
11380,0.173
11390,0.152
11400,0.161
11410,0.146
11420,0.138
11430,0.158
11440,0.146
11450,0.150
11460,0.161
11470,0.141
11480,0.168
11490,0.160
11500,0.135
11510,0.137
11520,0.146
11530,0.158
11540,0.145
11550,0.150
11560,0.145
11570,0.158
11580,0.153
11590,0.156
11600,0.153
11610,0.133
11620,0.149
11630,0.142
11640,0.127
11650,0.135
11660,0.139
11670,0.157
11680,0.157
11690,0.165
11700,0.166
11710,0.168
11720,0.165
11730,0.162
11740,0.165
11750,0.164
11760,0.166
11770,0.146
11780,0.153
11790,0.156
11800,0.150
11810,0.147
11820,0.146
11830,0.139
11840,0.145
11850,0.138
11860,0.142
11870,0.139
11880,0.139
11890,0.143
11900,0.138
11910,0.152
11920,0.157
11930,0.142
11940,0.137
11950,0.145
11960,0.143
11970,0.145
11980,0.145
11990,0.137
12000,0.133
12010,0.133
12020,0.130
12030,0.126
12040,0.119
12050,0.115
12060,0.110
12070,0.107
12080,0.111
12090,0.116
12100,0.096
12110,0.115
12120,0.107
12130,0.100
12140,0.118
12150,0.107
12160,0.106
12170,0.104
12180,0.107
12190,0.119
12200,0.119
12210,0.135
12220,0.116
12230,0.131
12240,0.119
12250,0.107
12260,0.106
12270,0.092
12280,0.095
12290,0.106
12300,0.114
12310,0.114
12320,0.120
12330,0.112
12340,0.115
12350,0.108
12360,0.106
12370,0.116
12380,0.097
12390,0.099
12400,0.099
12410,0.095
12420,0.104
12430,0.114
12440,0.115
12450,0.110
12460,0.126
12470,0.124
12480,0.127
12490,0.135
12500,0.138
12510,0.129
12520,0.145
12530,0.153
12540,0.153
12550,0.135
12560,0.143
12570,0.138
12580,0.131
12590,0.145
12600,0.131
12610,0.122
12620,0.122
12630,0.126
12640,0.134
12650,0.133
12660,0.139
12670,0.142
12680,0.145
12690,0.138
12700,0.138
12710,0.131
12720,0.131
12730,0.131
12740,0.122
12750,0.130
12760,0.119
12770,0.120
12780,0.119
12790,0.120
12800,0.131
12810,0.124
12820,0.119
12830,0.129
12840,0.126
12850,0.135
12860,0.124
12870,0.129
12880,0.130
12890,0.130
12900,0.123
12910,0.123
12920,0.119
12930,0.122
12940,0.118
12950,0.115
12960,0.112
12970,0.111
12980,0.124
12990,0.120
13000,0.112
13010,0.116
13020,0.123
13030,0.111
13040,0.114
13050,0.116
13060,0.115
13070,0.119
13080,0.118
13090,0.110
13100,0.111
13110,0.111
13120,0.110
13130,0.115
13140,0.116
13150,0.112
13160,0.129
13170,0.120
13180,0.108
13190,0.115
13200,0.124
13210,0.124
13220,0.123
13230,0.119
13240,0.129
13250,0.138
13260,0.124
13270,0.131
13280,0.122
13290,0.123
13300,0.126
13310,0.127
13320,0.124
13330,0.116
13340,0.108
13350,0.101
13360,0.108
13370,0.103
13380,0.096
13390,0.107
13400,0.100
13410,0.110
13420,0.118
13430,0.110
13440,0.104
13450,0.107
13460,0.093
13470,0.101
13480,0.101
13490,0.107
13500,0.096
13510,0.106
13520,0.107
13530,0.100
13540,0.092
13550,0.084
13560,0.085
13570,0.096
13580,0.103
13590,0.110
13600,0.111
13610,0.110
13620,0.099
13630,0.110
13640,0.110
13650,0.101
13660,0.114
13670,0.101
13680,0.112
13690,0.104
13700,0.114
13710,0.097
13720,0.123
13730,0.126
13740,0.124
13750,0.101
13760,0.101
13770,0.101
13780,0.107
13790,0.116
13800,0.104
13810,0.100
13820,0.110
13830,0.104
13840,0.103
13850,0.104
13860,0.112
13870,0.111
13880,0.099
13890,0.096
13900,0.099
13910,0.100
13920,0.111
13930,0.093
13940,0.103
13950,0.099
13960,0.089
13970,0.093
13980,0.100
13990,0.106
14000,0.101
14010,0.091
14020,0.097
14030,0.092
14040,0.091
14050,0.089
14060,0.084
14070,0.084
14080,0.084
14090,0.089
14100,0.081
14110,0.085
14120,0.078
14130,0.084
14140,0.095
14150,0.091
14160,0.091
14170,0.103
14180,0.091
14190,0.097
14200,0.096
14210,0.100
14220,0.092
14230,0.101
14240,0.110
14250,0.099
14260,0.096
14270,0.107
14280,0.110
14290,0.108
14300,0.112
14310,0.107
14320,0.103
14330,0.103
14340,0.100
14350,0.099
14360,0.084
14370,0.091
14380,0.096
14390,0.103
14400,0.089
14410,0.103
14420,0.091
14430,0.089
14440,0.085
14450,0.099
14460,0.099
14470,0.119
14480,0.097
14490,0.107
14500,0.108
14510,0.100
14520,0.097
14530,0.095
14540,0.096
14550,0.097
14560,0.100
14570,0.099
14580,0.104
14590,0.092
14600,0.096
14610,0.104
14620,0.103
14630,0.100
14640,0.103
14650,0.092
14660,0.080
14670,0.091
14680,0.087
14690,0.089
14700,0.088
14710,0.078
14720,0.096
14730,0.083
14740,0.089
14750,0.087
14760,0.073
14770,0.084
14780,0.085
14790,0.081
14800,0.092
14810,0.099
14820,0.084
14830,0.085
14840,0.092
14850,0.093
14860,0.093
14870,0.104
14880,0.097
14890,0.110
14900,0.101
14910,0.104
14920,0.096
14930,0.091
14940,0.089
14950,0.097
14960,0.120
14970,0.111
14980,0.100
14990,0.110
15000,0.104
15010,0.104
15020,0.110
15030,0.096
15040,0.097
15050,0.095
15060,0.100
15070,0.091
15080,0.103
15090,0.101
15100,0.114
15110,0.108
15120,0.099
15130,0.103
15140,0.089
15150,0.091
15160,0.099
15170,0.092
15180,0.095
15190,0.092
15200,0.093
15210,0.097
15220,0.108
15230,0.097
15240,0.110
15250,0.112
15260,0.111
15270,0.095
15280,0.095
15290,0.095
15300,0.099
15310,0.093
15320,0.100
15330,0.100
15340,0.097
15350,0.092
15360,0.095
15370,0.088
15380,0.081
15390,0.092
15400,0.100
15410,0.095
15420,0.084
15430,0.085
15440,0.083
15450,0.081
15460,0.087
15470,0.092
15480,0.101
15490,0.091
15500,0.093
15510,0.093
15520,0.096
15530,0.095
