# time, fQ
0,0.851
10,0.756
20,0.736
30,0.683
40,0.670
50,0.635
60,0.685
70,0.691
80,0.670
90,0.656
100,0.655
110,0.673
120,0.637
130,0.639
140,0.645
150,0.637
160,0.641
170,0.595
180,0.645
190,0.644
200,0.639
210,0.639
220,0.618
230,0.654
240,0.648
250,0.651
260,0.625
270,0.616
280,0.612
290,0.643
300,0.617
310,0.622
320,0.613
330,0.641
340,0.617
350,0.601
360,0.616
370,0.636
380,0.636
390,0.613
400,0.612
410,0.639
420,0.662
430,0.627
440,0.597
450,0.616
460,0.591
470,0.589
480,0.602
490,0.610
500,0.613
510,0.590
520,0.609
530,0.616
540,0.572
550,0.572
560,0.590
570,0.563
580,0.562
590,0.597
600,0.605
610,0.597
620,0.613
630,0.612
640,0.602
650,0.613
660,0.583
670,0.597
680,0.605
690,0.612
700,0.625
710,0.610
720,0.604
730,0.594
740,0.582
750,0.579
760,0.583
770,0.556
780,0.537
790,0.567
800,0.604
810,0.556
820,0.559
830,0.551
840,0.576
850,0.497
860,0.513
870,0.526
880,0.528
890,0.530
900,0.521
910,0.525
920,0.517
930,0.484
940,0.490
950,0.468
960,0.463
970,0.482
980,0.474
990,0.509
1000,0.524
1010,0.532
1020,0.520
1030,0.526
1040,0.502
1050,0.497
1060,0.507
1070,0.513
1080,0.510
1090,0.503
1100,0.510
1110,0.491
1120,0.479
1130,0.451
1140,0.464
1150,0.465
1160,0.488
1170,0.507
1180,0.480
1190,0.467
1200,0.476
1210,0.486
1220,0.459
1230,0.457
1240,0.472
1250,0.475
1260,0.474
1270,0.468
1280,0.460
1290,0.475
1300,0.467
1310,0.457
1320,0.447
1330,0.456
1340,0.436
1350,0.441
1360,0.411
1370,0.406
1380,0.378
1390,0.392
1400,0.368
1410,0.330
1420,0.361
1430,0.353
1440,0.371
1450,0.364
1460,0.345
1470,0.355
1480,0.329
1490,0.315
1500,0.306
1510,0.298
1520,0.298
1530,0.306
1540,0.303
1550,0.294
1560,0.296
1570,0.299
1580,0.286
1590,0.263
1600,0.288
1610,0.271
1620,0.252
1630,0.246
1640,0.263
1650,0.273
1660,0.277
1670,0.277
1680,0.237
1690,0.237
1700,0.240
1710,0.230
1720,0.229
1730,0.245
1740,0.237
1750,0.249
1760,0.245
1770,0.242
1780,0.222
1790,0.237
1800,0.211
1810,0.206
1820,0.212
1830,0.199
1840,0.221
1850,0.207
1860,0.196
1870,0.194
1880,0.191
1890,0.196
1900,0.206
1910,0.214
1920,0.218
1930,0.226
1940,0.234
1950,0.214
1960,0.189
1970,0.217
1980,0.204
1990,0.211
2000,0.203
2010,0.206
2020,0.199
2030,0.202
2040,0.175
2050,0.183
2060,0.158
2070,0.183
2080,0.192
2090,0.196
2100,0.214
2110,0.198
2120,0.207
2130,0.195
2140,0.198
2150,0.188
2160,0.198
2170,0.183
2180,0.176
2190,0.161
2200,0.158
2210,0.157
2220,0.145
2230,0.146
2240,0.142
2250,0.150
2260,0.146
2270,0.130
2280,0.129
2290,0.131
2300,0.118
2310,0.126
2320,0.122
2330,0.104
2340,0.106
2350,0.104
2360,0.110
2370,0.110
2380,0.106
2390,0.084
2400,0.103
2410,0.104
2420,0.115
2430,0.137
2440,0.126
2450,0.114
2460,0.116
2470,0.130
2480,0.134
2490,0.114
2500,0.111
2510,0.101
2520,0.103
2530,0.104
2540,0.107
2550,0.116
2560,0.112
2570,0.103
2580,0.097
2590,0.096
2600,0.101
2610,0.103
2620,0.097
2630,0.106
2640,0.088
2650,0.089
2660,0.087
2670,0.083
2680,0.092
2690,0.097
2700,0.118
2710,0.103
2720,0.111
2730,0.112
2740,0.103
2750,0.097
2760,0.108
2770,0.100
2780,0.115
2790,0.107
2800,0.100
2810,0.100
2820,0.085
2830,0.077
2840,0.088
2850,0.088
2860,0.088
2870,0.088
2880,0.072
2890,0.085
2900,0.084
2910,0.089
2920,0.083
2930,0.064
2940,0.076
2950,0.068
2960,0.074
2970,0.081
2980,0.054
2990,0.061
3000,0.081
3010,0.091
3020,0.078
3030,0.073
3040,0.072
3050,0.060
3060,0.060
3070,0.073
3080,0.087
3090,0.078
3100,0.062
3110,0.068
3120,0.050
3130,0.058
3140,0.051
3150,0.054
3160,0.072
3170,0.065
3180,0.073
3190,0.069
3200,0.088
3210,0.087
3220,0.085
3230,0.085
3240,0.080
3250,0.074
3260,0.073
3270,0.070
3280,0.069
3290,0.064
3300,0.073
3310,0.073
3320,0.077
3330,0.076
3340,0.058
3350,0.062
3360,0.051
3370,0.054
3380,0.051
3390,0.045
3400,0.054
3410,0.055
3420,0.057
3430,0.053
3440,0.058
3450,0.053
3460,0.061
3470,0.058
3480,0.060
3490,0.072
3500,0.068
3510,0.065
3520,0.065
3530,0.057
3540,0.054
3550,0.058
3560,0.050
3570,0.068
3580,0.046
3590,0.057
3600,0.046
3610,0.032
3620,0.045
3630,0.043
3640,0.035
3650,0.041
3660,0.038
3670,0.032
3680,0.032
3690,0.035
3700,0.037
3710,0.035
3720,0.034
3730,0.042
3740,0.038
3750,0.039
3760,0.027
3770,0.035
3780,0.039
3790,0.051
3800,0.051
3810,0.051
3820,0.058
3830,0.051
3840,0.055
3850,0.042
3860,0.037
3870,0.043
3880,0.051
3890,0.042
3900,0.046
3910,0.035
3920,0.042
3930,0.042
3940,0.041
3950,0.039
3960,0.037
3970,0.035
3980,0.034
3990,0.031
4000,0.031
4010,0.037
4020,0.028
4030,0.034
4040,0.045
4050,0.046
4060,0.051
4070,0.042
4080,0.037
4090,0.043
4100,0.043
4110,0.047
4120,0.043
4130,0.055
4140,0.051
4150,0.064
4160,0.049
4170,0.043
4180,0.037
4190,0.043
4200,0.039
4210,0.039
4220,0.045
4230,0.043
4240,0.049
4250,0.045
4260,0.043
4270,0.051
4280,0.047
4290,0.046
4300,0.055
4310,0.043
4320,0.053
4330,0.057
4340,0.050
4350,0.043
4360,0.050
4370,0.065
4380,0.050
4390,0.055
4400,0.038
4410,0.037
4420,0.042
4430,0.049
4440,0.047
4450,0.047
4460,0.050
4470,0.054
4480,0.041
4490,0.039
4500,0.050
4510,0.050
4520,0.055
4530,0.051
4540,0.043
4550,0.057
4560,0.046
4570,0.055
4580,0.047
4590,0.054
4600,0.062
4610,0.065
4620,0.066
4630,0.068
4640,0.080
4650,0.061
4660,0.069
4670,0.073
4680,0.062
4690,0.062
4700,0.070
4710,0.058
4720,0.058
4730,0.061
4740,0.072
4750,0.068
4760,0.065
4770,0.064
4780,0.073
4790,0.058
4800,0.074
4810,0.078
4820,0.074
4830,0.061
4840,0.058
4850,0.065
4860,0.060
4870,0.066
4880,0.077
4890,0.062
4900,0.065
4910,0.061
4920,0.060
4930,0.062
4940,0.060
4950,0.054
4960,0.058
4970,0.042
4980,0.054
4990,0.058
5000,0.074
5010,0.072
5020,0.081
5030,0.062
5040,0.060
5050,0.072
5060,0.072
5070,0.054
5080,0.076
5090,0.078
5100,0.068
5110,0.065
5120,0.055
5130,0.058
5140,0.068
5150,0.057
5160,0.054
5170,0.051
5180,0.054
5190,0.062
5200,0.064
5210,0.038
5220,0.038
5230,0.051
5240,0.064
5250,0.058
5260,0.057
5270,0.057
5280,0.066
5290,0.057
5300,0.065
5310,0.050
5320,0.042
5330,0.047
5340,0.055
5350,0.043
5360,0.046
5370,0.050
5380,0.045
5390,0.042
5400,0.042
5410,0.049
5420,0.049
5430,0.046
5440,0.051
5450,0.038
5460,0.051
5470,0.041
5480,0.043
5490,0.051
5500,0.053
5510,0.060
5520,0.050
5530,0.045
5540,0.049
5550,0.046
5560,0.043
5570,0.042
5580,0.049
5590,0.046
5600,0.043
5610,0.038
5620,0.046
5630,0.041
5640,0.038
5650,0.034
5660,0.031
5670,0.041
5680,0.030
5690,0.035
5700,0.045
5710,0.046
5720,0.023
5730,0.035
5740,0.037
5750,0.038
5760,0.037
5770,0.035
5780,0.028
5790,0.031
5800,0.028
5810,0.032
5820,0.026
5830,0.041
5840,0.030
5850,0.043
5860,0.038
5870,0.045
5880,0.047
5890,0.046
5900,0.046
5910,0.035
5920,0.045
5930,0.042
5940,0.039
5950,0.035
5960,0.050
5970,0.035
5980,0.050
5990,0.050
6000,0.060
6010,0.046
6020,0.041
6030,0.039
6040,0.038
6050,0.042
6060,0.045
6070,0.043
6080,0.046
6090,0.041
6100,0.050
6110,0.041
6120,0.039
6130,0.045
6140,0.049
6150,0.055
6160,0.042
6170,0.050
6180,0.039
6190,0.041
6200,0.038
6210,0.035
6220,0.038
6230,0.031
6240,0.032
6250,0.032
6260,0.042
6270,0.047
6280,0.039
6290,0.039
6300,0.037
6310,0.038
6320,0.043
6330,0.035
6340,0.037
6350,0.037
6360,0.038
6370,0.038
6380,0.035
6390,0.043
6400,0.041
6410,0.032
6420,0.035
6430,0.047
6440,0.042
6450,0.037
6460,0.053
6470,0.043
6480,0.047
6490,0.053
6500,0.058
6510,0.055
6520,0.042
6530,0.053
6540,0.051
6550,0.055
6560,0.061
6570,0.057
6580,0.057
6590,0.055
6600,0.054
6610,0.057
6620,0.055
6630,0.062
6640,0.061
6650,0.055
6660,0.051
6670,0.057
6680,0.064
6690,0.058
6700,0.043
6710,0.045
6720,0.051
6730,0.043
6740,0.046
6750,0.050
6760,0.054
6770,0.058
6780,0.049
6790,0.055
6800,0.051
6810,0.041
6820,0.045
6830,0.045
6840,0.042
6850,0.043
6860,0.045
6870,0.046
6880,0.042
6890,0.047
6900,0.057
6910,0.064
6920,0.054
6930,0.062
6940,0.051
6950,0.051
6960,0.049
6970,0.045
6980,0.055
6990,0.062
7000,0.065
7010,0.060
7020,0.060
7030,0.049
7040,0.045
7050,0.042
7060,0.049
7070,0.045
7080,0.042
7090,0.047
7100,0.047
7110,0.051
7120,0.045
7130,0.049
7140,0.053
7150,0.041
7160,0.030
7170,0.041
7180,0.045
7190,0.046
7200,0.034
7210,0.030
7220,0.037
7230,0.039
7240,0.041
7250,0.037
7260,0.043
7270,0.028
7280,0.035
7290,0.030
7300,0.022
7310,0.024
7320,0.035
7330,0.020
7340,0.028
7350,0.037
7360,0.032
7370,0.046
7380,0.031
7390,0.032
7400,0.028
7410,0.032
7420,0.037
7430,0.039
7440,0.039
7450,0.037
7460,0.031
7470,0.026
7480,0.024
7490,0.027
7500,0.020
7510,0.026
7520,0.022
7530,0.026
7540,0.031
7550,0.031
7560,0.038
7570,0.032
7580,0.037
7590,0.039
7600,0.035
7610,0.035
7620,0.037
7630,0.032
7640,0.030
7650,0.030
7660,0.030
7670,0.041
7680,0.035
7690,0.041
7700,0.035
7710,0.039
7720,0.042
7730,0.038
7740,0.038
7750,0.045
7760,0.042
7770,0.041
7780,0.045
7790,0.038
7800,0.037
7810,0.037
7820,0.035
7830,0.038
7840,0.043
7850,0.035
7860,0.031
7870,0.031
7880,0.038
7890,0.032
7900,0.024
7910,0.038
7920,0.028
7930,0.031
7940,0.026
7950,0.032
7960,0.027
7970,0.024
7980,0.032
7990,0.046
8000,0.045
