# time, fQ
0,0.851
10,0.746
20,0.701
30,0.682
40,0.701
50,0.694
60,0.678
70,0.650
80,0.662
90,0.651
100,0.658
110,0.659
120,0.673
130,0.650
140,0.644
150,0.645
160,0.654
170,0.605
180,0.635
190,0.612
200,0.593
210,0.595
220,0.595
230,0.589
240,0.585
250,0.552
260,0.551
270,0.560
280,0.547
290,0.562
300,0.549
310,0.556
320,0.543
330,0.540
340,0.530
350,0.529
360,0.525
370,0.548
380,0.512
390,0.532
400,0.549
410,0.545
420,0.560
430,0.518
440,0.532
450,0.545
460,0.532
470,0.551
480,0.516
490,0.520
500,0.495
510,0.526
520,0.501
530,0.507
540,0.506
550,0.503
560,0.525
570,0.512
580,0.499
590,0.494
600,0.498
610,0.480
620,0.503
630,0.495
640,0.491
650,0.493
660,0.479
670,0.471
680,0.436
690,0.460
700,0.470
710,0.463
720,0.465
730,0.461
740,0.449
750,0.487
760,0.478
770,0.476
780,0.459
790,0.464
800,0.468
810,0.467
820,0.455
830,0.455
840,0.422
850,0.421
860,0.424
870,0.411
880,0.415
890,0.413
900,0.409
910,0.395
920,0.395
930,0.387
940,0.411
950,0.376
960,0.371
970,0.395
980,0.424
990,0.388
1000,0.406
1010,0.368
1020,0.363
1030,0.380
1040,0.373
1050,0.376
1060,0.375
1070,0.396
1080,0.406
1090,0.375
1100,0.364
1110,0.369
1120,0.379
1130,0.387
1140,0.367
1150,0.401
1160,0.364
1170,0.357
1180,0.359
1190,0.364
1200,0.349
1210,0.359
1220,0.336
1230,0.350
1240,0.360
1250,0.344
1260,0.342
1270,0.334
1280,0.310
1290,0.309
1300,0.304
1310,0.281
1320,0.292
1330,0.309
1340,0.286
1350,0.291
1360,0.277
1370,0.304
1380,0.268
1390,0.288
1400,0.294
1410,0.284
1420,0.288
1430,0.277
1440,0.284
1450,0.280
1460,0.290
1470,0.279
1480,0.244
1490,0.257
1500,0.254
1510,0.237
1520,0.248
1530,0.254
1540,0.240
1550,0.230
1560,0.231
1570,0.252
1580,0.231
1590,0.241
1600,0.245
1610,0.211
1620,0.246
1630,0.229
1640,0.227
1650,0.223
1660,0.234
1670,0.238
1680,0.223
1690,0.222
1700,0.207
1710,0.191
1720,0.183
1730,0.203
1740,0.206
1750,0.196
1760,0.191
1770,0.187
1780,0.191
1790,0.212
1800,0.202
1810,0.191
1820,0.184
1830,0.203
1840,0.198
1850,0.206
1860,0.196
1870,0.206
1880,0.203
1890,0.212
1900,0.199
1910,0.187
1920,0.169
1930,0.175
1940,0.164
1950,0.160
1960,0.150
1970,0.166
1980,0.181
1990,0.181
2000,0.196
2010,0.194
2020,0.192
2030,0.191
2040,0.199
2050,0.183
2060,0.181
2070,0.188
2080,0.176
2090,0.175
2100,0.162
2110,0.165
2120,0.183
2130,0.183
2140,0.183
2150,0.173
2160,0.171
2170,0.169
2180,0.180
2190,0.180
2200,0.157
2210,0.161
2220,0.149
2230,0.166
2240,0.158
2250,0.166
2260,0.175
2270,0.152
2280,0.162
2290,0.164
2300,0.175
2310,0.184
2320,0.195
2330,0.185
2340,0.181
2350,0.196
2360,0.188
2370,0.200
2380,0.200
2390,0.194
2400,0.191
2410,0.200
2420,0.195
2430,0.200
2440,0.179
2450,0.179
2460,0.165
2470,0.146
2480,0.150
2490,0.168
2500,0.173
2510,0.169
2520,0.176
2530,0.164
2540,0.157
2550,0.156
2560,0.133
2570,0.143
2580,0.126
2590,0.139
2600,0.139
2610,0.152
2620,0.145
2630,0.141
2640,0.152
2650,0.150
2660,0.168
2670,0.157
2680,0.154
2690,0.150
2700,0.138
2710,0.150
2720,0.129
2730,0.127
2740,0.126
2750,0.119
2760,0.131
2770,0.134
2780,0.124
2790,0.120
2800,0.129
2810,0.124
2820,0.129
2830,0.138
2840,0.135
2850,0.138
2860,0.139
2870,0.130
2880,0.146
2890,0.124
2900,0.142
2910,0.129
2920,0.127
2930,0.116
2940,0.114
2950,0.116
2960,0.110
2970,0.129
2980,0.134
2990,0.142
3000,0.141
3010,0.141
3020,0.131
3030,0.139
3040,0.127
3050,0.131
3060,0.119
3070,0.131
3080,0.135
3090,0.114
3100,0.116
3110,0.123
3120,0.100
3130,0.110
3140,0.118
3150,0.100
3160,0.108
3170,0.114
3180,0.112
3190,0.116
3200,0.119
3210,0.110
3220,0.112
3230,0.107
3240,0.112
3250,0.112
3260,0.111
3270,0.116
3280,0.112
3290,0.111
3300,0.099
3310,0.092
3320,0.092
3330,0.092
3340,0.119
3350,0.106
3360,0.088
3370,0.091
3380,0.096
3390,0.114
3400,0.100
3410,0.096
3420,0.096
3430,0.084
3440,0.080
3450,0.077
3460,0.085
3470,0.078
3480,0.083
3490,0.089
3500,0.083
3510,0.073
3520,0.078
3530,0.069
3540,0.078
3550,0.084
3560,0.087
3570,0.069
3580,0.070
3590,0.064
3600,0.068
3610,0.066
3620,0.069
3630,0.068
3640,0.073
3650,0.072
3660,0.061
3670,0.070
3680,0.062
3690,0.065
3700,0.064
3710,0.066
3720,0.072
3730,0.070
3740,0.066
3750,0.073
3760,0.073
3770,0.066
3780,0.061
3790,0.065
3800,0.066
3810,0.065
3820,0.064
3830,0.051
3840,0.064
3850,0.070
3860,0.073
3870,0.070
3880,0.073
3890,0.072
3900,0.068
3910,0.051
3920,0.054
3930,0.065
3940,0.065
3950,0.049
3960,0.055
3970,0.054
3980,0.050
3990,0.051
4000,0.045
4010,0.042
4020,0.041
4030,0.032
4040,0.043
4050,0.042
4060,0.037
4070,0.045
4080,0.047
4090,0.062
4100,0.051
4110,0.051
4120,0.047
4130,0.047
4140,0.050
4150,0.050
4160,0.054
4170,0.058
4180,0.064
4190,0.041
4200,0.043
4210,0.058
4220,0.054
4230,0.047
4240,0.053
4250,0.061
4260,0.049
4270,0.041
4280,0.045
4290,0.042
4300,0.051
4310,0.046
4320,0.046
4330,0.045
4340,0.042
4350,0.055
4360,0.065
4370,0.057
4380,0.055
4390,0.035
4400,0.042
4410,0.049
4420,0.046
4430,0.049
4440,0.055
4450,0.054
4460,0.053
4470,0.043
4480,0.047
4490,0.035
4500,0.038
4510,0.031
4520,0.038
4530,0.034
4540,0.035
4550,0.038
4560,0.032
4570,0.030
4580,0.046
4590,0.028
4600,0.019
4610,0.020
4620,0.023
4630,0.038
4640,0.035
4650,0.050
4660,0.054
4670,0.051
4680,0.047
4690,0.054
4700,0.060
4710,0.046
4720,0.039
4730,0.041
4740,0.035
4750,0.045
4760,0.035
4770,0.055
4780,0.051
4790,0.039
4800,0.038
4810,0.043
4820,0.054
4830,0.038
4840,0.060
4850,0.050
4860,0.051
4870,0.047
4880,0.054
4890,0.042
4900,0.035
4910,0.043
4920,0.058
4930,0.051
4940,0.046
4950,0.051
4960,0.058
4970,0.051
4980,0.058
4990,0.058
5000,0.055
5010,0.046
5020,0.055
5030,0.045
5040,0.054
5050,0.046
5060,0.046
5070,0.043
5080,0.039
5090,0.045
5100,0.035
5110,0.032
5120,0.037
5130,0.030
5140,0.035
5150,0.032
5160,0.031
5170,0.035
5180,0.028
5190,0.024
5200,0.028
5210,0.032
5220,0.030
5230,0.035
5240,0.037
5250,0.039
5260,0.037
5270,0.037
5280,0.038
5290,0.024
5300,0.031
5310,0.032
5320,0.037
5330,0.030
5340,0.032
5350,0.045
5360,0.034
5370,0.031
5380,0.041
5390,0.050
5400,0.047
5410,0.045
5420,0.046
5430,0.047
5440,0.054
5450,0.046
5460,0.046
5470,0.055
5480,0.046
5490,0.057
5500,0.051
5510,0.047
5520,0.050
5530,0.060
5540,0.054
5550,0.050
5560,0.039
5570,0.039
5580,0.037
5590,0.027
5600,0.035
5610,0.043
5620,0.038
5630,0.024
5640,0.026
5650,0.034
5660,0.041
5670,0.045
5680,0.039
5690,0.043
5700,0.028
5710,0.042
5720,0.039
5730,0.032
5740,0.032
5750,0.032
5760,0.035
5770,0.042
5780,0.041
5790,0.031
5800,0.035
5810,0.028
5820,0.037
5830,0.037
5840,0.027
5850,0.031
5860,0.039
5870,0.024
5880,0.026
5890,0.031
5900,0.043
5910,0.039
5920,0.037
5930,0.041
5940,0.043
5950,0.046
5960,0.037
5970,0.043
5980,0.041
5990,0.030
6000,0.032
6010,0.031
6020,0.035
6030,0.042
6040,0.037
6050,0.028
6060,0.026
6070,0.027
6080,0.022
6090,0.047
6100,0.035
6110,0.035
6120,0.032
6130,0.037
6140,0.032
6150,0.043
6160,0.043
6170,0.034
6180,0.028
6190,0.035
6200,0.024
6210,0.032
6220,0.037
6230,0.023
6240,0.024
6250,0.026
6260,0.023
6270,0.034
6280,0.031
6290,0.031
6300,0.037
6310,0.042
6320,0.042
6330,0.045
6340,0.043
6350,0.042
6360,0.039
6370,0.030
6380,0.030
6390,0.034
6400,0.026
6410,0.034
6420,0.030
6430,0.034
6440,0.037
6450,0.039
6460,0.042
6470,0.039
6480,0.022
6490,0.030
6500,0.049
6510,0.047
6520,0.054
6530,0.055
6540,0.049
6550,0.043
6560,0.041
6570,0.041
6580,0.034
6590,0.039
6600,0.037
6610,0.038
6620,0.037
6630,0.031
6640,0.034
6650,0.035
6660,0.031
6670,0.039
6680,0.049
6690,0.050
6700,0.055
6710,0.051
6720,0.058
6730,0.045
6740,0.058
6750,0.055
6760,0.047
6770,0.032
6780,0.043
6790,0.038
6800,0.039
6810,0.030
6820,0.028
6830,0.023
6840,0.026
6850,0.023
6860,0.030
6870,0.030
6880,0.031
6890,0.037
6900,0.039
6910,0.031
6920,0.031
6930,0.034
6940,0.024
6950,0.019
6960,0.023
6970,0.027
6980,0.034
6990,0.039
7000,0.030
7010,0.027
7020,0.031
7030,0.027
7040,0.024
7050,0.030
7060,0.035
7070,0.031
7080,0.030
7090,0.028
7100,0.034
7110,0.037
7120,0.039
7130,0.038
7140,0.042
7150,0.045
7160,0.038
7170,0.039
7180,0.039
7190,0.037
7200,0.041
7210,0.037
7220,0.028
7230,0.031
7240,0.037
7250,0.045
7260,0.031
7270,0.034
7280,0.041
7290,0.038
7300,0.039
7310,0.031
7320,0.034
7330,0.045
7340,0.039
7350,0.035
7360,0.031
7370,0.035
7380,0.038
7390,0.034
7400,0.045
7410,0.031
7420,0.035
7430,0.035
7440,0.035
7450,0.030
7460,0.032
7470,0.027
7480,0.020
7490,0.016
7500,0.022
7510,0.022
7520,0.012
7530,0.024
7540,0.023
7550,0.016
7560,0.020
7570,0.027
7580,0.022
7590,0.023
7600,0.030
7610,0.031
7620,0.015
7630,0.027
7640,0.027
7650,0.035
7660,0.031
7670,0.032
7680,0.028
7690,0.030
7700,0.028
7710,0.031
7720,0.030
7730,0.026
7740,0.020
7750,0.020
7760,0.023
7770,0.023
7780,0.023
7790,0.028
7800,0.024
7810,0.039
7820,0.032
7830,0.031
7840,0.030
7850,0.024
7860,0.034
7870,0.031
7880,0.034
7890,0.030
7900,0.032
7910,0.020
7920,0.019
7930,0.020
7940,0.020
7950,0.024
7960,0.032
7970,0.035
7980,0.027
7990,0.026
8000,0.035
