# time, fQ
0,0.851
10,0.756
20,0.754
30,0.786
40,0.774
50,0.770
60,0.735
70,0.742
80,0.729
90,0.713
100,0.709
110,0.689
120,0.693
130,0.648
140,0.673
150,0.689
160,0.686
170,0.662
180,0.682
190,0.670
200,0.694
210,0.678
220,0.670
230,0.679
240,0.659
250,0.664
260,0.656
270,0.647
280,0.648
290,0.658
300,0.635
310,0.652
320,0.627
330,0.648
340,0.628
350,0.645
360,0.658
370,0.635
380,0.648
390,0.654
400,0.648
410,0.659
420,0.664
430,0.659
440,0.652
450,0.660
460,0.624
470,0.636
480,0.640
490,0.616
500,0.640
510,0.655
520,0.627
530,0.627
540,0.641
550,0.617
560,0.610
570,0.609
580,0.644
590,0.637
600,0.640
610,0.633
620,0.658
630,0.645
640,0.632
650,0.641
660,0.651
670,0.650
680,0.640
690,0.639
700,0.616
710,0.614
720,0.629
730,0.640
740,0.617
750,0.598
760,0.591
770,0.605
780,0.620
790,0.643
800,0.612
810,0.622
820,0.643
830,0.632
840,0.609
850,0.616
860,0.606
870,0.606
880,0.572
890,0.595
900,0.586
910,0.632
920,0.617
930,0.609
940,0.627
950,0.610
960,0.613
970,0.629
980,0.616
990,0.624
1000,0.628
1010,0.620
1020,0.640
1030,0.635
1040,0.601
1050,0.605
1060,0.612
1070,0.605
1080,0.590
1090,0.586
1100,0.602
1110,0.572
1120,0.606
1130,0.605
1140,0.614
1150,0.628
1160,0.593
1170,0.610
1180,0.595
1190,0.609
1200,0.631
1210,0.601
1220,0.604
1230,0.602
1240,0.578
1250,0.586
1260,0.604
1270,0.591
1280,0.585
1290,0.594
1300,0.581
1310,0.576
1320,0.589
1330,0.576
1340,0.563
1350,0.572
1360,0.571
1370,0.591
1380,0.575
1390,0.563
1400,0.586
1410,0.544
1420,0.536
1430,0.560
1440,0.597
1450,0.551
1460,0.551
1470,0.517
1480,0.539
1490,0.530
1500,0.548
1510,0.543
1520,0.532
1530,0.547
1540,0.522
1550,0.552
1560,0.543
1570,0.537
1580,0.543
1590,0.566
1600,0.553
1610,0.532
1620,0.544
1630,0.563
1640,0.543
1650,0.555
1660,0.533
1670,0.520
1680,0.505
1690,0.509
1700,0.506
1710,0.514
1720,0.516
1730,0.530
1740,0.510
1750,0.506
1760,0.522
1770,0.502
1780,0.478
1790,0.484
1800,0.486
1810,0.483
1820,0.474
1830,0.467
1840,0.455
1850,0.457
1860,0.470
1870,0.480
1880,0.487
1890,0.474
1900,0.490
1910,0.503
1920,0.487
1930,0.507
1940,0.506
1950,0.478
1960,0.472
1970,0.474
1980,0.455
1990,0.451
2000,0.449
2010,0.449
2020,0.436
2030,0.433
2040,0.440
2050,0.460
2060,0.471
2070,0.440
2080,0.433
2090,0.418
2100,0.424
2110,0.417
2120,0.452
2130,0.425
2140,0.413
2150,0.430
2160,0.437
2170,0.437
2180,0.414
2190,0.448
2200,0.419
2210,0.422
2220,0.433
2230,0.437
2240,0.453
2250,0.430
2260,0.437
2270,0.444
2280,0.436
2290,0.463
2300,0.444
2310,0.429
2320,0.421
2330,0.434
2340,0.432
2350,0.419
2360,0.402
2370,0.399
2380,0.422
2390,0.409
2400,0.409
2410,0.418
2420,0.419
2430,0.428
2440,0.426
2450,0.434
2460,0.426
2470,0.413
2480,0.437
2490,0.414
2500,0.428
2510,0.409
2520,0.413
2530,0.399
2540,0.379
2550,0.387
2560,0.402
2570,0.376
2580,0.378
2590,0.390
2600,0.388
2610,0.395
2620,0.391
2630,0.382
2640,0.368
2650,0.361
2660,0.357
2670,0.372
2680,0.364
2690,0.390
2700,0.365
2710,0.350
2720,0.350
2730,0.367
2740,0.376
2750,0.353
2760,0.357
2770,0.355
2780,0.350
2790,0.338
2800,0.333
2810,0.334
2820,0.334
2830,0.338
2840,0.330
2850,0.319
2860,0.307
2870,0.296
2880,0.275
2890,0.306
2900,0.298
2910,0.286
2920,0.290
2930,0.287
2940,0.267
2950,0.286
2960,0.286
2970,0.294
2980,0.292
2990,0.269
3000,0.268
3010,0.284
3020,0.246
3030,0.261
3040,0.252
3050,0.283
3060,0.261
3070,0.244
3080,0.245
3090,0.241
3100,0.238
3110,0.212
3120,0.217
3130,0.221
3140,0.206
3150,0.210
3160,0.238
3170,0.222
3180,0.235
3190,0.215
3200,0.237
3210,0.237
3220,0.223
3230,0.226
3240,0.227
3250,0.230
3260,0.231
3270,0.225
3280,0.240
3290,0.227
3300,0.207
3310,0.208
3320,0.212
3330,0.212
3340,0.212
3350,0.192
3360,0.166
3370,0.156
3380,0.168
3390,0.164
3400,0.183
3410,0.177
3420,0.166
3430,0.152
3440,0.150
3450,0.150
3460,0.166
3470,0.166
3480,0.172
3490,0.169
3500,0.176
3510,0.168
3520,0.173
3530,0.181
3540,0.180
3550,0.164
3560,0.160
3570,0.177
3580,0.191
3590,0.175
3600,0.161
3610,0.169
3620,0.173
3630,0.158
3640,0.150
3650,0.142
3660,0.133
3670,0.120
3680,0.129
3690,0.123
3700,0.137
3710,0.129
3720,0.131
3730,0.139
3740,0.133
3750,0.127
3760,0.141
3770,0.130
3780,0.147
3790,0.139
3800,0.129
3810,0.145
3820,0.141
3830,0.131
3840,0.150
3850,0.133
3860,0.124
3870,0.135
3880,0.130
3890,0.112
3900,0.122
3910,0.120
3920,0.119
3930,0.126
3940,0.118
3950,0.135
3960,0.114
3970,0.091
3980,0.099
3990,0.106
4000,0.108
4010,0.108
4020,0.103
4030,0.107
4040,0.114
4050,0.112
4060,0.096
4070,0.106
4080,0.114
4090,0.108
4100,0.101
4110,0.103
4120,0.111
4130,0.111
4140,0.115
4150,0.123
4160,0.114
4170,0.112
4180,0.085
4190,0.101
4200,0.088
4210,0.099
4220,0.088
4230,0.092
4240,0.089
4250,0.096
4260,0.100
4270,0.091
4280,0.095
4290,0.087
4300,0.083
4310,0.083
4320,0.069
4330,0.069
4340,0.083
4350,0.069
4360,0.070
4370,0.073
4380,0.062
4390,0.060
4400,0.062
4410,0.050
4420,0.049
4430,0.050
4440,0.060
4450,0.049
4460,0.050
4470,0.051
4480,0.057
4490,0.045
4500,0.060
4510,0.053
4520,0.057
4530,0.050
4540,0.055
4550,0.038
4560,0.037
4570,0.051
4580,0.035
4590,0.030
4600,0.035
4610,0.034
4620,0.035
4630,0.037
4640,0.046
4650,0.037
4660,0.039
4670,0.032
4680,0.023
4690,0.035
4700,0.034
4710,0.042
4720,0.031
4730,0.039
4740,0.028
4750,0.032
4760,0.026
4770,0.031
4780,0.041
4790,0.042
4800,0.037
4810,0.034
4820,0.037
4830,0.039
4840,0.038
4850,0.039
4860,0.038
4870,0.034
4880,0.045
4890,0.051
4900,0.057
4910,0.049
4920,0.043
4930,0.041
4940,0.043
4950,0.047
4960,0.047
4970,0.061
4980,0.065
4990,0.057
5000,0.054
5010,0.055
5020,0.053
5030,0.034
5040,0.039
5050,0.041
5060,0.039
5070,0.042
5080,0.041
5090,0.046
5100,0.037
5110,0.047
5120,0.051
5130,0.043
5140,0.060
5150,0.066
5160,0.064
5170,0.065
5180,0.066
5190,0.068
5200,0.064
5210,0.062
5220,0.062
5230,0.053
5240,0.057
5250,0.054
5260,0.049
5270,0.049
5280,0.041
5290,0.047
5300,0.043
5310,0.030
5320,0.041
5330,0.046
5340,0.038
5350,0.042
5360,0.050
5370,0.054
5380,0.055
5390,0.060
5400,0.055
5410,0.053
5420,0.051
5430,0.062
5440,0.051
5450,0.057
5460,0.062
5470,0.060
5480,0.062
5490,0.064
5500,0.060
5510,0.078
5520,0.069
5530,0.065
5540,0.053
5550,0.051
5560,0.051
5570,0.054
5580,0.050
5590,0.042
5600,0.051
5610,0.054
5620,0.043
5630,0.057
5640,0.057
5650,0.062
5660,0.064
5670,0.062
5680,0.070
5690,0.073
5700,0.064
5710,0.064
5720,0.065
5730,0.060
5740,0.062
5750,0.064
5760,0.058
5770,0.050
5780,0.049
5790,0.051
5800,0.055
5810,0.062
5820,0.060
5830,0.062
5840,0.055
5850,0.057
5860,0.051
5870,0.051
5880,0.043
5890,0.037
5900,0.047
5910,0.051
5920,0.055
5930,0.046
5940,0.038
5950,0.050
5960,0.046
5970,0.049
5980,0.054
5990,0.047
6000,0.054
6010,0.050
6020,0.057
6030,0.046
6040,0.050
6050,0.050
6060,0.050
6070,0.057
6080,0.057
6090,0.053
6100,0.051
6110,0.050
6120,0.042
6130,0.047
6140,0.039
6150,0.047
6160,0.053
6170,0.038
6180,0.037
6190,0.030
6200,0.030
6210,0.042
6220,0.030
6230,0.042
6240,0.037
6250,0.035
6260,0.037
6270,0.047
6280,0.043
6290,0.039
6300,0.031
6310,0.050
6320,0.057
6330,0.043
6340,0.039
6350,0.038
6360,0.042
6370,0.046
6380,0.062
6390,0.060
6400,0.064
6410,0.054
6420,0.058
6430,0.053
6440,0.061
6450,0.049
6460,0.041
6470,0.050
6480,0.031
6490,0.030
6500,0.031
6510,0.035
6520,0.038
6530,0.043
6540,0.038
6550,0.034
6560,0.032
6570,0.038
6580,0.037
6590,0.041
6600,0.045
6610,0.041
6620,0.037
6630,0.038
6640,0.031
6650,0.024
6660,0.037
6670,0.034
6680,0.041
6690,0.037
6700,0.039
6710,0.038
6720,0.031
6730,0.030
6740,0.028
6750,0.024
6760,0.035
6770,0.034
6780,0.037
6790,0.028
6800,0.037
6810,0.028
6820,0.046
6830,0.054
6840,0.041
6850,0.039
6860,0.041
6870,0.035
6880,0.035
6890,0.035
6900,0.038
6910,0.037
6920,0.045
6930,0.045
6940,0.047
6950,0.038
6960,0.038
6970,0.041
6980,0.032
6990,0.043
7000,0.049
7010,0.045
7020,0.046
7030,0.034
7040,0.026
7050,0.034
7060,0.034
7070,0.039
7080,0.027
7090,0.028
7100,0.031
7110,0.032
7120,0.042
7130,0.034
7140,0.030
7150,0.030
7160,0.030
7170,0.031
7180,0.037
7190,0.030
7200,0.028
7210,0.031
7220,0.046
7230,0.034
7240,0.032
7250,0.032
7260,0.024
7270,0.030
7280,0.026
7290,0.032
7300,0.023
7310,0.030
7320,0.030
7330,0.023
7340,0.024
7350,0.019
7360,0.023
7370,0.027
7380,0.031
7390,0.032
7400,0.030
7410,0.023
7420,0.026
7430,0.028
7440,0.032
7450,0.035
7460,0.038
7470,0.038
7480,0.030
7490,0.030
7500,0.027
7510,0.020
7520,0.018
7530,0.024
7540,0.024
7550,0.027
7560,0.031
7570,0.026
7580,0.030
7590,0.031
7600,0.028
7610,0.026
7620,0.030
7630,0.031
7640,0.035
7650,0.037
7660,0.046
7670,0.042
7680,0.041
7690,0.042
7700,0.037
7710,0.041
7720,0.042
7730,0.028
7740,0.038
7750,0.031
7760,0.035
7770,0.038
7780,0.041
7790,0.047
7800,0.037
7810,0.038
7820,0.034
7830,0.032
7840,0.032
7850,0.032
7860,0.023
7870,0.026
7880,0.023
7890,0.032
7900,0.028
7910,0.034
7920,0.026
7930,0.030
7940,0.028
7950,0.034
7960,0.034
7970,0.035
7980,0.031
7990,0.034
8000,0.034
