# time, fQ
0,0.704
10,0.602
20,0.564
30,0.568
40,0.553
50,0.560
60,0.545
70,0.517
80,0.521
90,0.540
100,0.529
110,0.510
120,0.510
130,0.488
140,0.502
150,0.514
160,0.497
170,0.475
180,0.465
190,0.464
200,0.455
210,0.452
220,0.451
230,0.440
240,0.429
250,0.413
260,0.430
270,0.419
280,0.422
290,0.438
300,0.424
310,0.471
320,0.456
330,0.479
340,0.475
350,0.467
360,0.470
370,0.474
380,0.486
390,0.491
400,0.457
410,0.475
420,0.478
430,0.480
440,0.495
450,0.444
460,0.455
470,0.422
480,0.434
490,0.434
500,0.432
510,0.438
520,0.415
530,0.442
540,0.434
550,0.459
560,0.433
570,0.461
580,0.447
590,0.444
600,0.444
610,0.441
620,0.478
630,0.452
640,0.459
650,0.437
660,0.430
670,0.445
680,0.453
690,0.434
700,0.448
710,0.444
720,0.455
730,0.437
740,0.441
750,0.402
760,0.413
770,0.441
780,0.428
790,0.452
800,0.415
810,0.407
820,0.415
830,0.418
840,0.406
850,0.422
860,0.417
870,0.429
880,0.409
890,0.398
900,0.402
910,0.386
920,0.396
930,0.361
940,0.367
950,0.353
960,0.352
970,0.352
980,0.367
990,0.376
1000,0.382
1010,0.367
1020,0.369
1030,0.396
1040,0.401
1050,0.380
1060,0.372
1070,0.384
1080,0.363
1090,0.355
1100,0.361
1110,0.346
1120,0.359
1130,0.367
1140,0.364
1150,0.369
1160,0.357
1170,0.360
1180,0.372
1190,0.367
1200,0.360
1210,0.380
1220,0.368
1230,0.352
1240,0.346
1250,0.359
1260,0.355
1270,0.353
1280,0.355
1290,0.352
1300,0.336
1310,0.346
1320,0.329
1330,0.326
1340,0.353
1350,0.349
1360,0.360
1370,0.352
1380,0.329
1390,0.345
1400,0.321
1410,0.302
1420,0.334
1430,0.338
1440,0.353
1450,0.333
1460,0.345
1470,0.355
1480,0.333
1490,0.342
1500,0.352
1510,0.342
1520,0.346
1530,0.352
1540,0.342
1550,0.333
1560,0.319
1570,0.314
1580,0.322
1590,0.313
1600,0.306
1610,0.314
1620,0.306
1630,0.327
1640,0.306
1650,0.323
1660,0.303
1670,0.325
1680,0.295
1690,0.309
1700,0.271
1710,0.300
1720,0.284
1730,0.264
1740,0.273
1750,0.273
1760,0.276
1770,0.300
1780,0.272
1790,0.263
1800,0.271
1810,0.246
1820,0.248
1830,0.244
1840,0.252
1850,0.257
1860,0.241
1870,0.235
1880,0.246
1890,0.240
1900,0.233
1910,0.219
1920,0.219
1930,0.222
1940,0.240
1950,0.229
1960,0.221
1970,0.235
1980,0.238
1990,0.227
2000,0.241
2010,0.233
2020,0.223
2030,0.214
2040,0.217
2050,0.206
2060,0.206
2070,0.218
2080,0.227
2090,0.226
2100,0.229
2110,0.237
2120,0.234
2130,0.231
2140,0.238
2150,0.233
2160,0.227
2170,0.225
2180,0.221
2190,0.218
2200,0.227
2210,0.223
2220,0.206
2230,0.221
2240,0.229
2250,0.226
2260,0.218
2270,0.215
2280,0.240
2290,0.223
2300,0.217
2310,0.203
2320,0.210
2330,0.219
2340,0.223
2350,0.208
2360,0.211
2370,0.233
2380,0.211
2390,0.227
2400,0.212
2410,0.206
2420,0.208
2430,0.206
2440,0.181
2450,0.207
2460,0.207
2470,0.208
2480,0.204
2490,0.211
2500,0.211
2510,0.208
2520,0.195
2530,0.188
2540,0.169
2550,0.173
2560,0.196
2570,0.191
2580,0.204
2590,0.196
2600,0.196
2610,0.204
2620,0.175
2630,0.195
2640,0.191
2650,0.185
2660,0.189
2670,0.191
2680,0.195
2690,0.192
2700,0.184
2710,0.172
2720,0.176
2730,0.160
2740,0.156
2750,0.156
2760,0.154
2770,0.179
2780,0.177
2790,0.176
2800,0.164
2810,0.154
2820,0.181
2830,0.175
2840,0.168
2850,0.171
2860,0.157
2870,0.183
2880,0.175
2890,0.172
2900,0.173
2910,0.149
2920,0.146
2930,0.131
2940,0.142
2950,0.129
2960,0.124
2970,0.146
2980,0.152
2990,0.145
3000,0.139
3010,0.142
3020,0.142
3030,0.147
3040,0.142
3050,0.162
3060,0.162
3070,0.142
3080,0.165
3090,0.143
3100,0.156
3110,0.150
3120,0.129
3130,0.150
3140,0.146
3150,0.137
3160,0.126
3170,0.133
3180,0.137
3190,0.131
3200,0.123
3210,0.123
3220,0.118
3230,0.131
3240,0.114
3250,0.130
3260,0.133
3270,0.112
3280,0.137
3290,0.135
3300,0.150
3310,0.160
3320,0.165
3330,0.177
3340,0.142
3350,0.147
3360,0.137
3370,0.135
3380,0.146
3390,0.137
3400,0.141
3410,0.124
3420,0.119
3430,0.120
3440,0.129
3450,0.131
3460,0.142
3470,0.137
3480,0.124
3490,0.112
3500,0.120
3510,0.135
3520,0.124
3530,0.115
3540,0.112
3550,0.116
3560,0.123
3570,0.129
3580,0.120
3590,0.106
3600,0.097
3610,0.108
3620,0.114
3630,0.106
3640,0.110
3650,0.091
3660,0.088
3670,0.088
3680,0.087
3690,0.093
3700,0.083
3710,0.083
3720,0.076
3730,0.087
3740,0.095
3750,0.084
3760,0.073
3770,0.072
3780,0.074
3790,0.065
3800,0.066
3810,0.061
3820,0.081
3830,0.076
3840,0.074
3850,0.072
3860,0.074
3870,0.088
3880,0.073
3890,0.065
3900,0.064
3910,0.068
3920,0.068
3930,0.073
3940,0.072
3950,0.073
3960,0.062
3970,0.062
3980,0.051
3990,0.078
4000,0.066
4010,0.083
4020,0.073
4030,0.070
4040,0.077
4050,0.064
4060,0.058
4070,0.060
4080,0.064
4090,0.055
4100,0.047
4110,0.057
4120,0.070
4130,0.068
4140,0.060
4150,0.074
4160,0.077
4170,0.057
4180,0.058
4190,0.053
4200,0.051
4210,0.058
4220,0.051
4230,0.058
4240,0.047
4250,0.053
4260,0.050
4270,0.046
4280,0.053
4290,0.045
4300,0.047
4310,0.045
4320,0.045
4330,0.057
4340,0.050
4350,0.051
4360,0.057
4370,0.050
4380,0.043
4390,0.051
4400,0.054
4410,0.054
4420,0.037
4430,0.047
4440,0.053
4450,0.051
4460,0.042
4470,0.042
4480,0.038
4490,0.038
4500,0.039
4510,0.034
4520,0.039
4530,0.046
4540,0.030
4550,0.030
4560,0.039
4570,0.047
4580,0.039
4590,0.045
4600,0.041
4610,0.037
4620,0.038
4630,0.027
4640,0.034
4650,0.031
4660,0.037
4670,0.030
4680,0.042
4690,0.039
4700,0.030
4710,0.041
4720,0.031
4730,0.031
4740,0.030
4750,0.035
4760,0.030
4770,0.042
4780,0.041
4790,0.031
4800,0.034
4810,0.027
4820,0.030
4830,0.026
4840,0.023
4850,0.030
4860,0.022
4870,0.028
4880,0.030
4890,0.032
4900,0.037
4910,0.043
4920,0.041
4930,0.030
4940,0.037
4950,0.028
4960,0.038
4970,0.042
4980,0.035
4990,0.047
5000,0.041
5010,0.037
5020,0.024
5030,0.027
5040,0.030
5050,0.027
5060,0.024
5070,0.028
5080,0.034
5090,0.023
5100,0.026
5110,0.024
5120,0.034
5130,0.037
5140,0.030
5150,0.035
5160,0.041
5170,0.028
5180,0.031
5190,0.023
5200,0.041
5210,0.026
5220,0.027
5230,0.030
5240,0.028
5250,0.032
5260,0.022
5270,0.022
5280,0.019
5290,0.030
5300,0.026
5310,0.026
5320,0.026
5330,0.032
5340,0.023
5350,0.031
5360,0.039
5370,0.042
5380,0.038
5390,0.034
5400,0.028
5410,0.030
5420,0.039
5430,0.037
5440,0.031
5450,0.032
5460,0.035
5470,0.032
5480,0.030
5490,0.032
5500,0.034
5510,0.039
5520,0.039
5530,0.037
5540,0.045
5550,0.038
5560,0.047
5570,0.045
5580,0.041
5590,0.038
5600,0.030
5610,0.034
5620,0.042
5630,0.030
5640,0.035
5650,0.043
5660,0.049
5670,0.038
5680,0.035
5690,0.027
5700,0.034
5710,0.034
5720,0.039
5730,0.051
5740,0.053
5750,0.049
5760,0.061
5770,0.053
5780,0.054
5790,0.043
5800,0.043
5810,0.050
5820,0.051
5830,0.049
5840,0.049
5850,0.050
5860,0.038
5870,0.053
5880,0.046
5890,0.050
5900,0.053
5910,0.060
5920,0.060
5930,0.055
5940,0.064
5950,0.049
5960,0.045
5970,0.043
5980,0.041
5990,0.043
6000,0.055
6010,0.045
6020,0.050
6030,0.050
6040,0.043
6050,0.045
6060,0.035
6070,0.038
6080,0.047
6090,0.047
6100,0.054
6110,0.047
6120,0.050
6130,0.039
6140,0.049
6150,0.041
6160,0.043
6170,0.041
6180,0.038
6190,0.037
6200,0.046
6210,0.042
6220,0.041
6230,0.037
6240,0.041
6250,0.043
6260,0.037
6270,0.042
6280,0.035
6290,0.038
6300,0.047
6310,0.038
6320,0.037
6330,0.035
6340,0.039
6350,0.042
6360,0.043
6370,0.041
6380,0.046
6390,0.051
6400,0.042
6410,0.042
6420,0.035
6430,0.034
6440,0.041
6450,0.037
6460,0.034
6470,0.024
6480,0.039
6490,0.034
6500,0.037
6510,0.034
6520,0.032
6530,0.041
6540,0.031
6550,0.032
6560,0.039
6570,0.032
6580,0.028
6590,0.024
6600,0.032
6610,0.030
6620,0.031
6630,0.032
6640,0.042
6650,0.046
6660,0.030
6670,0.043
6680,0.038
6690,0.035
6700,0.039
6710,0.037
6720,0.041
6730,0.041
6740,0.045
6750,0.026
6760,0.035
6770,0.031
6780,0.031
6790,0.031
6800,0.043
6810,0.046
6820,0.035
6830,0.038
6840,0.038
6850,0.034
6860,0.038
6870,0.046
6880,0.047
6890,0.037
6900,0.038
6910,0.035
6920,0.028
6930,0.030
6940,0.032
6950,0.042
6960,0.045
6970,0.041
6980,0.047
6990,0.038
7000,0.039
7010,0.051
7020,0.045
7030,0.051
7040,0.053
7050,0.047
7060,0.030
7070,0.028
7080,0.027
7090,0.038
7100,0.031
7110,0.041
7120,0.038
7130,0.045
7140,0.046
7150,0.062
7160,0.042
7170,0.037
7180,0.038
7190,0.030
7200,0.030
7210,0.032
7220,0.028
7230,0.045
7240,0.037
7250,0.042
7260,0.032
7270,0.030
7280,0.035
7290,0.030
7300,0.045
7310,0.038
7320,0.042
7330,0.043
7340,0.041
7350,0.039
7360,0.050
7370,0.043
7380,0.049
7390,0.053
7400,0.047
7410,0.034
7420,0.034
7430,0.043
7440,0.034
7450,0.027
7460,0.027
7470,0.028
7480,0.032
7490,0.018
7500,0.016
7510,0.022
7520,0.026
7530,0.032
7540,0.030
7550,0.027
7560,0.041
7570,0.034
7580,0.038
7590,0.037
7600,0.043
7610,0.035
7620,0.034
7630,0.032
7640,0.030
7650,0.027
7660,0.023
7670,0.030
7680,0.028
7690,0.038
7700,0.041
7710,0.038
7720,0.037
7730,0.038
7740,0.030
7750,0.034
7760,0.043
7770,0.045
7780,0.038
7790,0.026
7800,0.030
7810,0.035
7820,0.054
7830,0.038
7840,0.046
7850,0.035
7860,0.041
7870,0.039
7880,0.035
7890,0.039
7900,0.037
7910,0.037
7920,0.035
7930,0.038
7940,0.034
7950,0.031
7960,0.023
7970,0.024
7980,0.016
7990,0.020
8000,0.026
