# time, fQ
0,0.704
10,0.613
20,0.593
30,0.602
40,0.581
50,0.544
60,0.564
70,0.574
80,0.562
90,0.551
100,0.532
110,0.543
120,0.510
130,0.501
140,0.509
150,0.510
160,0.472
170,0.517
180,0.495
190,0.475
200,0.484
210,0.467
220,0.488
230,0.457
240,0.488
250,0.497
260,0.474
270,0.507
280,0.503
290,0.471
300,0.470
310,0.451
320,0.456
330,0.455
340,0.460
350,0.430
360,0.448
370,0.474
380,0.441
390,0.438
400,0.455
410,0.449
420,0.463
430,0.425
440,0.442
450,0.452
460,0.447
470,0.444
480,0.451
490,0.436
500,0.425
510,0.440
520,0.430
530,0.424
540,0.411
550,0.403
560,0.407
570,0.392
580,0.364
590,0.369
600,0.368
610,0.352
620,0.353
630,0.359
640,0.346
650,0.360
660,0.317
670,0.342
680,0.329
690,0.314
700,0.311
710,0.302
720,0.300
730,0.311
740,0.319
750,0.304
760,0.314
770,0.303
780,0.323
790,0.298
800,0.304
810,0.284
820,0.287
830,0.272
840,0.287
850,0.261
860,0.271
870,0.250
880,0.237
890,0.252
900,0.249
910,0.231
920,0.258
930,0.226
940,0.248
950,0.245
960,0.241
970,0.231
980,0.249
990,0.257
1000,0.245
1010,0.242
1020,0.230
1030,0.237
1040,0.237
1050,0.246
1060,0.271
1070,0.257
1080,0.241
1090,0.250
1100,0.231
1110,0.227
1120,0.217
1130,0.227
1140,0.229
1150,0.207
1160,0.200
1170,0.206
1180,0.200
1190,0.219
1200,0.207
1210,0.200
1220,0.200
1230,0.217
1240,0.210
1250,0.208
1260,0.219
1270,0.226
1280,0.221
1290,0.196
1300,0.212
1310,0.221
1320,0.202
1330,0.208
1340,0.210
1350,0.202
1360,0.196
1370,0.166
1380,0.184
1390,0.195
1400,0.192
1410,0.200
1420,0.217
1430,0.219
1440,0.211
1450,0.214
1460,0.214
1470,0.211
1480,0.199
1490,0.192
1500,0.191
1510,0.189
1520,0.192
1530,0.180
1540,0.194
1550,0.185
1560,0.198
1570,0.191
1580,0.191
1590,0.183
1600,0.180
1610,0.206
1620,0.203
1630,0.181
1640,0.183
1650,0.185
1660,0.171
1670,0.169
1680,0.175
1690,0.191
1700,0.172
1710,0.175
1720,0.149
1730,0.156
1740,0.146
1750,0.134
1760,0.153
1770,0.143
1780,0.133
1790,0.138
1800,0.139
1810,0.138
1820,0.139
1830,0.143
1840,0.154
1850,0.150
1860,0.139
1870,0.139
1880,0.135
1890,0.123
1900,0.129
1910,0.104
1920,0.120
1930,0.134
1940,0.114
1950,0.131
1960,0.130
1970,0.115
1980,0.100
1990,0.108
2000,0.108
2010,0.096
2020,0.100
2030,0.097
2040,0.107
2050,0.101
2060,0.078
2070,0.077
2080,0.062
2090,0.070
2100,0.073
2110,0.092
2120,0.078
2130,0.089
2140,0.088
2150,0.092
2160,0.081
2170,0.078
2180,0.097
2190,0.084
2200,0.096
2210,0.093
2220,0.091
2230,0.089
2240,0.084
2250,0.087
2260,0.089
2270,0.091
2280,0.089
2290,0.093
2300,0.116
2310,0.112
2320,0.099
2330,0.091
2340,0.097
2350,0.078
2360,0.084
2370,0.088
2380,0.089
2390,0.076
2400,0.060
2410,0.077
2420,0.089
2430,0.078
2440,0.083
2450,0.083
2460,0.087
2470,0.100
2480,0.078
2490,0.085
2500,0.070
2510,0.066
2520,0.074
2530,0.064
2540,0.058
2550,0.066
2560,0.064
2570,0.065
2580,0.051
2590,0.062
2600,0.065
2610,0.055
2620,0.070
2630,0.057
2640,0.054
2650,0.058
2660,0.043
2670,0.039
2680,0.031
2690,0.043
2700,0.053
2710,0.055
2720,0.057
2730,0.055
2740,0.047
2750,0.054
2760,0.061
2770,0.066
2780,0.062
2790,0.066
2800,0.049
2810,0.054
2820,0.046
2830,0.049
2840,0.061
2850,0.050
2860,0.047
2870,0.054
2880,0.057
2890,0.047
2900,0.045
2910,0.055
2920,0.055
2930,0.062
2940,0.051
2950,0.051
2960,0.053
2970,0.055
2980,0.060
2990,0.054
3000,0.051
3010,0.054
3020,0.061
3030,0.062
3040,0.057
3050,0.064
3060,0.060
3070,0.061
3080,0.060
3090,0.072
3100,0.061
3110,0.065
3120,0.072
3130,0.066
3140,0.069
3150,0.058
3160,0.065
3170,0.060
3180,0.060
3190,0.054
3200,0.065
3210,0.050
3220,0.049
3230,0.035
3240,0.046
3250,0.041
3260,0.042
3270,0.050
3280,0.035
3290,0.028
3300,0.037
3310,0.032
3320,0.031
3330,0.022
3340,0.035
3350,0.032
3360,0.031
3370,0.032
3380,0.041
3390,0.043
3400,0.035
3410,0.038
3420,0.041
3430,0.034
3440,0.032
3450,0.038
3460,0.026
3470,0.026
3480,0.030
3490,0.035
3500,0.045
3510,0.034
3520,0.049
3530,0.043
3540,0.043
3550,0.043
3560,0.047
3570,0.041
3580,0.038
3590,0.037
3600,0.037
3610,0.043
3620,0.028
3630,0.035
3640,0.042
3650,0.049
3660,0.030
3670,0.037
3680,0.041
3690,0.049
3700,0.032
3710,0.038
3720,0.034
3730,0.039
3740,0.043
3750,0.039
3760,0.041
3770,0.038
3780,0.039
3790,0.030
3800,0.032
3810,0.035
3820,0.034
3830,0.031
3840,0.031
3850,0.027
3860,0.018
3870,0.026
3880,0.020
3890,0.024
3900,0.026
3910,0.038
3920,0.028
3930,0.022
3940,0.023
3950,0.026
3960,0.028
3970,0.028
3980,0.023
3990,0.027
4000,0.019
4010,0.028
4020,0.028
4030,0.028
4040,0.023
4050,0.027
4060,0.026
4070,0.031
4080,0.024
4090,0.026
4100,0.037
4110,0.024
4120,0.019
4130,0.027
4140,0.028
4150,0.028
4160,0.020
4170,0.020
4180,0.023
4190,0.028
4200,0.019
4210,0.026
4220,0.023
4230,0.031
4240,0.031
4250,0.037
4260,0.049
4270,0.047
4280,0.030
4290,0.030
4300,0.034
4310,0.047
4320,0.047
4330,0.039
4340,0.037
4350,0.046
4360,0.047
4370,0.050
4380,0.054
4390,0.049
4400,0.047
4410,0.046
4420,0.037
4430,0.035
4440,0.035
4450,0.055
4460,0.045
4470,0.049
4480,0.046
4490,0.047
4500,0.062
4510,0.058
4520,0.051
4530,0.053
4540,0.055
4550,0.053
4560,0.055
4570,0.046
4580,0.058
4590,0.045
4600,0.054
4610,0.053
4620,0.054
4630,0.058
4640,0.068
4650,0.064
4660,0.073
4670,0.064
4680,0.068
4690,0.057
4700,0.055
4710,0.055
4720,0.053
4730,0.043
4740,0.045
4750,0.041
4760,0.047
4770,0.045
4780,0.050
4790,0.055
4800,0.051
4810,0.050
4820,0.054
4830,0.065
4840,0.051
4850,0.045
4860,0.051
4870,0.043
4880,0.045
4890,0.042
4900,0.045
4910,0.039
4920,0.049
4930,0.050
4940,0.050
4950,0.041
4960,0.041
4970,0.047
4980,0.049
4990,0.060
5000,0.060
5010,0.054
5020,0.066
5030,0.064
5040,0.064
5050,0.057
5060,0.061
5070,0.051
5080,0.060
5090,0.054
5100,0.060
5110,0.045
5120,0.062
5130,0.058
5140,0.065
5150,0.055
5160,0.046
5170,0.046
5180,0.060
5190,0.062
5200,0.053
5210,0.060
5220,0.061
5230,0.060
5240,0.057
5250,0.061
5260,0.057
5270,0.046
5280,0.058
5290,0.049
5300,0.049
5310,0.047
5320,0.060
5330,0.046
5340,0.046
5350,0.043
5360,0.047
5370,0.054
5380,0.055
5390,0.049
5400,0.045
5410,0.060
5420,0.050
5430,0.060
5440,0.055
5450,0.050
5460,0.043
5470,0.037
5480,0.039
5490,0.035
5500,0.049
5510,0.045
5520,0.051
5530,0.047
5540,0.042
5550,0.039
5560,0.050
5570,0.042
5580,0.035
5590,0.043
5600,0.041
5610,0.034
5620,0.038
5630,0.039
5640,0.039
5650,0.030
5660,0.035
5670,0.030
5680,0.030
5690,0.032
5700,0.032
5710,0.026
5720,0.028
5730,0.031
5740,0.035
5750,0.030
5760,0.024
5770,0.037
5780,0.031
5790,0.032
5800,0.028
5810,0.024
5820,0.027
5830,0.027
5840,0.022
5850,0.026
5860,0.020
5870,0.022
5880,0.016
5890,0.019
5900,0.014
5910,0.014
5920,0.022
5930,0.026
5940,0.035
5950,0.028
5960,0.027
5970,0.027
5980,0.028
5990,0.024
6000,0.041
6010,0.038
6020,0.034
6030,0.030
6040,0.032
6050,0.034
6060,0.031
6070,0.027
6080,0.032
6090,0.031
6100,0.038
6110,0.037
6120,0.038
6130,0.037
6140,0.032
6150,0.038
6160,0.046
6170,0.061
6180,0.057
6190,0.060
6200,0.061
6210,0.051
6220,0.054
6230,0.054
6240,0.046
6250,0.050
6260,0.045
6270,0.039
6280,0.034
6290,0.037
6300,0.034
6310,0.030
6320,0.035
6330,0.027
6340,0.026
6350,0.031
6360,0.023
6370,0.031
6380,0.043
6390,0.041
6400,0.035
6410,0.042
6420,0.050
6430,0.035
6440,0.031
6450,0.034
6460,0.038
6470,0.035
6480,0.042
6490,0.038
6500,0.032
6510,0.039
6520,0.041
6530,0.041
6540,0.043
6550,0.038
6560,0.046
6570,0.054
6580,0.041
6590,0.041
6600,0.050
6610,0.043
6620,0.043
6630,0.042
6640,0.039
6650,0.042
6660,0.043
6670,0.041
6680,0.039
6690,0.031
6700,0.024
6710,0.037
6720,0.037
6730,0.046
6740,0.041
6750,0.026
6760,0.030
6770,0.030
6780,0.030
6790,0.034
6800,0.024
6810,0.032
6820,0.031
6830,0.037
6840,0.034
6850,0.031
6860,0.043
6870,0.043
6880,0.050
6890,0.035
6900,0.035
6910,0.035
6920,0.030
6930,0.024
6940,0.022
6950,0.026
6960,0.035
6970,0.045
6980,0.045
6990,0.039
7000,0.032
7010,0.030
7020,0.026
7030,0.023
7040,0.031
7050,0.032
7060,0.034
7070,0.037
7080,0.030
7090,0.032
7100,0.026
7110,0.027
7120,0.027
7130,0.028
7140,0.026
7150,0.028
7160,0.041
7170,0.028
7180,0.024
7190,0.020
7200,0.019
7210,0.024
7220,0.024
7230,0.026
7240,0.024
7250,0.015
7260,0.019
7270,0.030
7280,0.031
7290,0.024
7300,0.018
7310,0.031
7320,0.032
7330,0.024
7340,0.028
7350,0.024
7360,0.015
7370,0.019
7380,0.032
7390,0.030
7400,0.026
7410,0.020
7420,0.024
7430,0.023
7440,0.031
7450,0.030
7460,0.030
7470,0.034
7480,0.023
7490,0.030
7500,0.028
7510,0.026
7520,0.032
7530,0.031
7540,0.028
7550,0.023
7560,0.024
7570,0.026
7580,0.024
7590,0.028
7600,0.023
7610,0.032
7620,0.027
7630,0.024
7640,0.034
7650,0.030
7660,0.032
7670,0.035
7680,0.039
7690,0.032
7700,0.030
7710,0.032
7720,0.038
7730,0.035
7740,0.038
7750,0.039
7760,0.041
7770,0.046
7780,0.038
7790,0.039
7800,0.045
7810,0.030
7820,0.032
7830,0.038
7840,0.037
7850,0.038
7860,0.030
7870,0.038
7880,0.027
7890,0.032
7900,0.041
7910,0.037
7920,0.037
7930,0.034
7940,0.032
7950,0.032
7960,0.030
7970,0.034
7980,0.039
7990,0.037
8000,0.038
