# time, fQ
0,0.774
10,0.664
20,0.604
30,0.605
40,0.593
50,0.587
60,0.570
70,0.564
80,0.547
90,0.541
100,0.563
110,0.555
120,0.566
130,0.572
140,0.579
150,0.560
160,0.548
170,0.532
180,0.514
190,0.509
200,0.547
210,0.545
220,0.521
230,0.483
240,0.498
250,0.507
260,0.495
270,0.506
280,0.494
290,0.499
300,0.482
310,0.463
320,0.507
330,0.467
340,0.503
350,0.484
360,0.491
370,0.490
380,0.491
390,0.474
400,0.499
410,0.488
420,0.490
430,0.495
440,0.470
450,0.470
460,0.486
470,0.475
480,0.468
490,0.476
500,0.459
510,0.463
520,0.460
530,0.432
540,0.452
550,0.432
560,0.442
570,0.448
580,0.467
590,0.442
600,0.432
610,0.436
620,0.432
630,0.438
640,0.424
650,0.415
660,0.382
670,0.398
680,0.422
690,0.437
700,0.444
710,0.430
720,0.417
730,0.417
740,0.417
750,0.413
760,0.411
770,0.407
780,0.428
790,0.433
800,0.415
810,0.417
820,0.414
830,0.418
840,0.415
850,0.424
860,0.426
870,0.438
880,0.444
890,0.413
900,0.411
910,0.409
920,0.406
930,0.387
940,0.398
950,0.387
960,0.390
970,0.386
980,0.398
990,0.380
1000,0.392
1010,0.390
1020,0.367
1030,0.380
1040,0.355
1050,0.361
1060,0.365
1070,0.349
1080,0.364
1090,0.353
1100,0.356
1110,0.352
1120,0.367
1130,0.352
1140,0.369
1150,0.350
1160,0.359
1170,0.359
1180,0.348
1190,0.342
1200,0.369
1210,0.368
1220,0.365
1230,0.363
1240,0.352
1250,0.349
1260,0.336
1270,0.379
1280,0.325
1290,0.318
1300,0.321
1310,0.313
1320,0.329
1330,0.306
1340,0.334
1350,0.310
1360,0.315
1370,0.302
1380,0.292
1390,0.310
1400,0.337
1410,0.326
1420,0.325
1430,0.332
1440,0.344
1450,0.317
1460,0.332
1470,0.334
1480,0.333
1490,0.346
1500,0.332
1510,0.333
1520,0.326
1530,0.353
1540,0.329
1550,0.341
1560,0.340
1570,0.311
1580,0.313
1590,0.290
1600,0.340
1610,0.322
1620,0.330
1630,0.319
1640,0.313
1650,0.329
1660,0.321
1670,0.342
1680,0.332
1690,0.334
1700,0.311
1710,0.292
1720,0.306
1730,0.306
1740,0.314
1750,0.303
1760,0.307
1770,0.298
1780,0.311
1790,0.317
1800,0.310
1810,0.307
1820,0.300
1830,0.304
1840,0.325
1850,0.318
1860,0.310
1870,0.304
1880,0.300
1890,0.309
1900,0.307
1910,0.309
1920,0.313
1930,0.317
1940,0.310
1950,0.313
1960,0.319
1970,0.323
1980,0.337
1990,0.302
2000,0.318
2010,0.311
2020,0.313
2030,0.302
2040,0.317
2050,0.323
2060,0.322
2070,0.313
2080,0.296
2090,0.304
2100,0.309
2110,0.298
2120,0.326
2130,0.310
2140,0.315
2150,0.287
2160,0.298
2170,0.309
2180,0.311
2190,0.294
2200,0.323
2210,0.311
2220,0.304
2230,0.319
2240,0.330
2250,0.329
2260,0.300
2270,0.326
2280,0.344
2290,0.341
2300,0.329
2310,0.318
2320,0.299
2330,0.323
2340,0.321
2350,0.317
2360,0.327
2370,0.336
2380,0.341
2390,0.322
2400,0.313
2410,0.309
2420,0.306
2430,0.329
2440,0.334
2450,0.317
2460,0.310
2470,0.306
2480,0.319
2490,0.307
2500,0.309
2510,0.300
2520,0.294
2530,0.296
2540,0.261
2550,0.296
2560,0.276
2570,0.280
2580,0.276
2590,0.296
2600,0.290
2610,0.300
2620,0.281
2630,0.287
2640,0.286
2650,0.298
2660,0.280
2670,0.292
2680,0.280
2690,0.264
2700,0.276
2710,0.263
2720,0.284
2730,0.279
2740,0.279
2750,0.276
2760,0.269
2770,0.280
2780,0.268
2790,0.268
2800,0.287
2810,0.277
2820,0.292
2830,0.298
2840,0.279
2850,0.290
2860,0.284
2870,0.283
2880,0.279
2890,0.302
2900,0.298
2910,0.271
2920,0.284
2930,0.318
2940,0.275
2950,0.283
2960,0.290
2970,0.287
2980,0.273
2990,0.277
3000,0.264
3010,0.264
3020,0.271
3030,0.281
3040,0.275
3050,0.288
3060,0.284
3070,0.286
3080,0.272
3090,0.272
3100,0.268
3110,0.284
3120,0.273
3130,0.263
3140,0.269
3150,0.273
3160,0.273
3170,0.263
3180,0.258
3190,0.272
3200,0.272
3210,0.279
3220,0.264
3230,0.271
3240,0.271
3250,0.271
3260,0.265
3270,0.265
3280,0.283
3290,0.287
3300,0.279
3310,0.267
3320,0.273
3330,0.275
3340,0.269
3350,0.280
3360,0.276
3370,0.288
3380,0.271
3390,0.273
3400,0.261
3410,0.273
3420,0.256
3430,0.258
3440,0.246
3450,0.256
3460,0.253
3470,0.250
3480,0.257
3490,0.263
3500,0.241
3510,0.245
3520,0.265
3530,0.267
3540,0.252
3550,0.252
3560,0.249
3570,0.248
3580,0.244
3590,0.241
3600,0.257
3610,0.238
3620,0.248
3630,0.244
3640,0.242
3650,0.245
3660,0.245
3670,0.241
3680,0.230
3690,0.242
3700,0.246
3710,0.245
3720,0.263
3730,0.250
3740,0.260
3750,0.257
3760,0.258
3770,0.242
3780,0.242
3790,0.253
3800,0.260
3810,0.273
3820,0.267
3830,0.264
3840,0.256
3850,0.248
3860,0.248
3870,0.246
3880,0.261
3890,0.237
3900,0.240
3910,0.258
3920,0.258
3930,0.242
3940,0.238
3950,0.226
3960,0.226
3970,0.244
3980,0.248
3990,0.238
4000,0.263
4010,0.248
4020,0.235
4030,0.245
4040,0.242
4050,0.221
4060,0.226
4070,0.237
4080,0.240
4090,0.237
4100,0.241
4110,0.240
4120,0.237
4130,0.235
4140,0.234
4150,0.226
4160,0.214
4170,0.222
4180,0.242
4190,0.229
4200,0.233
4210,0.241
4220,0.229
4230,0.248
4240,0.252
4250,0.256
4260,0.250
4270,0.235
4280,0.237
4290,0.241
4300,0.254
4310,0.245
4320,0.242
4330,0.254
4340,0.250
4350,0.257
4360,0.242
4370,0.252
4380,0.256
4390,0.241
4400,0.242
4410,0.246
4420,0.249
4430,0.258
4440,0.237
4450,0.242
4460,0.231
4470,0.245
4480,0.246
4490,0.260
4500,0.248
4510,0.252
4520,0.258
4530,0.263
4540,0.260
4550,0.257
4560,0.250
4570,0.246
4580,0.249
4590,0.244
4600,0.275
4610,0.290
4620,0.265
4630,0.279
4640,0.261
4650,0.269
4660,0.267
4670,0.264
4680,0.271
4690,0.263
4700,0.267
4710,0.275
4720,0.263
4730,0.275
4740,0.253
4750,0.261
4760,0.269
4770,0.275
4780,0.263
4790,0.258
4800,0.263
4810,0.271
4820,0.272
4830,0.268
4840,0.269
4850,0.272
4860,0.275
4870,0.299
4880,0.265
4890,0.267
4900,0.254
4910,0.254
4920,0.249
4930,0.248
4940,0.249
4950,0.246
4960,0.249
4970,0.244
4980,0.244
4990,0.258
5000,0.245
5010,0.242
5020,0.254
5030,0.246
5040,0.253
5050,0.245
5060,0.242
5070,0.230
5080,0.234
5090,0.238
5100,0.249
5110,0.244
5120,0.257
5130,0.248
5140,0.261
5150,0.268
5160,0.263
5170,0.267
5180,0.254
5190,0.240
5200,0.253
5210,0.250
5220,0.260
5230,0.273
5240,0.267
5250,0.241
5260,0.257
5270,0.254
5280,0.238
5290,0.231
5300,0.231
5310,0.241
5320,0.245
5330,0.218
5340,0.225
5350,0.234
5360,0.237
5370,0.234
5380,0.219
5390,0.235
5400,0.225
5410,0.214
5420,0.204
5430,0.235
5440,0.234
5450,0.231
5460,0.248
5470,0.242
5480,0.226
5490,0.210
5500,0.233
5510,0.230
5520,0.238
5530,0.249
5540,0.218
5550,0.211
5560,0.242
5570,0.246
5580,0.231
5590,0.226
5600,0.231
5610,0.219
5620,0.222
5630,0.230
5640,0.234
5650,0.223
5660,0.234
5670,0.231
5680,0.227
5690,0.226
5700,0.219
5710,0.238
5720,0.226
5730,0.226
5740,0.215
5750,0.221
5760,0.223
5770,0.238
5780,0.222
5790,0.231
5800,0.222
5810,0.219
5820,0.215
5830,0.210
5840,0.221
5850,0.225
5860,0.203
5870,0.219
5880,0.208
5890,0.206
5900,0.211
5910,0.217
5920,0.206
5930,0.231
5940,0.202
5950,0.194
5960,0.185
5970,0.180
5980,0.173
5990,0.183
6000,0.189
6010,0.180
6020,0.161
6030,0.161
6040,0.154
6050,0.169
6060,0.165
6070,0.161
6080,0.171
6090,0.173
6100,0.165
6110,0.147
6120,0.166
6130,0.153
6140,0.166
6150,0.146
6160,0.147
6170,0.165
6180,0.162
6190,0.164
6200,0.162
6210,0.164
6220,0.164
6230,0.171
6240,0.175
6250,0.176
6260,0.176
6270,0.171
6280,0.176
6290,0.172
6300,0.177
6310,0.166
6320,0.171
6330,0.189
6340,0.180
6350,0.181
6360,0.177
6370,0.166
6380,0.177
6390,0.164
6400,0.156
6410,0.177
6420,0.158
6430,0.154
6440,0.157
6450,0.165
6460,0.173
6470,0.165
6480,0.156
6490,0.169
6500,0.168
6510,0.154
6520,0.160
6530,0.149
6540,0.153
6550,0.141
6560,0.145
6570,0.129
6580,0.143
6590,0.150
6600,0.141
6610,0.139
6620,0.141
6630,0.143
6640,0.143
6650,0.143
6660,0.142
6670,0.142
6680,0.143
6690,0.130
6700,0.129
6710,0.130
6720,0.124
6730,0.131
6740,0.129
6750,0.129
6760,0.131
6770,0.112
6780,0.134
6790,0.130
6800,0.131
6810,0.126
6820,0.141
6830,0.123
6840,0.112
6850,0.107
6860,0.095
6870,0.101
6880,0.103
6890,0.101
6900,0.099
6910,0.087
6920,0.095
6930,0.093
6940,0.074
6950,0.080
6960,0.074
6970,0.089
6980,0.085
6990,0.085
7000,0.089
7010,0.088
7020,0.080
7030,0.072
7040,0.076
7050,0.087
7060,0.057
7070,0.069
7080,0.072
7090,0.066
7100,0.065
7110,0.069
7120,0.068
7130,0.061
7140,0.055
7150,0.068
7160,0.065
7170,0.069
7180,0.072
7190,0.061
7200,0.064
7210,0.081
7220,0.074
7230,0.074
7240,0.064
7250,0.062
7260,0.072
7270,0.074
7280,0.066
7290,0.068
7300,0.068
7310,0.066
7320,0.077
7330,0.078
7340,0.078
7350,0.069
7360,0.076
7370,0.076
7380,0.073
7390,0.076
7400,0.070
7410,0.080
7420,0.068
7430,0.069
7440,0.081
7450,0.077
7460,0.069
7470,0.070
7480,0.069
7490,0.083
7500,0.074
7510,0.069
7520,0.073
7530,0.073
7540,0.078
7550,0.076
7560,0.080
7570,0.065
7580,0.077
7590,0.087
7600,0.081
7610,0.073
7620,0.088
7630,0.091
7640,0.093
7650,0.088
7660,0.097
7670,0.093
7680,0.100
7690,0.101
7700,0.087
7710,0.093
7720,0.104
7730,0.089
7740,0.089
7750,0.089
7760,0.085
7770,0.073
7780,0.065
7790,0.072
7800,0.074
7810,0.077
7820,0.078
7830,0.074
7840,0.068
7850,0.073
7860,0.077
7870,0.069
7880,0.072
7890,0.065
7900,0.077
7910,0.077
7920,0.077
7930,0.074
7940,0.085
7950,0.065
7960,0.077
7970,0.073
7980,0.085
7990,0.092
8000,0.095
8010,0.104
8020,0.104
8030,0.103
8040,0.093
8050,0.085
8060,0.089
8070,0.093
8080,0.095
8090,0.100
8100,0.092
8110,0.091
8120,0.085
8130,0.085
8140,0.093
8150,0.089
8160,0.093
8170,0.095
8180,0.095
8190,0.096
8200,0.101
8210,0.097
8220,0.108
8230,0.111
8240,0.107
8250,0.114
8260,0.093
8270,0.096
8280,0.093
8290,0.097
8300,0.083
8310,0.089
8320,0.080
8330,0.089
8340,0.084
8350,0.093
8360,0.081
8370,0.081
8380,0.077
8390,0.076
8400,0.074
8410,0.068
8420,0.068
8430,0.060
8440,0.061
8450,0.058
8460,0.050
8470,0.064
8480,0.060
8490,0.058
8500,0.061
8510,0.051
8520,0.057
8530,0.054
8540,0.058
8550,0.057
8560,0.051
8570,0.064
8580,0.066
8590,0.061
8600,0.053
8610,0.060
8620,0.057
8630,0.055
8640,0.062
8650,0.055
8660,0.057
8670,0.051
8680,0.041
8690,0.060
8700,0.057
8710,0.065
8720,0.054
8730,0.050
8740,0.060
8750,0.069
8760,0.062
8770,0.058
8780,0.058
8790,0.060
8800,0.065
8810,0.062
8820,0.068
8830,0.058
8840,0.070
8850,0.076
8860,0.058
8870,0.066
8880,0.069
8890,0.066
8900,0.066
8910,0.064
8920,0.064
8930,0.065
8940,0.055
8950,0.061
8960,0.061
8970,0.055
8980,0.057
8990,0.060
9000,0.060
9010,0.049
9020,0.053
9030,0.047
9040,0.045
9050,0.045
9060,0.051
9070,0.055
9080,0.046
9090,0.055
9100,0.043
9110,0.057
9120,0.051
9130,0.053
9140,0.042
9150,0.047
9160,0.042
9170,0.042
9180,0.045
9190,0.055
9200,0.058
9210,0.055
9220,0.064
9230,0.060
9240,0.064
9250,0.068
9260,0.064
9270,0.064
9280,0.066
9290,0.060
9300,0.061
9310,0.064
9320,0.062
9330,0.055
9340,0.065
9350,0.061
9360,0.062
9370,0.062
9380,0.069
9390,0.077
9400,0.083
9410,0.074
9420,0.081
9430,0.076
9440,0.080
9450,0.074
9460,0.085
9470,0.085
9480,0.077
9490,0.065
9500,0.070
9510,0.073
9520,0.066
9530,0.069
9540,0.066
9550,0.066
9560,0.065
9570,0.066
9580,0.057
9590,0.055
9600,0.053
9610,0.062
9620,0.054
9630,0.069
9640,0.062
9650,0.070
9660,0.065
9670,0.058
9680,0.064
9690,0.066
9700,0.068
9710,0.060
9720,0.070
9730,0.064
9740,0.068
9750,0.062
9760,0.065
9770,0.066
9780,0.070
9790,0.065
9800,0.066
9810,0.057
9820,0.053
9830,0.058
9840,0.068
9850,0.058
9860,0.057
9870,0.049
9880,0.054
9890,0.060
9900,0.061
9910,0.053
9920,0.058
9930,0.061
9940,0.057
9950,0.057
9960,0.054
9970,0.055
9980,0.054
9990,0.062
10000,0.062
10010,0.051
10020,0.060
10030,0.053
10040,0.049
10050,0.062
10060,0.055
10070,0.055
10080,0.064
10090,0.064
10100,0.064
10110,0.065
10120,0.055
10130,0.057
10140,0.049
10150,0.070
10160,0.064
10170,0.064
10180,0.070
10190,0.065
10200,0.061
10210,0.053
10220,0.057
10230,0.054
10240,0.057
10250,0.053
10260,0.055
10270,0.055
10280,0.045
10290,0.041
10300,0.037
10310,0.047
10320,0.049
10330,0.039
10340,0.047
10350,0.060
10360,0.043
10370,0.032
10380,0.041
10390,0.041
10400,0.037
10410,0.031
10420,0.035
10430,0.037
10440,0.028
10450,0.039
10460,0.035
10470,0.041
10480,0.037
10490,0.041
10500,0.037
10510,0.038
10520,0.041
10530,0.042
10540,0.049
10550,0.043
10560,0.038
10570,0.045
10580,0.045
10590,0.053
10600,0.049
10610,0.042
10620,0.041
10630,0.034
10640,0.042
10650,0.041
10660,0.039
10670,0.034
10680,0.037
10690,0.038
10700,0.041
10710,0.049
10720,0.046
10730,0.042
10740,0.049
10750,0.039
10760,0.038
10770,0.051
10780,0.043
10790,0.043
10800,0.046
10810,0.039
10820,0.045
10830,0.042
10840,0.046
10850,0.051
10860,0.053
10870,0.050
10880,0.046
10890,0.046
10900,0.042
10910,0.038
10920,0.046
10930,0.041
10940,0.041
10950,0.043
10960,0.045
10970,0.049
10980,0.039
10990,0.049
11000,0.045
11010,0.049
11020,0.031
11030,0.042
11040,0.041
11050,0.043
11060,0.039
11070,0.041
11080,0.032
11090,0.034
11100,0.030
11110,0.030
11120,0.030
11130,0.037
11140,0.046
11150,0.042
11160,0.039
11170,0.034
11180,0.037
11190,0.035
11200,0.034
11210,0.043
11220,0.049
11230,0.043
11240,0.046
11250,0.042
11260,0.047
11270,0.051
11280,0.043
11290,0.049
11300,0.053
11310,0.046
11320,0.043
11330,0.049
11340,0.039
11350,0.032
11360,0.041
11370,0.043
11380,0.042
11390,0.042
11400,0.035
11410,0.031
11420,0.030
11430,0.034
11440,0.026
11450,0.023
11460,0.026
11470,0.020
11480,0.027
11490,0.026
11500,0.027
11510,0.028
11520,0.031
11530,0.028
11540,0.032
11550,0.026
11560,0.039
11570,0.041
11580,0.037
11590,0.038
11600,0.041
11610,0.035
11620,0.028
11630,0.027
11640,0.031
11650,0.024
11660,0.026
11670,0.018
11680,0.026
11690,0.023
11700,0.023
11710,0.027
11720,0.023
11730,0.024
11740,0.023
11750,0.024
11760,0.026
11770,0.037
11780,0.038
11790,0.035
11800,0.023
11810,0.032
11820,0.035
11830,0.026
11840,0.034
11850,0.032
11860,0.027
11870,0.027
11880,0.027
11890,0.024
11900,0.032
11910,0.027
11920,0.035
11930,0.034
11940,0.035
11950,0.032
11960,0.031
11970,0.037
11980,0.038
11990,0.028
12000,0.022
12010,0.022
12020,0.022
12030,0.027
12040,0.027
12050,0.023
12060,0.026
12070,0.030
12080,0.030
12090,0.027
12100,0.026
12110,0.030
12120,0.024
12130,0.028
12140,0.030
12150,0.020
12160,0.028
12170,0.031
12180,0.041
12190,0.026
12200,0.037
12210,0.030
12220,0.028
12230,0.026
12240,0.023
12250,0.028
12260,0.027
12270,0.031
12280,0.023
12290,0.023
12300,0.024
12310,0.030
12320,0.022
12330,0.026
12340,0.031
12350,0.028
12360,0.030
12370,0.027
12380,0.038
12390,0.037
12400,0.031
12410,0.026
12420,0.030
12430,0.023
12440,0.028
12450,0.028
12460,0.026
12470,0.034
12480,0.031
12490,0.032
12500,0.024
12510,0.027
12520,0.034
12530,0.035
12540,0.050
12550,0.030
12560,0.031
12570,0.028
12580,0.028
12590,0.020
12600,0.020
12610,0.024
12620,0.024
12630,0.024
12640,0.035
12650,0.034
12660,0.028
12670,0.031
12680,0.034
12690,0.034
12700,0.023
12710,0.026
12720,0.023
12730,0.028
12740,0.026
12750,0.026
12760,0.024
12770,0.027
12780,0.027
12790,0.023
12800,0.027
12810,0.026
12820,0.028
12830,0.035
12840,0.026
12850,0.026
12860,0.018
12870,0.020
12880,0.019
12890,0.022
12900,0.023
12910,0.028
12920,0.032
12930,0.024
12940,0.030
12950,0.032
12960,0.032
12970,0.020
12980,0.016
12990,0.026
13000,0.030
13010,0.028
13020,0.039
13030,0.027
13040,0.034
13050,0.027
13060,0.030
13070,0.027
13080,0.030
13090,0.024
13100,0.030
13110,0.022
13120,0.015
13130,0.028
13140,0.023
13150,0.027
13160,0.020
13170,0.019
13180,0.016
13190,0.020
13200,0.019
13210,0.018
13220,0.024
13230,0.018
13240,0.016
13250,0.022
13260,0.020
13270,0.022
13280,0.015
13290,0.026
13300,0.030
13310,0.024
13320,0.030
13330,0.030
13340,0.023
13350,0.020
13360,0.019
13370,0.020
13380,0.028
13390,0.022
13400,0.019
13410,0.023
13420,0.026
13430,0.027
13440,0.020
13450,0.023
13460,0.027
13470,0.028
13480,0.022
13490,0.019
13500,0.023
13510,0.027
13520,0.031
13530,0.024
13540,0.032
13550,0.034
13560,0.041
13570,0.028
13580,0.027
13590,0.022
13600,0.028
13610,0.023
13620,0.028
13630,0.037
13640,0.028
13650,0.034
13660,0.024
13670,0.031
13680,0.038
13690,0.045
13700,0.031
13710,0.046
13720,0.031
13730,0.039
13740,0.038
13750,0.043
13760,0.050
13770,0.050
13780,0.047
13790,0.043
13800,0.042
13810,0.041
13820,0.046
13830,0.045
13840,0.039
13850,0.045
13860,0.049
13870,0.037
13880,0.037
13890,0.039
13900,0.049
13910,0.037
13920,0.035
13930,0.031
13940,0.039
13950,0.041
13960,0.037
13970,0.032
13980,0.030
13990,0.041
14000,0.047
14010,0.042
14020,0.042
14030,0.049
14040,0.051
14050,0.049
14060,0.054
14070,0.055
14080,0.054
14090,0.050
14100,0.051
14110,0.039
14120,0.034
14130,0.046
14140,0.043
14150,0.043
14160,0.035
14170,0.049
14180,0.055
14190,0.054
14200,0.049
14210,0.061
14220,0.058
14230,0.047
14240,0.045
14250,0.047
14260,0.047
14270,0.047
14280,0.045
14290,0.049
14300,0.038
14310,0.053
14320,0.049
14330,0.045
14340,0.043
14350,0.041
14360,0.043
14370,0.042
14380,0.035
14390,0.032
14400,0.030
14410,0.042
14420,0.032
14430,0.027
14440,0.024
14450,0.027
14460,0.037
14470,0.038
14480,0.035
14490,0.023
14500,0.027
14510,0.032
14520,0.032
14530,0.037
14540,0.034
14550,0.032
14560,0.027
14570,0.034
14580,0.035
14590,0.037
14600,0.039
14610,0.041
14620,0.032
14630,0.032
14640,0.039
14650,0.030
14660,0.039
14670,0.031
14680,0.022
14690,0.034
14700,0.037
14710,0.032
14720,0.030
14730,0.031
14740,0.030
14750,0.023
14760,0.028
14770,0.031
14780,0.028
14790,0.027
14800,0.019
14810,0.031
14820,0.030
14830,0.028
14840,0.038
14850,0.037
14860,0.037
14870,0.038
14880,0.031
14890,0.037
14900,0.026
14910,0.031
14920,0.024
14930,0.030
14940,0.031
14950,0.030
14960,0.031
14970,0.026
14980,0.035
14990,0.041
15000,0.031
15010,0.035
15020,0.034
15030,0.026
15040,0.020
15050,0.024
15060,0.024
15070,0.032
15080,0.020
15090,0.030
15100,0.031
15110,0.023
15120,0.023
15130,0.022
15140,0.023
15150,0.023
15160,0.027
15170,0.026
15180,0.027
15190,0.026
15200,0.031
15210,0.024
15220,0.018
15230,0.023
15240,0.020
15250,0.024
15260,0.019
15270,0.018
15280,0.020
15290,0.019
15300,0.024
15310,0.031
15320,0.032
15330,0.030
15340,0.024
15350,0.038
15360,0.027
15370,0.027
15380,0.026
15390,0.028
15400,0.027
15410,0.022
15420,0.020
15430,0.023
15440,0.019
15450,0.019
15460,0.016
15470,0.011
15480,0.016
15490,0.018
15500,0.022
15510,0.016
15520,0.019
15530,0.015
15540,0.016
15550,0.018
15560,0.016
15570,0.022
15580,0.018
15590,0.019
15600,0.024
15610,0.018
15620,0.012
15630,0.012
15640,0.018
15650,0.012
15660,0.016
15670,0.008
15680,0.011
15690,0.018
15700,0.012
15710,0.014
15720,0.012
15730,0.007
15740,0.014
15750,0.018
15760,0.016
15770,0.016
15780,0.024
15790,0.030
15800,0.020
15810,0.019
15820,0.027
15830,0.023
15840,0.020
15850,0.018
15860,0.020
15870,0.026
15880,0.032
15890,0.042
15900,0.032
15910,0.032
15920,0.024
15930,0.030
15940,0.026
15950,0.026
15960,0.028
15970,0.032
15980,0.038
15990,0.030
16000,0.038
16010,0.039
16020,0.035
16030,0.039
16040,0.041
16050,0.038
16060,0.041
16070,0.039
16080,0.038
16090,0.031
16100,0.028
16110,0.045
16120,0.028
16130,0.028
16140,0.031
16150,0.031
16160,0.030
16170,0.032
16180,0.024
16190,0.026
16200,0.038
16210,0.035
16220,0.030
16230,0.023
16240,0.020
16250,0.032
16260,0.031
16270,0.039
16280,0.034
16290,0.030
16300,0.043
16310,0.031
16320,0.035
16330,0.034
16340,0.032
16350,0.035
16360,0.034
16370,0.038
16380,0.031
16390,0.030
16400,0.028
16410,0.031
16420,0.028
16430,0.031
16440,0.027
16450,0.028
16460,0.031
16470,0.032
16480,0.035
16490,0.035
16500,0.039
16510,0.028
16520,0.031
16530,0.034
16540,0.035
16550,0.032
16560,0.030
16570,0.034
16580,0.032
16590,0.037
16600,0.034
16610,0.031
16620,0.032
16630,0.034
16640,0.041
16650,0.050
16660,0.046
16670,0.045
16680,0.032
16690,0.035
16700,0.028
16710,0.022
16720,0.024
16730,0.026
16740,0.023
16750,0.026
16760,0.028
16770,0.028
16780,0.035
16790,0.038
16800,0.030
16810,0.028
16820,0.024
16830,0.024
16840,0.022
16850,0.019
16860,0.027
16870,0.023
16880,0.020
16890,0.023
16900,0.022
16910,0.023
16920,0.019
16930,0.018
16940,0.026
16950,0.024
16960,0.037
16970,0.023
16980,0.022
16990,0.022
17000,0.022
17010,0.032
17020,0.024
17030,0.022
17040,0.018
17050,0.022
17060,0.030
17070,0.019
17080,0.032
17090,0.031
17100,0.035
17110,0.027
17120,0.026
17130,0.027
17140,0.037
17150,0.034
17160,0.037
17170,0.028
17180,0.032
17190,0.028
17200,0.032
17210,0.028
17220,0.032
17230,0.030
17240,0.031
17250,0.034
17260,0.026
17270,0.030
17280,0.032
17290,0.028
17300,0.032
17310,0.037
17320,0.038
17330,0.024
17340,0.028
17350,0.032
17360,0.028
17370,0.034
17380,0.031
17390,0.026
17400,0.026
17410,0.027
17420,0.030
17430,0.032
17440,0.031
17450,0.028
17460,0.030
17470,0.039
17480,0.034
17490,0.032
17500,0.030
17510,0.031
17520,0.028
17530,0.027
17540,0.028
17550,0.020
17560,0.028
17570,0.031
17580,0.035
17590,0.041
17600,0.032
17610,0.038
17620,0.042
17630,0.035
17640,0.032
17650,0.041
17660,0.037
17670,0.035
17680,0.034
17690,0.030
17700,0.023
17710,0.028
17720,0.028
17730,0.030
17740,0.023
17750,0.028
17760,0.027
17770,0.028
17780,0.023
17790,0.027
17800,0.022
17810,0.032
17820,0.037
17830,0.045
17840,0.041
17850,0.042
17860,0.034
17870,0.037
17880,0.028
17890,0.030
17900,0.026
17910,0.031
17920,0.030
17930,0.026
17940,0.034
17950,0.034
17960,0.030
17970,0.031
17980,0.031
17990,0.031
18000,0.037
18010,0.023
18020,0.030
18030,0.043
18040,0.041
18050,0.039
18060,0.035
18070,0.037
18080,0.035
18090,0.034
18100,0.032
18110,0.031
18120,0.028
18130,0.023
18140,0.028
18150,0.027
18160,0.024
18170,0.026
18180,0.024
18190,0.026
18200,0.030
18210,0.027
18220,0.028
18230,0.026
18240,0.024
18250,0.030
18260,0.022
18270,0.027
18280,0.020
18290,0.020
18300,0.027
18310,0.034
18320,0.031
18330,0.030
18340,0.031
18350,0.024
18360,0.022
18370,0.030
18380,0.028
18390,0.030
18400,0.026
18410,0.024
18420,0.026
18430,0.030
18440,0.031
18450,0.027
18460,0.026
18470,0.026
18480,0.031
18490,0.026
18500,0.026
18510,0.024
18520,0.026
18530,0.028
18540,0.027
18550,0.035
18560,0.037
18570,0.034
18580,0.032
18590,0.032
18600,0.035
18610,0.035
18620,0.030
18630,0.037
18640,0.034
18650,0.027
18660,0.028
18670,0.032
18680,0.031
18690,0.031
18700,0.035
18710,0.026
18720,0.026
18730,0.023
18740,0.016
18750,0.023
18760,0.022
18770,0.028
18780,0.024
18790,0.035
18800,0.034
18810,0.032
18820,0.038
18830,0.039
18840,0.031
18850,0.031
18860,0.020
18870,0.027
18880,0.022
18890,0.026
18900,0.024
18910,0.024
18920,0.020
18930,0.016
18940,0.019
18950,0.012
18960,0.024
18970,0.020
18980,0.019
18990,0.018
19000,0.023
19010,0.022
19020,0.023
19030,0.022
19040,0.019
19050,0.022
19060,0.014
19070,0.027
19080,0.026
19090,0.024
19100,0.026
19110,0.030
19120,0.045
19130,0.042
19140,0.043
19150,0.038
19160,0.047
19170,0.042
19180,0.038
19190,0.038
19200,0.042
19210,0.041
19220,0.039
19230,0.037
19240,0.043
19250,0.034
19260,0.047
19270,0.020
19280,0.019
19290,0.023
19300,0.022
19310,0.022
19320,0.018
19330,0.024
19340,0.031
19350,0.034
19360,0.035
19370,0.031
19380,0.038
19390,0.032
19400,0.035
19410,0.037
19420,0.035
19430,0.031
19440,0.026
19450,0.030
19460,0.024
19470,0.027
19480,0.024
19490,0.023
19500,0.035
19510,0.028
19520,0.030
19530,0.026
19540,0.019
19550,0.039
19560,0.026
19570,0.027
19580,0.024
19590,0.031
19600,0.027
19610,0.028
19620,0.030
19630,0.026
19640,0.032
19650,0.024
19660,0.026
19670,0.024
19680,0.027
19690,0.027
19700,0.028
19710,0.026
19720,0.032
19730,0.028
19740,0.030
19750,0.032
19760,0.030
19770,0.032
19780,0.026
19790,0.027
19800,0.032
19810,0.035
19820,0.032
19830,0.034
19840,0.034
19850,0.028
19860,0.030
19870,0.031
19880,0.032
19890,0.028
19900,0.034
19910,0.028
19920,0.030
19930,0.028
19940,0.023
19950,0.032
19960,0.024
19970,0.035
19980,0.037
19990,0.042
20000,0.043
