# time, fQ
0,0.774
10,0.666
20,0.628
30,0.598
40,0.590
50,0.605
60,0.582
70,0.605
80,0.532
90,0.566
100,0.545
110,0.518
120,0.516
130,0.524
140,0.513
150,0.491
160,0.505
170,0.502
180,0.507
190,0.495
200,0.513
210,0.507
220,0.487
230,0.512
240,0.503
250,0.517
260,0.499
270,0.505
280,0.513
290,0.506
300,0.517
310,0.518
320,0.499
330,0.494
340,0.497
350,0.493
360,0.457
370,0.502
380,0.501
390,0.514
400,0.484
410,0.499
420,0.499
430,0.487
440,0.486
450,0.486
460,0.456
470,0.474
480,0.453
490,0.472
500,0.448
510,0.457
520,0.447
530,0.459
540,0.475
550,0.464
560,0.471
570,0.465
580,0.463
590,0.479
600,0.482
610,0.478
620,0.475
630,0.461
640,0.445
650,0.438
660,0.437
670,0.449
680,0.437
690,0.432
700,0.433
710,0.424
720,0.433
730,0.414
740,0.438
750,0.419
760,0.419
770,0.425
780,0.444
790,0.429
800,0.436
810,0.424
820,0.419
830,0.430
840,0.424
850,0.410
860,0.421
870,0.414
880,0.424
890,0.429
900,0.421
910,0.406
920,0.405
930,0.386
940,0.386
950,0.396
960,0.363
970,0.360
980,0.379
990,0.365
1000,0.379
1010,0.363
1020,0.364
1030,0.367
1040,0.378
1050,0.383
1060,0.375
1070,0.394
1080,0.372
1090,0.383
1100,0.369
1110,0.376
1120,0.368
1130,0.348
1140,0.356
1150,0.372
1160,0.369
1170,0.375
1180,0.352
1190,0.365
1200,0.367
1210,0.386
1220,0.375
1230,0.379
1240,0.364
1250,0.369
1260,0.392
1270,0.391
1280,0.375
1290,0.376
1300,0.379
1310,0.367
1320,0.373
1330,0.421
1340,0.401
1350,0.405
1360,0.411
1370,0.394
1380,0.391
1390,0.407
1400,0.429
1410,0.422
1420,0.414
1430,0.401
1440,0.419
1450,0.409
1460,0.390
1470,0.398
1480,0.415
1490,0.415
1500,0.402
1510,0.396
1520,0.410
1530,0.401
1540,0.399
1550,0.395
1560,0.364
1570,0.365
1580,0.368
1590,0.372
1600,0.378
1610,0.387
1620,0.363
1630,0.384
1640,0.382
1650,0.380
1660,0.361
1670,0.372
1680,0.375
1690,0.369
1700,0.373
1710,0.364
1720,0.371
1730,0.368
1740,0.337
1750,0.348
1760,0.353
1770,0.349
1780,0.349
1790,0.372
1800,0.371
1810,0.356
1820,0.338
1830,0.352
1840,0.350
1850,0.348
1860,0.345
1870,0.346
1880,0.368
1890,0.368
1900,0.357
1910,0.359
1920,0.367
1930,0.356
1940,0.348
1950,0.346
1960,0.342
1970,0.345
1980,0.346
1990,0.356
2000,0.368
2010,0.379
2020,0.364
2030,0.367
2040,0.363
2050,0.346
2060,0.359
2070,0.344
2080,0.337
2090,0.341
2100,0.350
2110,0.342
2120,0.350
2130,0.364
2140,0.350
2150,0.367
2160,0.376
2170,0.367
2180,0.382
2190,0.375
2200,0.371
2210,0.361
2220,0.360
2230,0.342
2240,0.346
2250,0.365
2260,0.342
2270,0.341
2280,0.341
2290,0.357
2300,0.359
2310,0.346
2320,0.355
2330,0.365
2340,0.363
2350,0.356
2360,0.350
2370,0.372
2380,0.357
2390,0.345
2400,0.337
2410,0.336
2420,0.325
2430,0.323
2440,0.329
2450,0.321
2460,0.334
2470,0.341
2480,0.359
2490,0.356
2500,0.342
2510,0.345
2520,0.342
2530,0.333
2540,0.341
2550,0.345
2560,0.340
2570,0.342
2580,0.337
2590,0.346
2600,0.356
2610,0.375
2620,0.359
2630,0.372
2640,0.364
2650,0.365
2660,0.349
2670,0.346
2680,0.341
2690,0.346
2700,0.318
2710,0.317
2720,0.327
2730,0.340
2740,0.355
2750,0.345
2760,0.332
2770,0.319
2780,0.317
2790,0.334
2800,0.325
2810,0.346
2820,0.332
2830,0.342
2840,0.325
2850,0.326
2860,0.326
2870,0.342
2880,0.352
2890,0.322
2900,0.338
2910,0.333
2920,0.338
2930,0.334
2940,0.330
2950,0.334
2960,0.345
2970,0.330
2980,0.346
2990,0.344
3000,0.336
3010,0.319
3020,0.322
3030,0.306
3040,0.313
3050,0.299
3060,0.299
3070,0.302
3080,0.294
3090,0.290
3100,0.299
3110,0.311
3120,0.318
3130,0.317
3140,0.311
3150,0.303
3160,0.323
3170,0.311
3180,0.334
3190,0.319
3200,0.327
3210,0.334
3220,0.318
3230,0.313
3240,0.303
3250,0.307
3260,0.295
3270,0.313
3280,0.318
3290,0.327
3300,0.323
3310,0.317
3320,0.314
3330,0.317
3340,0.319
3350,0.307
3360,0.319
3370,0.325
3380,0.329
3390,0.323
3400,0.318
3410,0.326
3420,0.329
3430,0.315
3440,0.325
3450,0.321
3460,0.322
3470,0.327
3480,0.327
3490,0.326
3500,0.287
3510,0.336
3520,0.333
3530,0.326
3540,0.332
3550,0.322
3560,0.329
3570,0.319
3580,0.321
3590,0.317
3600,0.338
3610,0.330
3620,0.304
3630,0.323
3640,0.329
3650,0.325
3660,0.327
3670,0.329
3680,0.337
3690,0.330
3700,0.326
3710,0.330
3720,0.325
3730,0.314
3740,0.321
3750,0.333
3760,0.323
3770,0.337
3780,0.338
3790,0.326
3800,0.336
3810,0.334
3820,0.336
3830,0.334
3840,0.349
3850,0.348
3860,0.337
3870,0.332
3880,0.334
3890,0.336
3900,0.341
3910,0.341
3920,0.346
3930,0.344
3940,0.345
3950,0.334
3960,0.333
3970,0.338
3980,0.323
3990,0.336
4000,0.334
4010,0.350
4020,0.350
4030,0.344
4040,0.349
4050,0.327
4060,0.325
4070,0.329
4080,0.336
4090,0.318
4100,0.325
4110,0.330
4120,0.309
4130,0.330
4140,0.333
4150,0.326
4160,0.325
4170,0.326
4180,0.314
4190,0.338
4200,0.321
4210,0.337
4220,0.336
4230,0.341
4240,0.322
4250,0.336
4260,0.332
4270,0.332
4280,0.342
4290,0.330
4300,0.332
4310,0.333
4320,0.329
4330,0.327
4340,0.340
4350,0.330
4360,0.332
4370,0.322
4380,0.345
4390,0.340
4400,0.330
4410,0.344
4420,0.337
4430,0.327
4440,0.322
4450,0.319
4460,0.336
4470,0.327
4480,0.317
4490,0.307
4500,0.310
4510,0.311
4520,0.304
4530,0.295
4540,0.292
4550,0.295
4560,0.295
4570,0.298
4580,0.299
4590,0.292
4600,0.291
4610,0.286
4620,0.294
4630,0.299
4640,0.276
4650,0.281
4660,0.298
4670,0.300
4680,0.302
4690,0.288
4700,0.279
4710,0.292
4720,0.311
4730,0.310
4740,0.296
4750,0.298
4760,0.290
4770,0.300
4780,0.306
4790,0.310
4800,0.319
4810,0.299
4820,0.309
4830,0.302
4840,0.286
4850,0.279
4860,0.280
4870,0.286
4880,0.298
4890,0.284
4900,0.298
4910,0.300
4920,0.304
4930,0.288
4940,0.299
4950,0.304
4960,0.300
4970,0.300
4980,0.306
4990,0.280
5000,0.303
5010,0.291
5020,0.291
5030,0.286
5040,0.294
5050,0.303
5060,0.294
5070,0.313
5080,0.292
5090,0.298
5100,0.300
5110,0.306
5120,0.303
5130,0.317
5140,0.310
5150,0.310
5160,0.317
5170,0.321
5180,0.311
5190,0.303
5200,0.333
5210,0.323
5220,0.321
5230,0.329
5240,0.323
5250,0.300
5260,0.310
5270,0.321
5280,0.319
5290,0.313
5300,0.300
5310,0.315
5320,0.302
5330,0.299
5340,0.294
5350,0.287
5360,0.302
5370,0.296
5380,0.298
5390,0.291
5400,0.294
5410,0.291
5420,0.303
5430,0.317
5440,0.303
5450,0.315
5460,0.311
5470,0.322
5480,0.306
5490,0.311
5500,0.318
5510,0.310
5520,0.309
5530,0.296
5540,0.302
5550,0.315
5560,0.304
5570,0.315
5580,0.306
5590,0.310
5600,0.307
5610,0.307
5620,0.315
5630,0.300
5640,0.307
5650,0.300
5660,0.311
5670,0.309
5680,0.294
5690,0.284
5700,0.292
5710,0.277
5720,0.295
5730,0.290
5740,0.283
5750,0.292
5760,0.279
5770,0.276
5780,0.306
5790,0.309
5800,0.313
5810,0.286
5820,0.275
5830,0.258
5840,0.284
5850,0.294
5860,0.279
5870,0.295
5880,0.281
5890,0.271
5900,0.280
5910,0.269
5920,0.276
5930,0.294
5940,0.284
5950,0.273
5960,0.288
5970,0.295
5980,0.281
5990,0.292
6000,0.295
6010,0.286
6020,0.276
6030,0.279
6040,0.258
6050,0.257
6060,0.253
6070,0.253
6080,0.253
6090,0.258
6100,0.279
6110,0.276
6120,0.264
6130,0.264
6140,0.268
6150,0.254
6160,0.258
6170,0.258
6180,0.261
6190,0.269
6200,0.265
6210,0.254
6220,0.257
6230,0.245
6240,0.258
6250,0.238
6260,0.238
6270,0.244
6280,0.254
6290,0.234
6300,0.229
6310,0.222
6320,0.227
6330,0.222
6340,0.242
6350,0.240
6360,0.230
6370,0.231
6380,0.227
6390,0.230
6400,0.249
6410,0.246
6420,0.253
6430,0.242
6440,0.238
6450,0.234
6460,0.257
6470,0.264
6480,0.252
6490,0.260
6500,0.257
6510,0.263
6520,0.246
6530,0.231
6540,0.235
6550,0.246
6560,0.261
6570,0.258
6580,0.253
6590,0.250
6600,0.256
6610,0.254
6620,0.261
6630,0.279
6640,0.264
6650,0.272
6660,0.273
6670,0.269
6680,0.288
6690,0.286
6700,0.273
6710,0.280
6720,0.260
6730,0.257
6740,0.260
6750,0.263
6760,0.268
6770,0.258
6780,0.257
6790,0.273
6800,0.256
6810,0.264
6820,0.252
6830,0.261
6840,0.261
6850,0.269
6860,0.258
6870,0.254
6880,0.258
6890,0.256
6900,0.256
6910,0.241
6920,0.252
6930,0.226
6940,0.231
6950,0.235
6960,0.249
6970,0.256
6980,0.241
6990,0.238
7000,0.240
7010,0.241
7020,0.254
7030,0.245
7040,0.249
7050,0.235
7060,0.233
7070,0.245
7080,0.242
7090,0.244
7100,0.246
7110,0.249
7120,0.241
7130,0.234
7140,0.229
7150,0.240
7160,0.230
7170,0.240
7180,0.241
7190,0.230
7200,0.245
7210,0.226
7220,0.211
7230,0.207
7240,0.219
7250,0.217
7260,0.219
7270,0.212
7280,0.212
7290,0.217
7300,0.212
7310,0.221
7320,0.206
7330,0.214
7340,0.215
7350,0.217
7360,0.221
7370,0.218
7380,0.221
7390,0.222
7400,0.217
7410,0.212
7420,0.223
7430,0.229
7440,0.215
7450,0.233
7460,0.214
7470,0.248
7480,0.237
7490,0.225
7500,0.226
7510,0.231
7520,0.231
7530,0.223
7540,0.219
7550,0.214
7560,0.212
7570,0.226
7580,0.218
7590,0.225
7600,0.223
7610,0.215
7620,0.222
7630,0.210
7640,0.208
7650,0.214
7660,0.208
7670,0.198
7680,0.180
7690,0.214
7700,0.200
7710,0.214
7720,0.200
7730,0.208
7740,0.207
7750,0.215
7760,0.215
7770,0.212
7780,0.221
7790,0.212
7800,0.199
7810,0.215
7820,0.222
7830,0.196
7840,0.203
7850,0.198
7860,0.214
7870,0.222
7880,0.198
7890,0.214
7900,0.225
7910,0.208
7920,0.214
7930,0.212
7940,0.199
7950,0.206
7960,0.211
7970,0.187
7980,0.203
7990,0.196
8000,0.194
8010,0.187
8020,0.194
8030,0.200
8040,0.195
8050,0.206
8060,0.211
8070,0.195
8080,0.218
8090,0.200
8100,0.192
8110,0.200
8120,0.204
8130,0.214
8140,0.200
8150,0.218
8160,0.218
8170,0.203
8180,0.212
8190,0.221
8200,0.217
8210,0.199
8220,0.207
8230,0.206
8240,0.225
8250,0.222
8260,0.221
8270,0.229
8280,0.215
8290,0.218
8300,0.237
8310,0.242
8320,0.242
8330,0.234
8340,0.238
8350,0.240
8360,0.237
8370,0.237
8380,0.245
8390,0.250
8400,0.241
8410,0.231
8420,0.214
8430,0.231
8440,0.248
8450,0.229
8460,0.226
8470,0.227
8480,0.230
8490,0.215
8500,0.215
8510,0.226
8520,0.191
8530,0.217
8540,0.210
8550,0.234
8560,0.223
8570,0.226
8580,0.233
8590,0.233
8600,0.221
8610,0.225
8620,0.238
8630,0.214
8640,0.204
8650,0.206
8660,0.199
8670,0.200
8680,0.203
8690,0.203
8700,0.199
8710,0.192
8720,0.196
8730,0.206
8740,0.187
8750,0.200
8760,0.208
8770,0.202
8780,0.196
8790,0.195
8800,0.214
8810,0.215
8820,0.214
8830,0.215
8840,0.208
8850,0.189
8860,0.204
8870,0.195
8880,0.185
8890,0.183
8900,0.184
8910,0.191
8920,0.180
8930,0.173
8940,0.180
8950,0.175
8960,0.176
8970,0.173
8980,0.198
8990,0.204
9000,0.198
9010,0.177
9020,0.189
9030,0.192
9040,0.187
9050,0.208
9060,0.199
9070,0.199
9080,0.192
9090,0.183
9100,0.188
9110,0.192
9120,0.181
9130,0.192
9140,0.200
9150,0.192
9160,0.173
9170,0.165
9180,0.175
9190,0.180
9200,0.161
9210,0.183
9220,0.180
9230,0.179
9240,0.177
9250,0.181
9260,0.164
9270,0.168
9280,0.166
9290,0.180
9300,0.175
9310,0.177
9320,0.180
9330,0.171
9340,0.166
9350,0.164
9360,0.166
9370,0.158
9380,0.156
9390,0.171
9400,0.165
9410,0.162
9420,0.161
9430,0.166
9440,0.169
9450,0.168
9460,0.164
9470,0.156
9480,0.157
9490,0.168
9500,0.160
9510,0.157
9520,0.160
9530,0.158
9540,0.147
9550,0.160
9560,0.154
9570,0.171
9580,0.164
9590,0.152
9600,0.152
9610,0.157
9620,0.157
9630,0.146
9640,0.157
9650,0.162
9660,0.164
9670,0.173
9680,0.175
9690,0.188
9700,0.172
9710,0.161
9720,0.171
9730,0.164
9740,0.168
9750,0.165
9760,0.158
9770,0.158
9780,0.147
9790,0.143
9800,0.154
9810,0.138
9820,0.149
9830,0.142
9840,0.138
9850,0.127
9860,0.156
9870,0.166
9880,0.162
9890,0.153
9900,0.168
9910,0.183
9920,0.181
9930,0.181
9940,0.177
9950,0.181
9960,0.181
9970,0.165
9980,0.157
9990,0.165
10000,0.171
10010,0.172
10020,0.165
10030,0.153
10040,0.162
10050,0.160
10060,0.162
10070,0.147
10080,0.139
10090,0.156
10100,0.138
10110,0.143
10120,0.133
10130,0.141
10140,0.135
10150,0.123
10160,0.138
10170,0.135
10180,0.122
10190,0.131
10200,0.116
10210,0.116
10220,0.107
10230,0.130
10240,0.115
10250,0.138
10260,0.116
10270,0.127
10280,0.124
10290,0.118
10300,0.118
10310,0.112
10320,0.124
10330,0.137
10340,0.129
10350,0.119
10360,0.123
10370,0.115
10380,0.122
10390,0.116
10400,0.118
10410,0.127
10420,0.124
10430,0.123
10440,0.092
10450,0.116
10460,0.118
10470,0.106
10480,0.118
10490,0.116
10500,0.108
10510,0.116
10520,0.124
10530,0.131
10540,0.111
10550,0.124
10560,0.115
10570,0.126
10580,0.119
10590,0.111
10600,0.129
10610,0.099
10620,0.101
10630,0.097
10640,0.107
10650,0.095
10660,0.095
10670,0.101
10680,0.092
10690,0.083
10700,0.088
10710,0.084
10720,0.081
10730,0.085
10740,0.084
10750,0.087
10760,0.091
10770,0.084
10780,0.083
10790,0.088
10800,0.093
10810,0.104
10820,0.097
10830,0.097
10840,0.106
10850,0.107
10860,0.096
10870,0.096
10880,0.106
10890,0.093
10900,0.099
10910,0.101
10920,0.093
10930,0.099
10940,0.099
10950,0.096
10960,0.106
10970,0.106
10980,0.101
10990,0.104
11000,0.119
11010,0.112
11020,0.119
11030,0.112
11040,0.111
11050,0.108
11060,0.111
11070,0.095
11080,0.127
11090,0.124
11100,0.123
11110,0.137
11120,0.118
11130,0.118
11140,0.116
11150,0.112
11160,0.110
11170,0.097
11180,0.097
11190,0.096
11200,0.100
11210,0.099
11220,0.088
11230,0.081
11240,0.081
11250,0.084
11260,0.078
11270,0.061
11280,0.066
11290,0.072
11300,0.069
11310,0.074
11320,0.076
11330,0.080
11340,0.070
11350,0.078
11360,0.073
11370,0.068
11380,0.070
11390,0.065
11400,0.078
11410,0.076
11420,0.070
11430,0.072
11440,0.064
11450,0.076
11460,0.076
11470,0.074
11480,0.069
11490,0.064
11500,0.057
11510,0.061
11520,0.060
11530,0.046
11540,0.049
11550,0.065
11560,0.065
11570,0.064
11580,0.064
11590,0.050
11600,0.060
11610,0.068
11620,0.057
11630,0.064
11640,0.068
11650,0.064
11660,0.065
11670,0.061
11680,0.068
11690,0.073
11700,0.066
11710,0.061
11720,0.060
11730,0.055
11740,0.060
11750,0.055
11760,0.060
11770,0.064
11780,0.057
11790,0.061
11800,0.060
11810,0.061
11820,0.068
11830,0.054
11840,0.045
11850,0.054
11860,0.049
11870,0.050
11880,0.054
11890,0.042
11900,0.043
11910,0.057
11920,0.057
11930,0.062
11940,0.064
11950,0.070
11960,0.064
11970,0.061
11980,0.055
11990,0.074
12000,0.064
12010,0.077
12020,0.070
12030,0.073
12040,0.076
12050,0.069
12060,0.070
12070,0.062
12080,0.072
12090,0.072
12100,0.069
12110,0.065
12120,0.051
12130,0.050
12140,0.053
12150,0.054
12160,0.054
12170,0.055
12180,0.065
12190,0.062
12200,0.064
12210,0.073
12220,0.077
12230,0.069
12240,0.073
12250,0.069
12260,0.074
12270,0.083
12280,0.077
12290,0.070
12300,0.074
12310,0.069
12320,0.080
12330,0.073
12340,0.069
12350,0.072
12360,0.077
12370,0.077
12380,0.081
12390,0.065
12400,0.062
12410,0.068
12420,0.073
12430,0.076
12440,0.074
12450,0.077
12460,0.087
12470,0.078
12480,0.066
12490,0.069
12500,0.073
12510,0.074
12520,0.072
12530,0.078
12540,0.060
12550,0.060
12560,0.069
12570,0.081
12580,0.073
12590,0.054
12600,0.053
12610,0.054
12620,0.042
12630,0.049
12640,0.046
12650,0.047
12660,0.047
12670,0.046
12680,0.045
12690,0.046
12700,0.051
12710,0.051
12720,0.057
12730,0.051
12740,0.045
12750,0.062
12760,0.060
12770,0.060
12780,0.064
12790,0.053
12800,0.064
12810,0.054
12820,0.045
12830,0.049
12840,0.061
12850,0.062
12860,0.049
12870,0.046
12880,0.058
12890,0.038
12900,0.035
12910,0.035
12920,0.032
12930,0.039
12940,0.037
12950,0.032
12960,0.042
12970,0.041
12980,0.043
12990,0.039
13000,0.039
13010,0.043
13020,0.042
13030,0.039
13040,0.042
13050,0.035
13060,0.028
13070,0.038
13080,0.028
13090,0.035
13100,0.039
13110,0.035
13120,0.047
13130,0.031
13140,0.042
13150,0.037
13160,0.031
13170,0.024
13180,0.024
13190,0.024
13200,0.034
13210,0.034
13220,0.034
13230,0.039
13240,0.039
13250,0.031
13260,0.028
13270,0.035
13280,0.039
13290,0.041
13300,0.032
13310,0.038
13320,0.037
13330,0.034
13340,0.041
13350,0.042
13360,0.045
13370,0.039
13380,0.042
13390,0.047
13400,0.045
13410,0.046
13420,0.049
13430,0.055
13440,0.049
13450,0.046
13460,0.051
13470,0.042
13480,0.034
13490,0.030
13500,0.034
13510,0.023
13520,0.028
13530,0.034
13540,0.045
13550,0.053
13560,0.057
13570,0.053
13580,0.053
13590,0.064
13600,0.060
13610,0.061
13620,0.064
13630,0.060
13640,0.058
13650,0.057
13660,0.057
13670,0.051
13680,0.054
13690,0.058
13700,0.061
13710,0.060
13720,0.066
13730,0.066
13740,0.065
13750,0.054
13760,0.051
13770,0.060
13780,0.055
13790,0.065
13800,0.057
13810,0.051
13820,0.051
13830,0.050
13840,0.050
13850,0.049
13860,0.055
13870,0.043
13880,0.058
13890,0.049
13900,0.045
13910,0.051
13920,0.055
13930,0.060
13940,0.043
13950,0.053
13960,0.060
13970,0.064
13980,0.060
13990,0.069
14000,0.070
14010,0.055
14020,0.061
14030,0.050
14040,0.061
14050,0.057
14060,0.051
14070,0.058
14080,0.060
14090,0.053
14100,0.060
14110,0.057
14120,0.069
14130,0.061
14140,0.055
14150,0.039
14160,0.054
14170,0.061
14180,0.060
14190,0.066
14200,0.051
14210,0.049
14220,0.050
14230,0.046
14240,0.042
14250,0.043
14260,0.060
14270,0.055
14280,0.050
14290,0.053
14300,0.043
14310,0.047
14320,0.041
14330,0.041
14340,0.038
14350,0.039
14360,0.049
14370,0.046
14380,0.046
14390,0.054
14400,0.049
14410,0.057
14420,0.055
14430,0.058
14440,0.042
14450,0.042
14460,0.042
14470,0.051
14480,0.047
14490,0.031
14500,0.037
14510,0.043
14520,0.039
14530,0.054
14540,0.049
14550,0.043
14560,0.043
14570,0.043
14580,0.039
14590,0.042
14600,0.035
14610,0.038
14620,0.034
14630,0.042
14640,0.051
14650,0.058
14660,0.058
14670,0.058
14680,0.047
14690,0.051
14700,0.047
14710,0.046
14720,0.046
14730,0.043
14740,0.039
14750,0.035
14760,0.037
14770,0.038
14780,0.041
14790,0.042
14800,0.035
14810,0.037
14820,0.041
14830,0.031
14840,0.041
14850,0.042
14860,0.043
14870,0.037
14880,0.045
14890,0.041
14900,0.038
14910,0.032
14920,0.046
14930,0.028
14940,0.038
14950,0.037
14960,0.038
14970,0.035
14980,0.041
14990,0.043
15000,0.049
15010,0.061
15020,0.050
15030,0.047
15040,0.050
15050,0.046
15060,0.050
15070,0.055
15080,0.060
15090,0.054
15100,0.053
15110,0.054
15120,0.053
15130,0.050
15140,0.042
15150,0.046
15160,0.060
15170,0.047
15180,0.051
15190,0.053
15200,0.038
15210,0.045
15220,0.047
15230,0.049
15240,0.039
15250,0.042
15260,0.043
15270,0.043
15280,0.037
15290,0.045
15300,0.043
15310,0.057
15320,0.045
15330,0.037
15340,0.042
15350,0.045
15360,0.049
15370,0.039
15380,0.051
15390,0.039
15400,0.045
15410,0.047
15420,0.039
15430,0.039
15440,0.049
15450,0.042
15460,0.042
15470,0.037
15480,0.035
15490,0.037
15500,0.038
15510,0.038
15520,0.035
15530,0.034
15540,0.032
15550,0.032
15560,0.030
15570,0.031
15580,0.031
15590,0.030
15600,0.032
15610,0.024
15620,0.038
15630,0.034
15640,0.034
15650,0.034
15660,0.037
15670,0.030
15680,0.022
15690,0.022
15700,0.028
15710,0.027
15720,0.034
15730,0.022
15740,0.028
15750,0.027
15760,0.035
15770,0.042
15780,0.039
15790,0.042
15800,0.042
15810,0.034
15820,0.038
15830,0.037
15840,0.041
15850,0.042
15860,0.041
15870,0.042
15880,0.038
15890,0.034
15900,0.030
15910,0.031
15920,0.028
15930,0.028
15940,0.028
15950,0.030
15960,0.038
15970,0.037
15980,0.042
15990,0.039
16000,0.046
16010,0.037
16020,0.034
16030,0.038
16040,0.042
16050,0.041
16060,0.028
16070,0.041
16080,0.034
16090,0.034
16100,0.037
16110,0.030
16120,0.031
16130,0.031
16140,0.043
16150,0.032
16160,0.043
16170,0.035
16180,0.035
16190,0.035
16200,0.030
16210,0.032
16220,0.037
16230,0.026
16240,0.026
16250,0.020
16260,0.032
16270,0.030
16280,0.027
16290,0.028
16300,0.027
16310,0.028
16320,0.028
16330,0.027
16340,0.030
16350,0.028
16360,0.024
16370,0.035
16380,0.035
16390,0.020
16400,0.026
16410,0.031
16420,0.030
16430,0.037
16440,0.031
16450,0.041
16460,0.042
16470,0.049
16480,0.046
16490,0.045
16500,0.045
16510,0.042
16520,0.043
16530,0.037
16540,0.038
16550,0.046
16560,0.041
16570,0.039
16580,0.035
16590,0.037
16600,0.039
16610,0.042
16620,0.039
16630,0.043
16640,0.043
16650,0.041
16660,0.042
16670,0.047
16680,0.035
16690,0.042
16700,0.046
16710,0.049
16720,0.051
16730,0.037
16740,0.047
16750,0.045
16760,0.058
16770,0.042
16780,0.051
16790,0.053
16800,0.051
16810,0.053
16820,0.051
16830,0.046
16840,0.045
16850,0.039
16860,0.047
16870,0.034
16880,0.034
16890,0.031
16900,0.031
16910,0.042
16920,0.030
16930,0.034
16940,0.024
16950,0.030
16960,0.024
16970,0.030
16980,0.034
16990,0.035
17000,0.039
17010,0.042
17020,0.049
17030,0.045
17040,0.045
17050,0.049
17060,0.043
17070,0.046
17080,0.035
17090,0.042
17100,0.042
17110,0.037
17120,0.032
17130,0.028
17140,0.026
17150,0.031
17160,0.035
17170,0.038
17180,0.031
17190,0.030
17200,0.028
17210,0.026
17220,0.031
17230,0.022
17240,0.022
17250,0.018
17260,0.019
17270,0.015
17280,0.027
17290,0.030
17300,0.028
17310,0.024
17320,0.032
17330,0.026
17340,0.030
17350,0.031
17360,0.034
17370,0.037
17380,0.026
17390,0.024
17400,0.037
17410,0.042
17420,0.039
17430,0.031
17440,0.037
17450,0.031
17460,0.045
17470,0.043
17480,0.043
17490,0.042
17500,0.034
17510,0.030
17520,0.026
17530,0.032
17540,0.034
17550,0.031
17560,0.030
17570,0.027
17580,0.028
17590,0.032
17600,0.027
17610,0.031
17620,0.035
17630,0.035
17640,0.037
17650,0.049
17660,0.047
17670,0.054
17680,0.042
17690,0.042
17700,0.047
17710,0.039
17720,0.043
17730,0.042
17740,0.043
17750,0.042
17760,0.043
17770,0.041
17780,0.023
17790,0.032
17800,0.035
17810,0.032
17820,0.035
17830,0.042
17840,0.047
17850,0.046
17860,0.051
17870,0.053
17880,0.050
17890,0.047
17900,0.046
17910,0.034
17920,0.037
17930,0.037
17940,0.035
17950,0.035
17960,0.035
17970,0.034
17980,0.038
17990,0.031
18000,0.027
18010,0.027
18020,0.034
18030,0.038
18040,0.026
18050,0.028
18060,0.045
18070,0.034
18080,0.034
18090,0.038
18100,0.035
18110,0.039
18120,0.037
18130,0.041
18140,0.038
18150,0.038
18160,0.034
18170,0.037
18180,0.034
18190,0.037
18200,0.047
18210,0.046
18220,0.047
18230,0.038
18240,0.030
18250,0.035
18260,0.037
18270,0.035
18280,0.031
18290,0.019
18300,0.028
18310,0.023
18320,0.026
18330,0.014
18340,0.016
18350,0.016
18360,0.014
18370,0.016
18380,0.023
18390,0.024
18400,0.034
18410,0.031
18420,0.043
18430,0.032
18440,0.045
18450,0.041
18460,0.039
18470,0.038
18480,0.034
18490,0.032
18500,0.032
18510,0.035
18520,0.034
18530,0.037
18540,0.024
18550,0.038
18560,0.039
18570,0.032
18580,0.037
18590,0.039
18600,0.045
18610,0.039
18620,0.037
18630,0.028
18640,0.034
18650,0.035
18660,0.028
18670,0.028
18680,0.032
18690,0.032
18700,0.031
18710,0.039
18720,0.038
18730,0.047
18740,0.046
18750,0.039
18760,0.042
18770,0.037
18780,0.046
18790,0.046
18800,0.046
18810,0.041
18820,0.047
18830,0.030
18840,0.032
18850,0.041
18860,0.043
18870,0.043
18880,0.039
18890,0.038
18900,0.049
18910,0.047
18920,0.034
18930,0.037
18940,0.042
18950,0.037
18960,0.035
18970,0.026
18980,0.038
18990,0.037
19000,0.035
19010,0.038
19020,0.035
19030,0.043
19040,0.041
19050,0.041
19060,0.034
19070,0.032
19080,0.038
19090,0.030
19100,0.034
19110,0.026
19120,0.024
19130,0.020
19140,0.030
19150,0.027
19160,0.030
19170,0.035
19180,0.038
19190,0.041
19200,0.034
19210,0.035
19220,0.045
19230,0.039
19240,0.039
19250,0.032
19260,0.037
19270,0.047
19280,0.038
19290,0.043
19300,0.047
19310,0.024
19320,0.026
19330,0.022
19340,0.026
19350,0.030
19360,0.022
19370,0.031
19380,0.026
19390,0.026
19400,0.020
19410,0.022
19420,0.015
19430,0.020
19440,0.020
19450,0.019
19460,0.023
19470,0.024
19480,0.024
19490,0.023
19500,0.022
19510,0.024
19520,0.019
19530,0.028
19540,0.024
19550,0.026
19560,0.019
19570,0.019
19580,0.022
19590,0.019
19600,0.014
19610,0.018
19620,0.019
19630,0.020
19640,0.030
19650,0.022
19660,0.018
19670,0.020
19680,0.024
19690,0.030
19700,0.015
19710,0.020
19720,0.022
19730,0.016
19740,0.018
19750,0.019
19760,0.014
19770,0.014
19780,0.023
19790,0.022
19800,0.020
19810,0.019
19820,0.016
19830,0.014
19840,0.019
19850,0.022
19860,0.018
19870,0.014
19880,0.019
19890,0.015
19900,0.015
19910,0.023
19920,0.018
19930,0.018
19940,0.026
19950,0.023
19960,0.022
19970,0.030
19980,0.027
19990,0.022
20000,0.026
