# time, fQ
0,1.000
10,0.959
20,0.919
30,0.907
40,0.923
50,0.894
60,0.908
70,0.881
80,0.931
90,0.909
100,0.892
110,0.889
120,0.890
130,0.886
140,0.909
150,0.901
160,0.886
170,0.877
180,0.870
190,0.885
200,0.881
210,0.878
220,0.829
230,0.839
240,0.823
250,0.831
260,0.801
270,0.792
280,0.815
290,0.785
300,0.800
310,0.769
320,0.817
330,0.796
340,0.769
350,0.805
360,0.793
370,0.792
380,0.809
390,0.811
400,0.823
410,0.788
420,0.792
430,0.804
440,0.788
450,0.805
460,0.792
470,0.777
480,0.774
490,0.767
500,0.756
510,0.796
520,0.765
530,0.775
540,0.785
550,0.758
560,0.751
570,0.750
580,0.732
590,0.744
600,0.755
610,0.747
620,0.708
630,0.747
640,0.721
650,0.720
660,0.720
670,0.708
680,0.729
690,0.709
700,0.743
710,0.717
720,0.721
730,0.712
740,0.712
750,0.694
760,0.701
770,0.698
780,0.670
790,0.687
800,0.660
810,0.682
820,0.685
830,0.670
840,0.691
850,0.678
860,0.664
870,0.643
880,0.668
890,0.643
900,0.641
910,0.654
920,0.677
930,0.683
940,0.673
950,0.666
960,0.662
970,0.679
980,0.659
990,0.675
1000,0.691
1010,0.685
1020,0.679
1030,0.681
1040,0.682
1050,0.690
1060,0.686
1070,0.679
1080,0.698
1090,0.679
1100,0.694
1110,0.683
1120,0.678
1130,0.670
1140,0.691
1150,0.706
1160,0.667
1170,0.664
1180,0.685
1190,0.664
1200,0.658
1210,0.643
1220,0.648
1230,0.652
1240,0.635
1250,0.662
1260,0.641
1270,0.675
1280,0.658
1290,0.667
1300,0.644
1310,0.606
1320,0.636
1330,0.618
1340,0.618
1350,0.640
1360,0.616
1370,0.604
1380,0.614
1390,0.599
1400,0.610
1410,0.616
1420,0.629
1430,0.641
1440,0.629
1450,0.627
1460,0.610
1470,0.624
1480,0.604
1490,0.624
1500,0.640
1510,0.655
1520,0.628
1530,0.614
1540,0.636
1550,0.612
1560,0.620
1570,0.597
1580,0.620
1590,0.608
1600,0.598
1610,0.597
1620,0.568
1630,0.587
1640,0.581
1650,0.593
1660,0.606
1670,0.589
1680,0.578
1690,0.590
1700,0.574
1710,0.579
1720,0.567
1730,0.556
1740,0.560
1750,0.547
1760,0.581
1770,0.585
1780,0.522
1790,0.529
1800,0.549
1810,0.540
1820,0.529
1830,0.552
1840,0.547
1850,0.549
1860,0.543
1870,0.566
1880,0.563
1890,0.562
1900,0.572
1910,0.553
1920,0.585
1930,0.547
1940,0.574
1950,0.564
1960,0.539
1970,0.574
1980,0.571
1990,0.517
2000,0.493
2010,0.521
2020,0.501
2030,0.513
2040,0.495
2050,0.510
2060,0.512
2070,0.520
2080,0.525
2090,0.525
2100,0.502
2110,0.518
2120,0.518
2130,0.518
2140,0.526
2150,0.539
2160,0.549
2170,0.539
2180,0.526
2190,0.524
2200,0.517
2210,0.528
2220,0.529
2230,0.513
2240,0.522
2250,0.545
2260,0.537
2270,0.507
2280,0.495
2290,0.494
2300,0.513
2310,0.526
2320,0.486
2330,0.486
2340,0.488
2350,0.490
2360,0.494
2370,0.474
2380,0.461
2390,0.472
2400,0.498
2410,0.478
2420,0.494
2430,0.452
2440,0.457
2450,0.465
2460,0.456
2470,0.460
2480,0.453
2490,0.455
2500,0.426
2510,0.425
2520,0.432
2530,0.426
2540,0.425
2550,0.436
2560,0.433
2570,0.447
2580,0.433
2590,0.429
2600,0.410
2610,0.410
2620,0.407
2630,0.398
2640,0.386
2650,0.394
2660,0.414
2670,0.388
2680,0.378
2690,0.383
2700,0.376
2710,0.387
2720,0.365
2730,0.365
2740,0.407
2750,0.422
2760,0.444
2770,0.405
2780,0.436
2790,0.428
2800,0.428
2810,0.440
2820,0.401
2830,0.383
2840,0.415
2850,0.436
2860,0.438
2870,0.447
2880,0.455
2890,0.441
2900,0.415
2910,0.391
2920,0.386
2930,0.410
2940,0.402
2950,0.406
2960,0.421
2970,0.413
2980,0.406
2990,0.421
3000,0.402
3010,0.426
3020,0.421
3030,0.434
3040,0.425
3050,0.430
3060,0.425
3070,0.440
3080,0.410
3090,0.402
3100,0.407
3110,0.394
3120,0.394
3130,0.410
3140,0.398
3150,0.380
3160,0.391
3170,0.386
3180,0.401
3190,0.394
3200,0.378
3210,0.379
3220,0.357
3230,0.345
3240,0.384
3250,0.380
3260,0.380
3270,0.401
3280,0.378
3290,0.376
3300,0.373
3310,0.379
3320,0.375
3330,0.356
3340,0.380
3350,0.386
3360,0.373
3370,0.375
3380,0.384
3390,0.361
3400,0.361
3410,0.375
3420,0.365
3430,0.356
3440,0.365
3450,0.341
3460,0.317
3470,0.325
3480,0.313
3490,0.321
3500,0.315
3510,0.319
3520,0.309
3530,0.283
3540,0.284
3550,0.311
3560,0.306
3570,0.295
3580,0.281
3590,0.286
3600,0.288
3610,0.298
3620,0.290
3630,0.290
3640,0.275
3650,0.298
3660,0.267
3670,0.268
3680,0.253
3690,0.269
3700,0.257
3710,0.269
3720,0.276
3730,0.283
3740,0.286
3750,0.264
3760,0.263
3770,0.272
3780,0.248
3790,0.256
3800,0.245
3810,0.235
3820,0.242
3830,0.260
3840,0.277
3850,0.263
3860,0.272
3870,0.250
3880,0.267
3890,0.273
3900,0.279
3910,0.279
3920,0.291
3930,0.277
3940,0.271
3950,0.273
3960,0.267
3970,0.272
3980,0.284
3990,0.256
4000,0.256
4010,0.276
4020,0.256
4030,0.250
4040,0.240
4050,0.257
4060,0.273
4070,0.268
4080,0.283
4090,0.276
4100,0.254
4110,0.264
4120,0.272
4130,0.248
4140,0.249
4150,0.249
4160,0.254
4170,0.237
4180,0.250
4190,0.261
4200,0.256
4210,0.246
4220,0.264
4230,0.237
4240,0.269
4250,0.272
4260,0.264
4270,0.267
4280,0.230
4290,0.222
4300,0.248
4310,0.244
4320,0.238
4330,0.254
4340,0.252
4350,0.252
4360,0.241
4370,0.246
4380,0.248
4390,0.250
4400,0.246
4410,0.260
4420,0.244
4430,0.248
4440,0.244
4450,0.253
4460,0.269
4470,0.244
4480,0.226
4490,0.242
4500,0.231
4510,0.225
4520,0.218
4530,0.208
4540,0.223
4550,0.199
4560,0.215
4570,0.208
4580,0.203
4590,0.200
4600,0.187
4610,0.200
4620,0.195
4630,0.183
4640,0.204
4650,0.196
4660,0.200
4670,0.206
4680,0.200
4690,0.204
4700,0.208
4710,0.196
4720,0.200
4730,0.188
4740,0.185
4750,0.180
4760,0.157
4770,0.172
4780,0.164
4790,0.156
4800,0.195
4810,0.189
4820,0.166
4830,0.191
4840,0.192
4850,0.199
4860,0.195
4870,0.208
4880,0.177
4890,0.179
4900,0.177
4910,0.171
4920,0.171
4930,0.171
4940,0.166
4950,0.180
4960,0.175
4970,0.169
4980,0.181
4990,0.187
5000,0.183
5010,0.179
5020,0.183
5030,0.183
5040,0.195
5050,0.192
5060,0.189
5070,0.183
5080,0.179
5090,0.188
5100,0.194
5110,0.168
5120,0.175
5130,0.169
5140,0.154
5150,0.150
5160,0.157
5170,0.157
5180,0.137
5190,0.127
5200,0.145
5210,0.145
5220,0.143
5230,0.133
5240,0.133
5250,0.146
5260,0.137
5270,0.154
5280,0.145
5290,0.127
5300,0.129
5310,0.135
5320,0.137
5330,0.145
5340,0.135
5350,0.134
5360,0.123
5370,0.149
5380,0.131
5390,0.114
5400,0.116
5410,0.116
5420,0.114
5430,0.099
5440,0.103
5450,0.092
5460,0.084
5470,0.073
5480,0.092
5490,0.087
5500,0.088
5510,0.081
5520,0.091
5530,0.097
5540,0.092
5550,0.088
5560,0.083
5570,0.076
5580,0.066
5590,0.077
5600,0.081
5610,0.064
5620,0.070
5630,0.070
5640,0.069
5650,0.073
5660,0.066
5670,0.047
5680,0.054
5690,0.051
5700,0.051
5710,0.049
5720,0.042
5730,0.047
5740,0.043
5750,0.041
5760,0.043
5770,0.047
5780,0.042
5790,0.057
5800,0.053
5810,0.062
5820,0.051
5830,0.064
5840,0.065
5850,0.065
5860,0.057
5870,0.065
5880,0.065
5890,0.055
5900,0.057
5910,0.051
5920,0.060
5930,0.066
5940,0.072
5950,0.057
5960,0.077
5970,0.078
5980,0.062
5990,0.078
6000,0.061
6010,0.064
6020,0.055
6030,0.060
6040,0.045
6050,0.053
6060,0.050
6070,0.051
6080,0.041
6090,0.042
6100,0.051
6110,0.043
6120,0.043
6130,0.039
6140,0.042
6150,0.038
6160,0.042
6170,0.050
6180,0.054
6190,0.046
6200,0.055
6210,0.066
6220,0.057
6230,0.072
6240,0.061
6250,0.061
6260,0.060
6270,0.062
6280,0.068
6290,0.064
6300,0.064
6310,0.066
6320,0.062
6330,0.057
6340,0.057
6350,0.058
6360,0.065
6370,0.055
6380,0.051
6390,0.042
6400,0.045
6410,0.037
6420,0.046
6430,0.046
6440,0.045
6450,0.058
6460,0.047
6470,0.049
6480,0.047
6490,0.050
6500,0.055
6510,0.057
6520,0.050
6530,0.041
6540,0.053
6550,0.054
6560,0.039
6570,0.049
6580,0.035
6590,0.043
6600,0.042
6610,0.045
6620,0.035
6630,0.038
6640,0.035
6650,0.034
6660,0.035
6670,0.042
6680,0.041
6690,0.034
6700,0.038
6710,0.037
6720,0.027
6730,0.034
6740,0.028
6750,0.028
6760,0.028
6770,0.038
6780,0.038
6790,0.038
6800,0.039
6810,0.041
6820,0.037
6830,0.034
6840,0.032
6850,0.032
6860,0.039
6870,0.039
6880,0.051
6890,0.043
6900,0.042
6910,0.038
6920,0.045
6930,0.041
6940,0.050
6950,0.038
6960,0.042
6970,0.035
6980,0.031
6990,0.038
7000,0.024
7010,0.039
7020,0.039
7030,0.037
7040,0.046
7050,0.045
7060,0.045
7070,0.042
7080,0.032
7090,0.030
7100,0.031
7110,0.028
7120,0.016
7130,0.024
7140,0.031
7150,0.030
7160,0.023
7170,0.024
7180,0.030
7190,0.037
7200,0.038
7210,0.039
7220,0.035
7230,0.028
7240,0.030
7250,0.032
7260,0.032
7270,0.041
7280,0.031
7290,0.042
7300,0.049
7310,0.054
7320,0.050
7330,0.050
7340,0.043
7350,0.032
7360,0.043
7370,0.032
7380,0.030
7390,0.032
7400,0.038
7410,0.039
7420,0.045
7430,0.047
7440,0.043
7450,0.038
7460,0.043
7470,0.038
7480,0.034
7490,0.041
7500,0.035
7510,0.041
7520,0.041
7530,0.039
7540,0.026
7550,0.038
7560,0.032
7570,0.037
7580,0.034
7590,0.028
7600,0.032
7610,0.039
7620,0.037
7630,0.037
7640,0.041
7650,0.037
7660,0.028
7670,0.026
7680,0.027
7690,0.035
7700,0.038
7710,0.038
7720,0.031
7730,0.031
7740,0.034
7750,0.045
7760,0.038
7770,0.046
7780,0.054
7790,0.053
7800,0.057
7810,0.061
7820,0.053
7830,0.039
7840,0.037
7850,0.038
7860,0.028
7870,0.030
7880,0.023
7890,0.030
7900,0.035
7910,0.034
7920,0.022
7930,0.022
7940,0.026
7950,0.030
7960,0.034
7970,0.038
7980,0.039
7990,0.038
8000,0.028
