# time, fQ
0,1.000
10,0.947
20,0.943
30,0.932
40,0.909
50,0.904
60,0.893
70,0.880
80,0.869
90,0.861
100,0.859
110,0.858
120,0.823
130,0.854
140,0.832
150,0.859
160,0.827
170,0.835
180,0.846
190,0.828
200,0.808
210,0.811
220,0.793
230,0.785
240,0.797
250,0.811
260,0.801
270,0.824
280,0.782
290,0.777
300,0.788
310,0.763
320,0.766
330,0.756
340,0.748
350,0.765
360,0.766
370,0.758
380,0.739
390,0.747
400,0.755
410,0.747
420,0.733
430,0.735
440,0.732
450,0.723
460,0.736
470,0.744
480,0.765
490,0.735
500,0.704
510,0.710
520,0.702
530,0.724
540,0.689
550,0.675
560,0.685
570,0.708
580,0.678
590,0.690
600,0.693
610,0.720
620,0.673
630,0.691
640,0.671
650,0.678
660,0.683
670,0.683
680,0.667
690,0.674
700,0.671
710,0.667
720,0.713
730,0.689
740,0.716
750,0.710
760,0.716
770,0.719
780,0.723
790,0.720
800,0.720
810,0.714
820,0.713
830,0.712
840,0.733
850,0.739
860,0.698
870,0.727
880,0.710
890,0.691
900,0.683
910,0.677
920,0.679
930,0.666
940,0.690
950,0.677
960,0.671
970,0.678
980,0.644
990,0.673
1000,0.648
1010,0.651
1020,0.641
1030,0.673
1040,0.662
1050,0.648
1060,0.640
1070,0.670
1080,0.664
1090,0.647
1100,0.656
1110,0.636
1120,0.660
1130,0.658
1140,0.674
1150,0.643
1160,0.667
1170,0.643
1180,0.659
1190,0.648
1200,0.641
1210,0.659
1220,0.660
1230,0.693
1240,0.660
1250,0.677
1260,0.673
1270,0.694
1280,0.659
1290,0.659
1300,0.621
1310,0.635
1320,0.640
1330,0.639
1340,0.622
1350,0.628
1360,0.635
1370,0.631
1380,0.614
1390,0.651
1400,0.643
1410,0.645
1420,0.628
1430,0.621
1440,0.620
1450,0.635
1460,0.620
1470,0.631
1480,0.605
1490,0.609
1500,0.582
1510,0.572
1520,0.590
1530,0.581
1540,0.624
1550,0.625
1560,0.613
1570,0.625
1580,0.640
1590,0.620
1600,0.640
1610,0.595
1620,0.604
1630,0.589
1640,0.613
1650,0.581
1660,0.594
1670,0.608
1680,0.613
1690,0.605
1700,0.609
1710,0.624
1720,0.622
1730,0.631
1740,0.643
1750,0.639
1760,0.625
1770,0.622
1780,0.627
1790,0.628
1800,0.627
1810,0.631
1820,0.628
1830,0.621
1840,0.624
1850,0.621
1860,0.617
1870,0.595
1880,0.612
1890,0.605
1900,0.610
1910,0.620
1920,0.616
1930,0.594
1940,0.598
1950,0.595
1960,0.585
1970,0.599
1980,0.583
1990,0.578
2000,0.556
2010,0.562
2020,0.562
2030,0.560
2040,0.530
2050,0.564
2060,0.552
2070,0.535
2080,0.579
2090,0.567
2100,0.551
2110,0.559
2120,0.574
2130,0.574
2140,0.602
2150,0.598
2160,0.583
2170,0.575
2180,0.568
2190,0.594
2200,0.581
2210,0.601
2220,0.589
2230,0.568
2240,0.589
2250,0.589
2260,0.570
2270,0.579
2280,0.576
2290,0.594
2300,0.590
2310,0.574
2320,0.589
2330,0.576
2340,0.609
2350,0.591
2360,0.591
2370,0.590
2380,0.579
2390,0.568
2400,0.571
2410,0.552
2420,0.552
2430,0.575
2440,0.593
2450,0.582
2460,0.566
2470,0.571
2480,0.558
2490,0.528
2500,0.552
2510,0.514
2520,0.529
2530,0.556
2540,0.551
2550,0.533
2560,0.536
2570,0.503
2580,0.513
2590,0.505
2600,0.494
2610,0.505
2620,0.486
2630,0.479
2640,0.484
2650,0.475
2660,0.484
2670,0.452
2680,0.447
2690,0.471
2700,0.470
2710,0.464
2720,0.463
2730,0.453
2740,0.463
2750,0.465
2760,0.464
2770,0.480
2780,0.475
2790,0.472
2800,0.453
2810,0.476
2820,0.445
2830,0.476
2840,0.461
2850,0.459
2860,0.468
2870,0.457
2880,0.460
2890,0.442
2900,0.452
2910,0.442
2920,0.457
2930,0.456
2940,0.455
2950,0.452
2960,0.441
2970,0.455
2980,0.438
2990,0.421
3000,0.437
3010,0.424
3020,0.419
3030,0.419
3040,0.429
3050,0.409
3060,0.415
3070,0.411
3080,0.395
3090,0.415
3100,0.388
3110,0.384
3120,0.375
3130,0.390
3140,0.407
3150,0.436
3160,0.406
3170,0.414
3180,0.418
3190,0.402
3200,0.406
3210,0.396
3220,0.403
3230,0.384
3240,0.372
3250,0.345
3260,0.369
3270,0.388
3280,0.387
3290,0.387
3300,0.386
3310,0.399
3320,0.407
3330,0.419
3340,0.406
3350,0.414
3360,0.384
3370,0.369
3380,0.360
3390,0.388
3400,0.363
3410,0.338
3420,0.342
3430,0.348
3440,0.348
3450,0.340
3460,0.337
3470,0.346
3480,0.311
3490,0.337
3500,0.332
3510,0.314
3520,0.327
3530,0.325
3540,0.317
3550,0.313
3560,0.309
3570,0.318
3580,0.322
3590,0.323
3600,0.333
3610,0.317
3620,0.327
3630,0.323
3640,0.330
3650,0.321
3660,0.315
3670,0.317
3680,0.323
3690,0.298
3700,0.315
3710,0.313
3720,0.311
3730,0.315
3740,0.302
3750,0.300
3760,0.304
3770,0.309
3780,0.300
3790,0.315
3800,0.295
3810,0.290
3820,0.279
3830,0.268
3840,0.284
3850,0.284
3860,0.284
3870,0.281
3880,0.271
3890,0.276
3900,0.276
3910,0.253
3920,0.245
3930,0.237
3940,0.244
3950,0.256
3960,0.254
3970,0.272
3980,0.286
3990,0.288
4000,0.271
4010,0.257
4020,0.249
4030,0.286
4040,0.271
4050,0.290
4060,0.269
4070,0.281
4080,0.276
4090,0.254
4100,0.265
4110,0.257
4120,0.265
4130,0.240
4140,0.246
4150,0.241
4160,0.265
4170,0.242
4180,0.241
4190,0.275
4200,0.275
4210,0.276
4220,0.268
4230,0.265
4240,0.253
4250,0.264
4260,0.271
4270,0.275
4280,0.280
4290,0.302
4300,0.290
4310,0.291
4320,0.276
4330,0.309
4340,0.283
4350,0.276
4360,0.299
4370,0.287
4380,0.298
4390,0.299
4400,0.299
4410,0.304
4420,0.307
4430,0.291
4440,0.299
4450,0.306
4460,0.279
4470,0.269
4480,0.244
4490,0.271
4500,0.277
4510,0.284
4520,0.290
4530,0.268
4540,0.291
4550,0.299
4560,0.304
4570,0.311
4580,0.302
4590,0.283
4600,0.276
4610,0.264
4620,0.260
4630,0.252
4640,0.234
4650,0.254
4660,0.256
4670,0.237
4680,0.231
4690,0.235
4700,0.245
4710,0.229
4720,0.237
4730,0.246
4740,0.252
4750,0.263
4760,0.258
4770,0.248
4780,0.238
4790,0.271
4800,0.265
4810,0.246
4820,0.240
4830,0.227
4840,0.222
4850,0.241
4860,0.254
4870,0.241
4880,0.235
4890,0.234
4900,0.223
4910,0.240
4920,0.258
4930,0.229
4940,0.238
4950,0.229
4960,0.227
4970,0.238
4980,0.225
4990,0.226
5000,0.215
5010,0.206
5020,0.208
5030,0.238
5040,0.229
5050,0.219
5060,0.233
5070,0.221
5080,0.234
5090,0.235
5100,0.229
5110,0.222
5120,0.203
5130,0.221
5140,0.200
5150,0.208
5160,0.199
5170,0.196
5180,0.206
5190,0.185
5200,0.195
5210,0.198
5220,0.194
5230,0.192
5240,0.161
5250,0.179
5260,0.181
5270,0.179
5280,0.162
5290,0.171
5300,0.156
5310,0.149
5320,0.150
5330,0.166
5340,0.189
5350,0.166
5360,0.164
5370,0.154
5380,0.141
5390,0.142
5400,0.145
5410,0.158
5420,0.129
5430,0.156
5440,0.131
5450,0.118
5460,0.130
5470,0.131
5480,0.137
5490,0.127
5500,0.123
5510,0.135
5520,0.129
5530,0.143
5540,0.137
5550,0.149
5560,0.149
5570,0.143
5580,0.143
5590,0.147
5600,0.145
5610,0.154
5620,0.152
5630,0.154
5640,0.149
5650,0.147
5660,0.142
5670,0.143
5680,0.138
5690,0.126
5700,0.131
5710,0.134
5720,0.124
5730,0.122
5740,0.115
5750,0.115
5760,0.120
5770,0.103
5780,0.092
5790,0.111
5800,0.116
5810,0.106
5820,0.112
5830,0.116
5840,0.108
5850,0.112
5860,0.101
5870,0.120
5880,0.103
5890,0.106
5900,0.122
5910,0.131
5920,0.115
5930,0.124
5940,0.115
5950,0.093
5960,0.103
5970,0.096
5980,0.110
5990,0.104
6000,0.091
6010,0.111
6020,0.097
6030,0.101
6040,0.106
6050,0.104
6060,0.103
6070,0.088
6080,0.083
6090,0.078
6100,0.078
6110,0.088
6120,0.085
6130,0.106
6140,0.100
6150,0.106
6160,0.097
6170,0.093
6180,0.099
6190,0.085
6200,0.089
6210,0.096
6220,0.097
6230,0.104
6240,0.107
6250,0.097
6260,0.095
6270,0.093
6280,0.087
6290,0.092
6300,0.099
6310,0.091
6320,0.096
6330,0.095
6340,0.084
6350,0.078
6360,0.081
6370,0.087
6380,0.097
6390,0.084
6400,0.081
6410,0.092
6420,0.096
6430,0.088
6440,0.083
6450,0.093
6460,0.084
6470,0.080
6480,0.077
6490,0.076
6500,0.072
6510,0.077
6520,0.078
6530,0.051
6540,0.070
6550,0.076
6560,0.068
6570,0.055
6580,0.060
6590,0.066
6600,0.060
6610,0.066
6620,0.060
6630,0.058
6640,0.065
6650,0.068
6660,0.081
6670,0.060
6680,0.055
6690,0.049
6700,0.043
6710,0.037
6720,0.043
6730,0.031
6740,0.041
6750,0.043
6760,0.046
6770,0.043
6780,0.037
6790,0.047
6800,0.041
6810,0.050
6820,0.051
6830,0.057
6840,0.058
6850,0.051
6860,0.054
6870,0.058
6880,0.070
6890,0.080
6900,0.065
6910,0.072
6920,0.060
6930,0.062
6940,0.055
6950,0.054
6960,0.046
6970,0.042
6980,0.060
6990,0.043
7000,0.046
7010,0.038
7020,0.042
7030,0.039
7040,0.028
7050,0.037
7060,0.041
7070,0.047
7080,0.060
7090,0.065
7100,0.060
7110,0.062
7120,0.061
7130,0.049
7140,0.060
7150,0.053
7160,0.045
7170,0.050
7180,0.050
7190,0.058
7200,0.058
7210,0.060
7220,0.061
7230,0.051
7240,0.060
7250,0.061
7260,0.070
7270,0.054
7280,0.060
7290,0.060
7300,0.061
7310,0.057
7320,0.060
7330,0.054
7340,0.057
7350,0.061
7360,0.039
7370,0.050
7380,0.051
7390,0.049
7400,0.061
7410,0.058
7420,0.050
7430,0.054
7440,0.055
7450,0.055
7460,0.060
7470,0.055
7480,0.042
7490,0.041
7500,0.039
7510,0.045
7520,0.050
7530,0.039
7540,0.031
7550,0.039
7560,0.037
7570,0.054
7580,0.047
7590,0.049
7600,0.043
7610,0.039
7620,0.039
7630,0.041
7640,0.047
7650,0.045
7660,0.049
7670,0.051
7680,0.055
7690,0.058
7700,0.060
7710,0.060
7720,0.066
7730,0.058
7740,0.049
7750,0.039
7760,0.042
7770,0.038
7780,0.045
7790,0.028
7800,0.042
7810,0.031
7820,0.035
7830,0.030
7840,0.023
7850,0.020
7860,0.016
7870,0.016
7880,0.022
7890,0.024
7900,0.019
7910,0.019
7920,0.024
7930,0.027
7940,0.032
7950,0.027
7960,0.022
7970,0.028
7980,0.031
7990,0.026
8000,0.027
