# time, fQ
0,1.000
10,0.980
20,0.932
30,0.917
40,0.867
50,0.873
60,0.843
70,0.877
80,0.877
90,0.842
100,0.847
110,0.829
120,0.836
130,0.840
140,0.829
150,0.792
160,0.778
170,0.789
180,0.792
190,0.794
200,0.793
210,0.782
220,0.785
230,0.816
240,0.790
250,0.824
260,0.777
270,0.763
280,0.767
290,0.762
300,0.762
310,0.748
320,0.763
330,0.793
340,0.785
350,0.751
360,0.743
370,0.769
380,0.769
390,0.763
400,0.769
410,0.777
420,0.786
430,0.789
440,0.781
450,0.778
460,0.786
470,0.793
480,0.758
490,0.786
500,0.797
510,0.798
520,0.808
530,0.801
540,0.790
550,0.805
560,0.774
570,0.752
580,0.754
590,0.733
600,0.770
610,0.744
620,0.765
630,0.731
640,0.717
650,0.790
660,0.731
670,0.765
680,0.773
690,0.754
700,0.775
710,0.760
720,0.770
730,0.736
740,0.759
750,0.774
760,0.754
770,0.751
780,0.763
790,0.748
800,0.728
810,0.725
820,0.708
830,0.723
840,0.701
850,0.725
860,0.725
870,0.714
880,0.698
890,0.691
900,0.706
910,0.729
920,0.748
930,0.727
940,0.705
950,0.682
960,0.714
970,0.704
980,0.729
990,0.739
1000,0.723
1010,0.731
1020,0.717
1030,0.720
1040,0.717
1050,0.713
1060,0.712
1070,0.706
1080,0.709
1090,0.696
1100,0.752
1110,0.736
1120,0.721
1130,0.760
1140,0.709
1150,0.748
1160,0.728
1170,0.704
1180,0.701
1190,0.716
1200,0.667
1210,0.670
1220,0.686
1230,0.677
1240,0.671
1250,0.689
1260,0.658
1270,0.696
1280,0.687
1290,0.698
1300,0.677
1310,0.673
1320,0.663
1330,0.655
1340,0.701
1350,0.700
1360,0.671
1370,0.704
1380,0.678
1390,0.667
1400,0.658
1410,0.655
1420,0.632
1430,0.641
1440,0.652
1450,0.663
1460,0.639
1470,0.641
1480,0.655
1490,0.651
1500,0.644
1510,0.608
1520,0.628
1530,0.597
1540,0.627
1550,0.624
1560,0.629
1570,0.639
1580,0.595
1590,0.608
1600,0.613
1610,0.616
1620,0.604
1630,0.586
1640,0.587
1650,0.581
1660,0.582
1670,0.575
1680,0.570
1690,0.581
1700,0.562
1710,0.567
1720,0.567
1730,0.576
1740,0.562
1750,0.564
1760,0.567
1770,0.598
1780,0.589
1790,0.556
1800,0.581
1810,0.585
1820,0.572
1830,0.583
1840,0.563
1850,0.579
1860,0.576
1870,0.537
1880,0.543
1890,0.552
1900,0.558
1910,0.568
1920,0.518
1930,0.556
1940,0.532
1950,0.548
1960,0.553
1970,0.574
1980,0.570
1990,0.543
2000,0.548
2010,0.533
2020,0.533
2030,0.548
2040,0.547
2050,0.555
2060,0.543
2070,0.570
2080,0.575
2090,0.567
2100,0.553
2110,0.564
2120,0.543
2130,0.544
2140,0.570
2150,0.572
2160,0.576
2170,0.558
2180,0.568
2190,0.552
2200,0.564
2210,0.545
2220,0.522
2230,0.556
2240,0.551
2250,0.545
2260,0.535
2270,0.536
2280,0.545
2290,0.522
2300,0.530
2310,0.560
2320,0.536
2330,0.509
2340,0.520
2350,0.499
2360,0.513
2370,0.513
2380,0.502
2390,0.535
2400,0.521
2410,0.518
2420,0.520
2430,0.501
2440,0.487
2450,0.493
2460,0.503
2470,0.491
2480,0.465
2490,0.484
2500,0.498
2510,0.486
2520,0.484
2530,0.493
2540,0.495
2550,0.483
2560,0.468
2570,0.479
2580,0.517
2590,0.482
2600,0.484
2610,0.498
2620,0.476
2630,0.488
2640,0.488
2650,0.499
2660,0.488
2670,0.483
2680,0.486
2690,0.465
2700,0.480
2710,0.498
2720,0.491
2730,0.480
2740,0.497
2750,0.483
2760,0.487
2770,0.486
2780,0.478
2790,0.498
2800,0.493
2810,0.470
2820,0.453
2830,0.457
2840,0.488
2850,0.451
2860,0.449
2870,0.463
2880,0.453
2890,0.455
2900,0.457
2910,0.467
2920,0.474
2930,0.456
2940,0.453
2950,0.456
2960,0.461
2970,0.464
2980,0.456
2990,0.433
3000,0.406
3010,0.409
3020,0.415
3030,0.432
3040,0.428
3050,0.419
3060,0.441
3070,0.407
3080,0.402
3090,0.392
3100,0.403
3110,0.398
3120,0.403
3130,0.399
3140,0.391
3150,0.403
3160,0.415
3170,0.391
3180,0.407
3190,0.401
3200,0.402
3210,0.394
3220,0.401
3230,0.417
3240,0.402
3250,0.415
3260,0.407
3270,0.411
3280,0.413
3290,0.395
3300,0.411
3310,0.392
3320,0.396
3330,0.402
3340,0.403
3350,0.371
3360,0.402
3370,0.402
3380,0.350
3390,0.392
3400,0.346
3410,0.360
3420,0.376
3430,0.390
3440,0.384
3450,0.387
3460,0.378
3470,0.384
3480,0.383
3490,0.391
3500,0.394
3510,0.396
3520,0.395
3530,0.367
3540,0.365
3550,0.376
3560,0.401
3570,0.378
3580,0.387
3590,0.390
3600,0.391
3610,0.376
3620,0.368
3630,0.391
3640,0.378
3650,0.376
3660,0.398
3670,0.376
3680,0.369
3690,0.378
3700,0.371
3710,0.355
3720,0.352
3730,0.345
3740,0.350
3750,0.359
3760,0.361
3770,0.375
3780,0.375
3790,0.376
3800,0.357
3810,0.379
3820,0.380
3830,0.382
3840,0.376
3850,0.369
3860,0.376
3870,0.364
3880,0.363
3890,0.360
3900,0.342
3910,0.322
3920,0.327
3930,0.303
3940,0.318
3950,0.317
3960,0.318
3970,0.306
3980,0.317
3990,0.318
4000,0.299
4010,0.321
4020,0.323
4030,0.322
4040,0.329
4050,0.313
4060,0.318
4070,0.326
4080,0.302
4090,0.292
4100,0.306
4110,0.298
4120,0.317
4130,0.321
4140,0.294
4150,0.307
4160,0.303
4170,0.296
4180,0.258
4190,0.281
4200,0.303
4210,0.287
4220,0.313
4230,0.306
4240,0.303
4250,0.307
4260,0.304
4270,0.304
4280,0.273
4290,0.291
4300,0.300
4310,0.295
4320,0.291
4330,0.296
4340,0.287
4350,0.280
4360,0.296
4370,0.286
4380,0.280
4390,0.303
4400,0.283
4410,0.279
4420,0.283
4430,0.296
4440,0.281
4450,0.296
4460,0.280
4470,0.276
4480,0.288
4490,0.261
4500,0.253
4510,0.245
4520,0.242
4530,0.233
4540,0.244
4550,0.226
4560,0.212
4570,0.234
4580,0.222
4590,0.237
4600,0.235
4610,0.244
4620,0.249
4630,0.256
4640,0.246
4650,0.242
4660,0.246
4670,0.250
4680,0.246
4690,0.264
4700,0.257
4710,0.271
4720,0.254
4730,0.253
4740,0.237
4750,0.256
4760,0.233
4770,0.246
4780,0.241
4790,0.265
4800,0.267
4810,0.261
4820,0.249
4830,0.248
4840,0.272
4850,0.257
4860,0.241
4870,0.241
4880,0.238
4890,0.252
4900,0.249
4910,0.229
4920,0.223
4930,0.245
4940,0.219
4950,0.219
4960,0.219
4970,0.235
4980,0.238
4990,0.248
5000,0.208
5010,0.211
5020,0.202
5030,0.191
5040,0.188
5050,0.166
5060,0.160
5070,0.171
5080,0.165
5090,0.189
5100,0.176
5110,0.161
5120,0.162
5130,0.156
5140,0.161
5150,0.158
5160,0.146
5170,0.152
5180,0.138
5190,0.150
5200,0.139
5210,0.122
5220,0.146
5230,0.127
5240,0.127
5250,0.141
5260,0.114
5270,0.133
5280,0.106
5290,0.103
5300,0.091
5310,0.101
5320,0.122
5330,0.104
5340,0.110
5350,0.091
5360,0.099
5370,0.101
5380,0.097
5390,0.100
5400,0.100
5410,0.115
5420,0.122
5430,0.101
5440,0.099
5450,0.076
5460,0.095
5470,0.077
5480,0.085
5490,0.076
5500,0.070
5510,0.070
5520,0.074
5530,0.091
5540,0.083
5550,0.083
5560,0.076
5570,0.073
5580,0.062
5590,0.066
5600,0.072
5610,0.065
5620,0.076
5630,0.073
5640,0.072
5650,0.085
5660,0.088
5670,0.099
5680,0.100
5690,0.103
5700,0.077
5710,0.081
5720,0.083
5730,0.087
5740,0.085
5750,0.089
5760,0.087
5770,0.097
5780,0.096
5790,0.091
5800,0.096
5810,0.101
5820,0.096
5830,0.091
5840,0.076
5850,0.074
5860,0.080
5870,0.080
5880,0.084
5890,0.084
5900,0.083
5910,0.078
5920,0.076
5930,0.084
5940,0.061
5950,0.074
5960,0.069
5970,0.064
5980,0.065
5990,0.065
6000,0.064
6010,0.064
6020,0.064
6030,0.053
6040,0.042
6050,0.049
6060,0.051
6070,0.064
6080,0.065
6090,0.058
6100,0.060
6110,0.051
6120,0.050
6130,0.054
6140,0.054
6150,0.060
6160,0.053
6170,0.050
6180,0.051
6190,0.049
6200,0.039
6210,0.041
6220,0.037
6230,0.042
6240,0.035
6250,0.035
6260,0.028
6270,0.035
6280,0.032
6290,0.037
6300,0.038
6310,0.038
6320,0.034
6330,0.043
6340,0.038
6350,0.042
6360,0.041
6370,0.031
6380,0.031
6390,0.031
6400,0.035
6410,0.027
6420,0.037
6430,0.038
6440,0.032
6450,0.038
6460,0.034
6470,0.041
6480,0.042
6490,0.043
6500,0.032
6510,0.027
6520,0.039
6530,0.041
6540,0.038
6550,0.050
6560,0.053
6570,0.046
6580,0.051
6590,0.046
6600,0.039
6610,0.035
6620,0.041
6630,0.039
6640,0.041
6650,0.038
6660,0.035
6670,0.035
6680,0.046
6690,0.041
6700,0.032
6710,0.042
6720,0.045
6730,0.046
6740,0.041
6750,0.039
6760,0.047
6770,0.046
6780,0.037
6790,0.045
6800,0.054
6810,0.047
6820,0.049
6830,0.050
6840,0.035
6850,0.045
6860,0.038
6870,0.027
6880,0.031
6890,0.030
6900,0.031
6910,0.028
6920,0.038
6930,0.034
6940,0.045
6950,0.039
6960,0.041
6970,0.039
6980,0.043
6990,0.037
7000,0.038
7010,0.045
7020,0.031
7030,0.028
7040,0.026
7050,0.037
7060,0.026
7070,0.024
7080,0.030
7090,0.024
7100,0.026
7110,0.026
7120,0.019
7130,0.032
7140,0.026
7150,0.018
7160,0.020
7170,0.024
7180,0.023
7190,0.026
7200,0.022
7210,0.028
7220,0.026
7230,0.028
7240,0.023
7250,0.023
7260,0.026
7270,0.027
7280,0.031
7290,0.026
7300,0.032
7310,0.024
7320,0.038
7330,0.031
7340,0.032
7350,0.035
7360,0.038
7370,0.032
7380,0.031
7390,0.026
7400,0.018
7410,0.014
7420,0.022
7430,0.022
7440,0.032
7450,0.026
7460,0.028
7470,0.022
7480,0.020
7490,0.023
7500,0.026
7510,0.030
7520,0.031
7530,0.022
7540,0.030
7550,0.028
7560,0.028
7570,0.028
7580,0.032
7590,0.037
7600,0.031
7610,0.031
7620,0.026
7630,0.032
7640,0.030
7650,0.027
7660,0.027
7670,0.032
7680,0.030
7690,0.037
7700,0.042
7710,0.038
7720,0.046
7730,0.043
7740,0.041
7750,0.053
7760,0.039
7770,0.037
7780,0.047
7790,0.045
7800,0.051
7810,0.049
7820,0.050
7830,0.038
7840,0.038
7850,0.041
7860,0.038
7870,0.041
7880,0.043
7890,0.041
7900,0.043
7910,0.050
7920,0.053
7930,0.053
7940,0.058
7950,0.051
7960,0.051
7970,0.057
7980,0.050
7990,0.046
8000,0.050
