# time, fQ
0,0.704
10,0.578
20,0.581
30,0.590
40,0.587
50,0.558
60,0.543
70,0.547
80,0.551
90,0.528
100,0.533
110,0.535
120,0.555
130,0.539
140,0.540
150,0.520
160,0.498
170,0.512
180,0.530
190,0.520
200,0.518
210,0.537
220,0.526
230,0.518
240,0.524
250,0.518
260,0.514
270,0.497
280,0.532
290,0.505
300,0.497
310,0.506
320,0.493
330,0.461
340,0.467
350,0.475
360,0.465
370,0.451
380,0.459
390,0.442
400,0.447
410,0.448
420,0.428
430,0.447
440,0.424
450,0.436
460,0.424
470,0.456
480,0.447
490,0.468
500,0.436
510,0.430
520,0.438
530,0.425
540,0.434
550,0.430
560,0.406
570,0.417
580,0.411
590,0.418
600,0.424
610,0.432
620,0.405
630,0.405
640,0.424
650,0.438
660,0.444
670,0.444
680,0.437
690,0.406
700,0.417
710,0.426
720,0.424
730,0.463
740,0.441
750,0.440
760,0.465
770,0.452
780,0.441
790,0.453
800,0.449
810,0.437
820,0.436
830,0.436
840,0.467
850,0.447
860,0.438
870,0.463
880,0.463
890,0.452
900,0.444
910,0.440
920,0.428
930,0.432
940,0.444
950,0.426
960,0.429
970,0.417
980,0.399
990,0.410
1000,0.414
1010,0.417
1020,0.440
1030,0.428
1040,0.430
1050,0.429
1060,0.429
1070,0.419
1080,0.422
1090,0.441
1100,0.436
1110,0.410
1120,0.411
1130,0.419
1140,0.403
1150,0.415
1160,0.430
1170,0.413
1180,0.424
1190,0.403
1200,0.409
1210,0.419
1220,0.414
1230,0.424
1240,0.402
1250,0.414
1260,0.401
1270,0.406
1280,0.407
1290,0.436
1300,0.440
1310,0.438
1320,0.417
1330,0.425
1340,0.421
1350,0.410
1360,0.413
1370,0.429
1380,0.415
1390,0.434
1400,0.442
1410,0.418
1420,0.409
1430,0.410
1440,0.403
1450,0.407
1460,0.413
1470,0.406
1480,0.410
1490,0.407
1500,0.405
1510,0.392
1520,0.395
1530,0.394
1540,0.396
1550,0.361
1560,0.375
1570,0.350
1580,0.356
1590,0.349
1600,0.345
1610,0.350
1620,0.357
1630,0.348
1640,0.365
1650,0.359
1660,0.368
1670,0.353
1680,0.368
1690,0.369
1700,0.367
1710,0.376
1720,0.388
1730,0.363
1740,0.365
1750,0.369
1760,0.378
1770,0.386
1780,0.387
1790,0.386
1800,0.361
1810,0.373
1820,0.369
1830,0.360
1840,0.365
1850,0.363
1860,0.363
1870,0.357
1880,0.388
1890,0.367
1900,0.359
1910,0.345
1920,0.361
1930,0.363
1940,0.373
1950,0.369
1960,0.357
1970,0.365
1980,0.355
1990,0.363
2000,0.350
2010,0.378
2020,0.364
2030,0.359
2040,0.357
2050,0.355
2060,0.350
2070,0.369
2080,0.360
2090,0.357
2100,0.383
2110,0.375
2120,0.353
2130,0.350
2140,0.360
2150,0.376
2160,0.380
2170,0.363
2180,0.364
2190,0.359
2200,0.365
2210,0.384
2220,0.373
2230,0.371
2240,0.371
2250,0.380
2260,0.352
2270,0.350
2280,0.355
2290,0.349
2300,0.356
2310,0.360
2320,0.348
2330,0.341
2340,0.359
2350,0.361
2360,0.349
2370,0.322
2380,0.338
2390,0.342
2400,0.338
2410,0.333
2420,0.357
2430,0.348
2440,0.364
2450,0.364
2460,0.353
2470,0.342
2480,0.348
2490,0.361
2500,0.348
2510,0.353
2520,0.349
2530,0.367
2540,0.349
2550,0.360
2560,0.365
2570,0.353
2580,0.336
2590,0.340
2600,0.353
2610,0.382
2620,0.371
2630,0.375
2640,0.365
2650,0.368
2660,0.382
2670,0.365
2680,0.384
2690,0.373
2700,0.353
2710,0.341
2720,0.341
2730,0.346
2740,0.322
2750,0.355
2760,0.345
2770,0.341
2780,0.345
2790,0.360
2800,0.346
2810,0.330
2820,0.330
2830,0.356
2840,0.344
2850,0.346
2860,0.367
2870,0.356
2880,0.360
2890,0.338
2900,0.346
2910,0.364
2920,0.348
2930,0.359
2940,0.352
2950,0.344
2960,0.345
2970,0.357
2980,0.350
2990,0.356
3000,0.344
3010,0.363
3020,0.363
3030,0.363
3040,0.372
3050,0.356
3060,0.363
3070,0.361
3080,0.369
3090,0.360
3100,0.373
3110,0.371
3120,0.363
3130,0.359
3140,0.334
3150,0.346
3160,0.334
3170,0.350
3180,0.349
3190,0.340
3200,0.341
3210,0.330
3220,0.336
3230,0.340
3240,0.336
3250,0.336
3260,0.325
3270,0.340
3280,0.326
3290,0.317
3300,0.323
3310,0.323
3320,0.341
3330,0.337
3340,0.336
3350,0.341
3360,0.357
3370,0.350
3380,0.346
3390,0.337
3400,0.342
3410,0.332
3420,0.348
3430,0.357
3440,0.329
3450,0.341
3460,0.341
3470,0.336
3480,0.352
3490,0.345
3500,0.356
3510,0.344
3520,0.350
3530,0.373
3540,0.333
3550,0.344
3560,0.349
3570,0.346
3580,0.344
3590,0.352
3600,0.364
3610,0.341
3620,0.334
3630,0.344
3640,0.359
3650,0.333
3660,0.319
3670,0.323
3680,0.333
3690,0.327
3700,0.327
3710,0.321
3720,0.315
3730,0.334
3740,0.317
3750,0.321
3760,0.313
3770,0.318
3780,0.302
3790,0.307
3800,0.310
3810,0.321
3820,0.329
3830,0.342
3840,0.322
3850,0.321
3860,0.336
3870,0.338
3880,0.336
3890,0.330
3900,0.319
3910,0.327
3920,0.302
3930,0.321
3940,0.317
3950,0.337
3960,0.326
3970,0.342
3980,0.325
3990,0.332
4000,0.323
4010,0.340
4020,0.307
4030,0.322
4040,0.314
4050,0.325
4060,0.296
4070,0.313
4080,0.307
4090,0.307
4100,0.306
4110,0.326
4120,0.314
4130,0.336
4140,0.329
4150,0.329
4160,0.321
4170,0.318
4180,0.327
4190,0.327
4200,0.317
4210,0.332
4220,0.341
4230,0.323
4240,0.315
4250,0.326
4260,0.318
4270,0.338
4280,0.337
4290,0.327
4300,0.325
4310,0.315
4320,0.332
4330,0.340
4340,0.333
4350,0.342
4360,0.333
4370,0.333
4380,0.317
4390,0.326
4400,0.333
4410,0.322
4420,0.334
4430,0.334
4440,0.315
4450,0.345
4460,0.349
4470,0.340
4480,0.341
4490,0.333
4500,0.319
4510,0.326
4520,0.330
4530,0.302
4540,0.296
4550,0.309
4560,0.318
4570,0.309
4580,0.294
4590,0.303
4600,0.292
4610,0.298
4620,0.319
4630,0.317
4640,0.306
4650,0.317
4660,0.309
4670,0.310
4680,0.338
4690,0.322
4700,0.322
4710,0.309
4720,0.321
4730,0.332
4740,0.313
4750,0.300
4760,0.299
4770,0.325
4780,0.300
4790,0.318
4800,0.294
4810,0.298
4820,0.299
4830,0.302
4840,0.318
4850,0.314
4860,0.317
4870,0.313
4880,0.319
4890,0.315
4900,0.315
4910,0.332
4920,0.323
4930,0.340
4940,0.330
4950,0.333
4960,0.336
4970,0.317
4980,0.303
4990,0.323
5000,0.319
5010,0.332
5020,0.346
5030,0.348
5040,0.357
5050,0.344
5060,0.323
5070,0.333
5080,0.322
5090,0.327
5100,0.352
5110,0.319
5120,0.341
5130,0.333
5140,0.350
5150,0.338
5160,0.332
5170,0.330
5180,0.329
5190,0.317
5200,0.322
5210,0.306
5220,0.314
5230,0.329
5240,0.345
5250,0.345
5260,0.323
5270,0.340
5280,0.322
5290,0.325
5300,0.348
5310,0.330
5320,0.326
5330,0.353
5340,0.338
5350,0.333
5360,0.325
5370,0.330
5380,0.309
5390,0.321
5400,0.309
5410,0.329
5420,0.321
5430,0.311
5440,0.325
5450,0.318
5460,0.317
5470,0.314
5480,0.303
5490,0.300
5500,0.314
5510,0.306
5520,0.309
5530,0.318
5540,0.315
5550,0.315
5560,0.309
5570,0.318
5580,0.340
5590,0.326
5600,0.333
5610,0.314
5620,0.322
5630,0.329
5640,0.333
5650,0.318
5660,0.322
5670,0.327
5680,0.336
5690,0.352
5700,0.348
5710,0.350
5720,0.350
5730,0.357
5740,0.356
5750,0.349
5760,0.345
5770,0.327
5780,0.334
5790,0.337
5800,0.334
5810,0.340
5820,0.330
5830,0.345
5840,0.363
5850,0.345
5860,0.340
5870,0.346
5880,0.349
5890,0.327
5900,0.360
5910,0.337
5920,0.330
5930,0.337
5940,0.336
5950,0.340
5960,0.330
5970,0.329
5980,0.342
5990,0.322
6000,0.321
6010,0.336
6020,0.325
6030,0.336
6040,0.336
6050,0.327
6060,0.318
6070,0.326
6080,0.330
6090,0.332
6100,0.361
6110,0.350
6120,0.355
6130,0.359
6140,0.337
6150,0.337
6160,0.333
6170,0.345
6180,0.318
6190,0.313
6200,0.325
6210,0.310
6220,0.303
6230,0.302
6240,0.306
6250,0.323
6260,0.315
6270,0.306
6280,0.323
6290,0.296
6300,0.298
6310,0.315
6320,0.302
6330,0.304
6340,0.302
6350,0.307
6360,0.310
6370,0.302
6380,0.286
6390,0.306
6400,0.330
6410,0.299
6420,0.321
6430,0.314
6440,0.322
6450,0.313
6460,0.323
6470,0.302
6480,0.315
6490,0.315
6500,0.327
6510,0.319
6520,0.311
6530,0.311
6540,0.318
6550,0.304
6560,0.314
6570,0.306
6580,0.303
6590,0.292
6600,0.267
6610,0.281
6620,0.276
6630,0.273
6640,0.280
6650,0.291
6660,0.294
6670,0.303
6680,0.290
6690,0.283
6700,0.283
6710,0.296
6720,0.288
6730,0.306
6740,0.302
6750,0.295
6760,0.304
6770,0.298
6780,0.302
6790,0.311
6800,0.303
6810,0.296
6820,0.294
6830,0.302
6840,0.296
6850,0.287
6860,0.292
6870,0.283
6880,0.286
6890,0.283
6900,0.300
6910,0.304
6920,0.303
6930,0.307
6940,0.307
6950,0.296
6960,0.306
6970,0.298
6980,0.294
6990,0.294
7000,0.283
7010,0.287
7020,0.283
7030,0.284
7040,0.309
7050,0.299
7060,0.302
7070,0.284
7080,0.299
7090,0.296
7100,0.287
7110,0.294
7120,0.286
7130,0.295
7140,0.294
7150,0.287
7160,0.287
7170,0.291
7180,0.284
7190,0.302
7200,0.302
7210,0.304
7220,0.277
7230,0.286
7240,0.298
7250,0.275
7260,0.277
7270,0.286
7280,0.304
7290,0.300
7300,0.281
7310,0.288
7320,0.277
7330,0.269
7340,0.281
7350,0.298
7360,0.280
7370,0.288
7380,0.276
7390,0.287
7400,0.303
7410,0.292
7420,0.283
7430,0.280
7440,0.290
7450,0.286
7460,0.283
7470,0.279
7480,0.280
7490,0.292
7500,0.294
7510,0.280
7520,0.291
7530,0.299
7540,0.287
7550,0.307
7560,0.287
7570,0.292
7580,0.300
7590,0.295
7600,0.317
7610,0.319
7620,0.318
7630,0.315
7640,0.303
7650,0.302
7660,0.330
7670,0.304
7680,0.322
7690,0.303
7700,0.334
7710,0.323
7720,0.333
7730,0.332
7740,0.313
7750,0.319
7760,0.313
7770,0.313
7780,0.303
7790,0.291
7800,0.304
7810,0.299
7820,0.304
7830,0.303
7840,0.303
7850,0.299
7860,0.283
7870,0.292
7880,0.284
7890,0.295
7900,0.292
7910,0.281
7920,0.294
7930,0.299
7940,0.300
7950,0.288
7960,0.299
7970,0.298
7980,0.304
7990,0.299
8000,0.318
8010,0.306
8020,0.296
8030,0.286
8040,0.280
8050,0.302
8060,0.318
8070,0.317
8080,0.295
8090,0.291
8100,0.294
8110,0.287
8120,0.302
8130,0.298
8140,0.291
8150,0.294
8160,0.299
8170,0.295
8180,0.298
8190,0.311
8200,0.315
8210,0.313
8220,0.318
8230,0.313
8240,0.302
8250,0.307
8260,0.309
8270,0.310
8280,0.314
8290,0.332
8300,0.317
8310,0.313
8320,0.321
8330,0.323
8340,0.327
8350,0.322
8360,0.327
8370,0.315
8380,0.326
8390,0.330
8400,0.327
8410,0.321
8420,0.315
8430,0.317
8440,0.323
8450,0.321
8460,0.306
8470,0.332
8480,0.332
8490,0.323
8500,0.336
8510,0.336
8520,0.321
8530,0.332
8540,0.334
8550,0.327
8560,0.332
8570,0.330
8580,0.336
8590,0.350
8600,0.348
8610,0.341
8620,0.342
8630,0.340
8640,0.334
8650,0.333
8660,0.318
8670,0.336
8680,0.342
8690,0.336
8700,0.327
8710,0.314
8720,0.326
8730,0.341
8740,0.345
8750,0.337
8760,0.333
8770,0.332
8780,0.342
8790,0.332
8800,0.360
8810,0.355
8820,0.342
8830,0.348
8840,0.326
8850,0.338
8860,0.348
8870,0.340
8880,0.333
8890,0.342
8900,0.327
8910,0.342
8920,0.361
8930,0.350
8940,0.340
8950,0.350
8960,0.348
8970,0.344
8980,0.342
8990,0.342
9000,0.334
9010,0.336
9020,0.329
9030,0.332
9040,0.349
9050,0.342
9060,0.327
9070,0.323
9080,0.325
9090,0.314
9100,0.330
9110,0.326
9120,0.325
9130,0.334
9140,0.330
9150,0.341
9160,0.345
9170,0.341
9180,0.322
9190,0.334
9200,0.332
9210,0.326
9220,0.326
9230,0.302
9240,0.330
9250,0.326
9260,0.337
9270,0.333
9280,0.341
9290,0.346
9300,0.352
9310,0.342
9320,0.326
9330,0.334
9340,0.325
9350,0.325
9360,0.306
9370,0.327
9380,0.325
9390,0.321
9400,0.319
9410,0.323
9420,0.323
9430,0.315
9440,0.314
9450,0.318
9460,0.306
9470,0.306
9480,0.294
9490,0.315
9500,0.309
9510,0.329
9520,0.314
9530,0.313
9540,0.332
9550,0.319
9560,0.321
9570,0.329
9580,0.321
9590,0.317
9600,0.315
9610,0.322
9620,0.300
9630,0.315
9640,0.327
9650,0.314
9660,0.307
9670,0.323
9680,0.310
9690,0.306
9700,0.303
9710,0.318
9720,0.291
9730,0.296
9740,0.307
9750,0.318
9760,0.323
9770,0.323
9780,0.323
9790,0.327
9800,0.322
9810,0.327
9820,0.332
9830,0.315
9840,0.306
9850,0.317
9860,0.302
9870,0.321
9880,0.302
9890,0.299
9900,0.286
9910,0.294
9920,0.290
9930,0.280
9940,0.276
9950,0.272
9960,0.264
9970,0.265
9980,0.260
9990,0.272
10000,0.263
10010,0.277
10020,0.276
10030,0.279
10040,0.279
10050,0.264
10060,0.256
10070,0.260
10080,0.276
10090,0.277
10100,0.272
10110,0.288
10120,0.272
10130,0.294
10140,0.287
10150,0.287
10160,0.275
10170,0.276
10180,0.267
10190,0.265
10200,0.252
10210,0.246
10220,0.237
10230,0.249
10240,0.246
10250,0.253
10260,0.257
10270,0.250
10280,0.252
10290,0.263
10300,0.263
10310,0.283
10320,0.277
10330,0.280
10340,0.283
10350,0.287
10360,0.281
10370,0.303
10380,0.294
10390,0.304
10400,0.288
10410,0.286
10420,0.288
10430,0.288
10440,0.281
10450,0.269
10460,0.276
10470,0.287
10480,0.279
10490,0.273
10500,0.269
10510,0.272
10520,0.273
10530,0.287
10540,0.275
10550,0.288
10560,0.279
10570,0.258
10580,0.256
10590,0.269
10600,0.269
10610,0.265
10620,0.260
10630,0.277
10640,0.271
10650,0.273
10660,0.272
10670,0.263
10680,0.257
10690,0.252
10700,0.244
10710,0.250
10720,0.249
10730,0.261
10740,0.261
10750,0.261
10760,0.249
10770,0.263
10780,0.261
10790,0.271
10800,0.281
10810,0.265
10820,0.269
10830,0.263
10840,0.279
10850,0.254
10860,0.258
10870,0.253
10880,0.249
10890,0.257
10900,0.258
10910,0.275
10920,0.279
10930,0.249
10940,0.265
10950,0.260
10960,0.263
10970,0.264
10980,0.264
10990,0.258
11000,0.265
11010,0.267
11020,0.261
11030,0.268
11040,0.272
11050,0.265
11060,0.265
11070,0.244
11080,0.252
11090,0.227
11100,0.227
11110,0.240
11120,0.238
11130,0.253
11140,0.241
11150,0.264
11160,0.257
11170,0.222
11180,0.241
11190,0.235
11200,0.225
11210,0.240
11220,0.267
11230,0.248
11240,0.250
11250,0.235
11260,0.230
11270,0.221
11280,0.235
11290,0.222
11300,0.249
11310,0.229
11320,0.211
11330,0.212
11340,0.207
11350,0.210
11360,0.226
11370,0.214
11380,0.208
11390,0.229
11400,0.202
11410,0.208
11420,0.200
11430,0.226
11440,0.227
11450,0.227
11460,0.235
11470,0.229
11480,0.235
11490,0.240
11500,0.225
11510,0.241
11520,0.231
11530,0.230
11540,0.202
11550,0.214
11560,0.240
11570,0.234
11580,0.235
11590,0.215
11600,0.212
11610,0.222
11620,0.230
11630,0.215
11640,0.217
11650,0.252
11660,0.229
11670,0.215
11680,0.225
11690,0.200
11700,0.225
11710,0.218
11720,0.217
11730,0.191
11740,0.211
11750,0.214
11760,0.204
11770,0.207
11780,0.214
11790,0.206
11800,0.222
11810,0.218
11820,0.227
11830,0.203
11840,0.199
11850,0.206
11860,0.199
11870,0.195
11880,0.195
11890,0.210
11900,0.211
11910,0.191
11920,0.175
11930,0.195
11940,0.179
11950,0.179
11960,0.200
11970,0.202
11980,0.195
11990,0.195
12000,0.199
12010,0.203
12020,0.187
12030,0.203
12040,0.202
12050,0.194
12060,0.196
12070,0.180
12080,0.204
12090,0.181
12100,0.189
12110,0.191
12120,0.192
12130,0.203
12140,0.207
12150,0.206
12160,0.204
12170,0.218
12180,0.208
12190,0.206
12200,0.189
12210,0.172
12220,0.184
12230,0.187
12240,0.180
12250,0.199
12260,0.180
12270,0.165
12280,0.158
12290,0.168
12300,0.165
12310,0.187
12320,0.183
12330,0.175
12340,0.180
12350,0.157
12360,0.171
12370,0.160
12380,0.164
12390,0.162
12400,0.160
12410,0.162
12420,0.171
12430,0.165
12440,0.172
12450,0.162
12460,0.162
12470,0.158
12480,0.165
12490,0.147
12500,0.161
12510,0.157
12520,0.142
12530,0.149
12540,0.152
12550,0.152
12560,0.139
12570,0.143
12580,0.157
12590,0.154
12600,0.149
12610,0.162
12620,0.149
12630,0.150
12640,0.133
12650,0.119
12660,0.138
12670,0.122
12680,0.127
12690,0.119
12700,0.124
12710,0.129
12720,0.130
12730,0.120
12740,0.142
12750,0.124
12760,0.130
12770,0.124
12780,0.135
12790,0.131
12800,0.130
12810,0.133
12820,0.123
12830,0.143
12840,0.135
12850,0.130
12860,0.119
12870,0.107
12880,0.108
12890,0.127
12900,0.133
12910,0.120
12920,0.119
12930,0.126
12940,0.129
12950,0.115
12960,0.112
12970,0.114
12980,0.116
12990,0.115
13000,0.119
13010,0.116
13020,0.110
13030,0.129
13040,0.122
13050,0.097
13060,0.129
13070,0.137
13080,0.137
13090,0.135
13100,0.127
13110,0.126
13120,0.124
13130,0.129
13140,0.141
13150,0.146
13160,0.150
13170,0.158
13180,0.146
13190,0.139
13200,0.131
13210,0.131
13220,0.120
13230,0.131
13240,0.124
13250,0.130
13260,0.129
13270,0.139
13280,0.123
13290,0.129
13300,0.130
13310,0.127
13320,0.135
13330,0.131
13340,0.134
13350,0.145
13360,0.126
13370,0.127
13380,0.127
13390,0.130
13400,0.119
13410,0.135
13420,0.133
13430,0.134
13440,0.134
13450,0.139
13460,0.142
13470,0.137
13480,0.131
13490,0.120
13500,0.123
13510,0.123
13520,0.129
13530,0.130
13540,0.142
13550,0.134
13560,0.133
13570,0.133
13580,0.138
13590,0.137
13600,0.119
13610,0.124
13620,0.129
13630,0.138
13640,0.142
13650,0.134
13660,0.134
13670,0.130
13680,0.108
13690,0.126
13700,0.120
13710,0.111
13720,0.104
13730,0.115
13740,0.101
13750,0.120
13760,0.110
13770,0.129
13780,0.126
13790,0.135
13800,0.138
13810,0.141
13820,0.146
13830,0.138
13840,0.133
13850,0.130
13860,0.106
13870,0.095
13880,0.122
13890,0.084
13900,0.092
13910,0.099
13920,0.088
13930,0.106
13940,0.106
13950,0.097
13960,0.099
13970,0.114
13980,0.097
13990,0.107
14000,0.104
14010,0.099
14020,0.095
14030,0.089
14040,0.091
14050,0.087
14060,0.087
14070,0.092
14080,0.092
14090,0.107
14100,0.103
14110,0.078
14120,0.095
14130,0.080
14140,0.088
14150,0.088
14160,0.093
14170,0.089
14180,0.081
14190,0.084
14200,0.077
14210,0.085
14220,0.089
14230,0.089
14240,0.088
14250,0.087
14260,0.078
14270,0.078
14280,0.077
14290,0.077
14300,0.072
14310,0.089
14320,0.074
14330,0.085
14340,0.096
14350,0.088
14360,0.087
14370,0.078
14380,0.084
14390,0.092
14400,0.077
14410,0.078
14420,0.073
14430,0.066
14440,0.070
14450,0.072
14460,0.076
14470,0.065
14480,0.072
14490,0.072
14500,0.083
14510,0.077
14520,0.081
14530,0.087
14540,0.080
14550,0.091
14560,0.070
14570,0.069
14580,0.066
14590,0.060
14600,0.077
14610,0.068
14620,0.066
14630,0.070
14640,0.077
14650,0.083
14660,0.072
14670,0.073
14680,0.073
14690,0.085
14700,0.072
14710,0.089
14720,0.084
14730,0.089
14740,0.088
14750,0.091
14760,0.092
14770,0.083
14780,0.072
14790,0.084
14800,0.073
14810,0.080
14820,0.088
14830,0.078
14840,0.081
14850,0.074
14860,0.055
14870,0.068
14880,0.064
14890,0.065
14900,0.073
14910,0.066
14920,0.074
14930,0.062
14940,0.066
14950,0.055
14960,0.066
14970,0.066
14980,0.064
14990,0.072
15000,0.081
15010,0.066
15020,0.085
15030,0.066
15040,0.057
15050,0.043
15060,0.042
15070,0.050
15080,0.049
15090,0.043
15100,0.046
15110,0.047
15120,0.039
15130,0.054
15140,0.047
15150,0.047
15160,0.046
15170,0.051
15180,0.054
15190,0.051
15200,0.049
15210,0.047
15220,0.046
15230,0.046
15240,0.051
15250,0.058
15260,0.055
15270,0.047
15280,0.042
15290,0.041
15300,0.049
15310,0.046
15320,0.055
15330,0.047
15340,0.047
15350,0.051
15360,0.053
15370,0.054
15380,0.043
15390,0.039
15400,0.035
15410,0.039
15420,0.049
15430,0.053
15440,0.055
15450,0.073
15460,0.066
15470,0.060
15480,0.062
15490,0.064
15500,0.062
15510,0.061
15520,0.055
15530,0.066
15540,0.050
15550,0.050
15560,0.061
15570,0.058
15580,0.061
15590,0.077
15600,0.080
15610,0.066
15620,0.064
15630,0.065
15640,0.068
15650,0.055
15660,0.066
15670,0.073
15680,0.069
15690,0.074
15700,0.073
15710,0.049
15720,0.042
15730,0.047
15740,0.042
15750,0.051
15760,0.053
15770,0.047
15780,0.049
15790,0.061
15800,0.054
15810,0.058
15820,0.055
15830,0.057
15840,0.061
15850,0.050
15860,0.057
15870,0.062
15880,0.057
15890,0.057
15900,0.058
15910,0.057
15920,0.060
15930,0.070
15940,0.062
15950,0.061
15960,0.062
15970,0.061
15980,0.066
15990,0.055
16000,0.061
16010,0.062
16020,0.068
16030,0.072
16040,0.062
16050,0.062
16060,0.057
16070,0.054
16080,0.062
16090,0.042
16100,0.051
16110,0.054
16120,0.055
16130,0.060
16140,0.081
16150,0.076
16160,0.073
16170,0.058
16180,0.053
16190,0.054
16200,0.061
16210,0.072
16220,0.066
16230,0.078
16240,0.088
16250,0.077
16260,0.076
16270,0.081
16280,0.084
16290,0.076
16300,0.064
16310,0.066
16320,0.070
16330,0.068
16340,0.064
16350,0.068
16360,0.077
16370,0.060
16380,0.074
16390,0.070
16400,0.062
16410,0.077
16420,0.080
16430,0.078
16440,0.080
16450,0.066
16460,0.058
16470,0.055
16480,0.055
16490,0.057
16500,0.057
16510,0.068
16520,0.061
16530,0.062
16540,0.054
16550,0.043
16560,0.047
16570,0.068
16580,0.070
16590,0.066
16600,0.065
16610,0.062
16620,0.058
16630,0.060
16640,0.054
16650,0.060
16660,0.062
16670,0.055
16680,0.057
16690,0.064
16700,0.060
16710,0.064
16720,0.064
16730,0.069
16740,0.066
16750,0.065
16760,0.068
16770,0.062
16780,0.072
16790,0.061
16800,0.072
16810,0.074
16820,0.062
16830,0.049
16840,0.053
16850,0.046
16860,0.047
16870,0.037
16880,0.035
16890,0.047
16900,0.039
16910,0.042
16920,0.043
16930,0.038
16940,0.043
16950,0.034
16960,0.038
16970,0.046
16980,0.046
16990,0.047
17000,0.046
17010,0.046
17020,0.049
17030,0.043
17040,0.047
17050,0.051
17060,0.047
17070,0.051
17080,0.050
17090,0.054
17100,0.053
17110,0.045
17120,0.042
17130,0.041
17140,0.046
17150,0.051
17160,0.043
17170,0.046
17180,0.041
17190,0.042
17200,0.050
17210,0.045
17220,0.049
17230,0.051
17240,0.060
17250,0.045
17260,0.046
17270,0.046
17280,0.046
17290,0.051
17300,0.041
17310,0.049
17320,0.039
17330,0.043
17340,0.027
17350,0.043
17360,0.045
17370,0.045
17380,0.032
17390,0.041
17400,0.046
17410,0.032
17420,0.030
17430,0.037
17440,0.031
17450,0.035
17460,0.045
17470,0.037
17480,0.035
17490,0.031
17500,0.038
17510,0.038
17520,0.043
17530,0.026
17540,0.030
17550,0.045
17560,0.046
17570,0.042
17580,0.042
17590,0.038
17600,0.041
17610,0.045
17620,0.041
17630,0.039
17640,0.039
17650,0.034
17660,0.027
17670,0.030
17680,0.032
17690,0.045
17700,0.043
17710,0.046
17720,0.050
17730,0.039
17740,0.041
17750,0.045
17760,0.037
17770,0.038
17780,0.031
17790,0.038
17800,0.038
17810,0.049
17820,0.050
17830,0.047
17840,0.034
17850,0.047
17860,0.038
17870,0.050
17880,0.053
17890,0.050
17900,0.055
17910,0.043
17920,0.049
17930,0.049
17940,0.046
17950,0.047
17960,0.047
17970,0.047
17980,0.046
17990,0.045
18000,0.039
18010,0.050
18020,0.049
18030,0.051
18040,0.045
18050,0.053
18060,0.062
18070,0.045
18080,0.060
18090,0.053
18100,0.047
18110,0.045
18120,0.041
18130,0.051
18140,0.041
18150,0.049
18160,0.041
18170,0.041
18180,0.034
18190,0.039
18200,0.041
18210,0.042
18220,0.046
18230,0.039
18240,0.043
18250,0.035
18260,0.037
18270,0.039
18280,0.038
18290,0.043
18300,0.045
18310,0.038
18320,0.046
18330,0.049
18340,0.047
18350,0.045
18360,0.047
18370,0.049
18380,0.049
18390,0.049
18400,0.050
18410,0.042
18420,0.047
18430,0.037
18440,0.032
18450,0.027
18460,0.030
18470,0.039
18480,0.030
18490,0.030
18500,0.034
18510,0.039
18520,0.049
18530,0.051
18540,0.038
18550,0.038
18560,0.038
18570,0.042
18580,0.038
18590,0.046
18600,0.050
18610,0.042
18620,0.032
18630,0.035
18640,0.046
18650,0.046
18660,0.041
18670,0.051
18680,0.045
18690,0.047
18700,0.060
18710,0.061
18720,0.041
18730,0.042
18740,0.058
18750,0.046
18760,0.047
18770,0.046
18780,0.049
18790,0.051
18800,0.045
18810,0.039
18820,0.032
18830,0.042
18840,0.042
18850,0.038
18860,0.045
18870,0.031
18880,0.039
18890,0.041
18900,0.034
18910,0.041
18920,0.035
18930,0.042
18940,0.039
18950,0.047
18960,0.037
18970,0.037
18980,0.037
18990,0.031
19000,0.039
19010,0.039
19020,0.035
19030,0.032
19040,0.035
19050,0.037
19060,0.041
19070,0.039
19080,0.043
19090,0.039
19100,0.049
19110,0.053
19120,0.046
19130,0.053
19140,0.045
19150,0.055
19160,0.046
19170,0.051
19180,0.035
19190,0.043
19200,0.065
19210,0.058
19220,0.043
19230,0.046
19240,0.050
19250,0.053
19260,0.049
19270,0.050
19280,0.046
19290,0.047
19300,0.050
19310,0.053
19320,0.047
19330,0.047
19340,0.046
19350,0.045
19360,0.042
19370,0.038
19380,0.030
19390,0.030
19400,0.030
19410,0.035
19420,0.028
19430,0.032
19440,0.037
19450,0.030
19460,0.030
19470,0.038
19480,0.037
19490,0.032
19500,0.043
19510,0.041
19520,0.041
19530,0.042
19540,0.031
19550,0.031
19560,0.024
19570,0.035
19580,0.031
19590,0.031
19600,0.041
19610,0.038
19620,0.037
19630,0.042
19640,0.043
19650,0.034
19660,0.031
19670,0.028
19680,0.037
19690,0.039
19700,0.031
19710,0.032
19720,0.037
19730,0.042
19740,0.034
19750,0.042
19760,0.043
19770,0.035
19780,0.038
19790,0.043
19800,0.047
19810,0.045
19820,0.042
19830,0.039
19840,0.042
19850,0.039
19860,0.032
19870,0.046
19880,0.041
19890,0.041
19900,0.046
19910,0.043
19920,0.041
19930,0.046
19940,0.038
19950,0.046
19960,0.041
19970,0.051
19980,0.043
19990,0.041
20000,0.045
