# time, fQ
0,0.704
10,0.591
20,0.564
30,0.606
40,0.590
50,0.610
60,0.586
70,0.601
80,0.590
90,0.566
100,0.555
110,0.559
120,0.545
130,0.545
140,0.541
150,0.571
160,0.547
170,0.528
180,0.487
190,0.498
200,0.516
210,0.524
220,0.533
230,0.533
240,0.545
250,0.548
260,0.528
270,0.530
280,0.545
290,0.532
300,0.521
310,0.501
320,0.537
330,0.516
340,0.520
350,0.536
360,0.512
370,0.518
380,0.518
390,0.513
400,0.521
410,0.528
420,0.524
430,0.532
440,0.530
450,0.514
460,0.521
470,0.503
480,0.507
490,0.490
500,0.480
510,0.482
520,0.486
530,0.468
540,0.475
550,0.482
560,0.495
570,0.488
580,0.491
590,0.517
600,0.518
610,0.517
620,0.521
630,0.524
640,0.536
650,0.506
660,0.521
670,0.512
680,0.503
690,0.510
700,0.488
710,0.488
720,0.502
730,0.517
740,0.512
750,0.497
760,0.495
770,0.488
780,0.488
790,0.482
800,0.495
810,0.487
820,0.461
830,0.455
840,0.479
850,0.476
860,0.453
870,0.470
880,0.470
890,0.453
900,0.463
910,0.457
920,0.482
930,0.456
940,0.470
950,0.465
960,0.478
970,0.472
980,0.479
990,0.476
1000,0.460
1010,0.479
1020,0.460
1030,0.452
1040,0.451
1050,0.440
1060,0.460
1070,0.457
1080,0.447
1090,0.440
1100,0.452
1110,0.444
1120,0.447
1130,0.456
1140,0.457
1150,0.456
1160,0.447
1170,0.451
1180,0.456
1190,0.459
1200,0.453
1210,0.445
1220,0.451
1230,0.451
1240,0.447
1250,0.437
1260,0.456
1270,0.467
1280,0.442
1290,0.449
1300,0.453
1310,0.451
1320,0.452
1330,0.441
1340,0.440
1350,0.425
1360,0.448
1370,0.436
1380,0.411
1390,0.405
1400,0.422
1410,0.419
1420,0.422
1430,0.417
1440,0.413
1450,0.395
1460,0.410
1470,0.386
1480,0.390
1490,0.410
1500,0.428
1510,0.409
1520,0.406
1530,0.390
1540,0.410
1550,0.407
1560,0.410
1570,0.415
1580,0.399
1590,0.415
1600,0.407
1610,0.399
1620,0.414
1630,0.410
1640,0.425
1650,0.411
1660,0.414
1670,0.419
1680,0.426
1690,0.433
1700,0.433
1710,0.440
1720,0.430
1730,0.410
1740,0.399
1750,0.403
1760,0.380
1770,0.398
1780,0.375
1790,0.390
1800,0.380
1810,0.360
1820,0.387
1830,0.383
1840,0.367
1850,0.372
1860,0.359
1870,0.345
1880,0.363
1890,0.367
1900,0.357
1910,0.360
1920,0.378
1930,0.371
1940,0.401
1950,0.390
1960,0.378
1970,0.382
1980,0.359
1990,0.367
2000,0.391
2010,0.394
2020,0.387
2030,0.402
2040,0.356
2050,0.372
2060,0.363
2070,0.367
2080,0.368
2090,0.357
2100,0.357
2110,0.333
2120,0.340
2130,0.363
2140,0.346
2150,0.356
2160,0.353
2170,0.371
2180,0.364
2190,0.387
2200,0.390
2210,0.379
2220,0.396
2230,0.349
2240,0.372
2250,0.390
2260,0.373
2270,0.380
2280,0.350
2290,0.357
2300,0.375
2310,0.376
2320,0.375
2330,0.371
2340,0.383
2350,0.368
2360,0.379
2370,0.388
2380,0.369
2390,0.376
2400,0.355
2410,0.367
2420,0.387
2430,0.390
2440,0.380
2450,0.391
2460,0.359
2470,0.340
2480,0.350
2490,0.338
2500,0.345
2510,0.321
2520,0.310
2530,0.329
2540,0.341
2550,0.329
2560,0.313
2570,0.311
2580,0.334
2590,0.325
2600,0.333
2610,0.325
2620,0.315
2630,0.290
2640,0.299
2650,0.300
2660,0.322
2670,0.315
2680,0.307
2690,0.311
2700,0.309
2710,0.314
2720,0.329
2730,0.310
2740,0.309
2750,0.310
2760,0.300
2770,0.296
2780,0.319
2790,0.302
2800,0.321
2810,0.298
2820,0.321
2830,0.317
2840,0.330
2850,0.314
2860,0.307
2870,0.330
2880,0.332
2890,0.346
2900,0.326
2910,0.342
2920,0.334
2930,0.345
2940,0.338
2950,0.314
2960,0.318
2970,0.326
2980,0.325
2990,0.322
3000,0.330
3010,0.329
3020,0.332
3030,0.332
3040,0.333
3050,0.329
3060,0.337
3070,0.337
3080,0.346
3090,0.340
3100,0.342
3110,0.356
3120,0.361
3130,0.342
3140,0.364
3150,0.364
3160,0.363
3170,0.349
3180,0.360
3190,0.363
3200,0.363
3210,0.367
3220,0.352
3230,0.361
3240,0.378
3250,0.361
3260,0.344
3270,0.367
3280,0.359
3290,0.353
3300,0.365
3310,0.322
3320,0.349
3330,0.344
3340,0.352
3350,0.352
3360,0.346
3370,0.323
3380,0.333
3390,0.322
3400,0.341
3410,0.337
3420,0.332
3430,0.333
3440,0.323
3450,0.353
3460,0.318
3470,0.345
3480,0.336
3490,0.341
3500,0.344
3510,0.350
3520,0.353
3530,0.361
3540,0.357
3550,0.332
3560,0.352
3570,0.355
3580,0.353
3590,0.346
3600,0.348
3610,0.329
3620,0.359
3630,0.345
3640,0.350
3650,0.348
3660,0.338
3670,0.325
3680,0.356
3690,0.345
3700,0.325
3710,0.325
3720,0.323
3730,0.327
3740,0.321
3750,0.350
3760,0.352
3770,0.341
3780,0.326
3790,0.363
3800,0.378
3810,0.350
3820,0.344
3830,0.359
3840,0.346
3850,0.352
3860,0.348
3870,0.340
3880,0.353
3890,0.341
3900,0.346
3910,0.352
3920,0.355
3930,0.345
3940,0.360
3950,0.355
3960,0.344
3970,0.378
3980,0.355
3990,0.355
4000,0.355
4010,0.352
4020,0.355
4030,0.348
4040,0.342
4050,0.361
4060,0.353
4070,0.353
4080,0.349
4090,0.352
4100,0.344
4110,0.330
4120,0.355
4130,0.361
4140,0.363
4150,0.369
4160,0.378
4170,0.372
4180,0.364
4190,0.365
4200,0.373
4210,0.365
4220,0.373
4230,0.375
4240,0.371
4250,0.365
4260,0.375
4270,0.364
4280,0.371
4290,0.364
4300,0.356
4310,0.367
4320,0.365
4330,0.342
4340,0.369
4350,0.350
4360,0.352
4370,0.359
4380,0.357
4390,0.356
4400,0.373
4410,0.361
4420,0.367
4430,0.369
4440,0.360
4450,0.364
4460,0.345
4470,0.353
4480,0.348
4490,0.345
4500,0.349
4510,0.346
4520,0.346
4530,0.364
4540,0.359
4550,0.365
4560,0.375
4570,0.356
4580,0.363
4590,0.355
4600,0.357
4610,0.349
4620,0.372
4630,0.371
4640,0.359
4650,0.336
4660,0.356
4670,0.341
4680,0.338
4690,0.326
4700,0.356
4710,0.348
4720,0.333
4730,0.350
4740,0.348
4750,0.329
4760,0.326
4770,0.327
4780,0.348
4790,0.345
4800,0.344
4810,0.313
4820,0.319
4830,0.326
4840,0.326
4850,0.330
4860,0.321
4870,0.323
4880,0.310
4890,0.310
4900,0.336
4910,0.327
4920,0.323
4930,0.322
4940,0.334
4950,0.321
4960,0.350
4970,0.340
4980,0.340
4990,0.338
5000,0.332
5010,0.345
5020,0.348
5030,0.345
5040,0.342
5050,0.330
5060,0.334
5070,0.323
5080,0.349
5090,0.329
5100,0.352
5110,0.350
5120,0.342
5130,0.359
5140,0.352
5150,0.340
5160,0.360
5170,0.356
5180,0.352
5190,0.344
5200,0.342
5210,0.332
5220,0.329
5230,0.334
5240,0.319
5250,0.333
5260,0.321
5270,0.321
5280,0.321
5290,0.329
5300,0.311
5310,0.318
5320,0.327
5330,0.309
5340,0.310
5350,0.318
5360,0.317
5370,0.300
5380,0.313
5390,0.318
5400,0.319
5410,0.319
5420,0.307
5430,0.310
5440,0.310
5450,0.298
5460,0.306
5470,0.307
5480,0.311
5490,0.295
5500,0.284
5510,0.291
5520,0.295
5530,0.309
5540,0.313
5550,0.300
5560,0.309
5570,0.298
5580,0.299
5590,0.295
5600,0.306
5610,0.284
5620,0.288
5630,0.298
5640,0.300
5650,0.283
5660,0.291
5670,0.290
5680,0.284
5690,0.306
5700,0.307
5710,0.306
5720,0.314
5730,0.296
5740,0.287
5750,0.290
5760,0.300
5770,0.288
5780,0.298
5790,0.303
5800,0.307
5810,0.311
5820,0.284
5830,0.292
5840,0.302
5850,0.288
5860,0.286
5870,0.279
5880,0.254
5890,0.256
5900,0.260
5910,0.281
5920,0.279
5930,0.267
5940,0.265
5950,0.263
5960,0.257
5970,0.256
5980,0.260
5990,0.241
6000,0.250
6010,0.248
6020,0.253
6030,0.248
6040,0.263
6050,0.254
6060,0.256
6070,0.257
6080,0.252
6090,0.248
6100,0.261
6110,0.268
6120,0.267
6130,0.242
6140,0.242
6150,0.253
6160,0.235
6170,0.229
6180,0.238
6190,0.248
6200,0.237
6210,0.237
6220,0.238
6230,0.241
6240,0.250
6250,0.263
6260,0.249
6270,0.248
6280,0.261
6290,0.260
6300,0.252
6310,0.265
6320,0.261
6330,0.257
6340,0.240
6350,0.254
6360,0.253
6370,0.253
6380,0.264
6390,0.250
6400,0.260
6410,0.248
6420,0.238
6430,0.253
6440,0.240
6450,0.249
6460,0.252
6470,0.227
6480,0.233
6490,0.229
6500,0.249
6510,0.241
6520,0.234
6530,0.245
6540,0.241
6550,0.250
6560,0.223
6570,0.240
6580,0.244
6590,0.234
6600,0.235
6610,0.249
6620,0.244
6630,0.245
6640,0.238
6650,0.260
6660,0.256
6670,0.261
6680,0.264
6690,0.254
6700,0.246
6710,0.260
6720,0.257
6730,0.268
6740,0.264
6750,0.244
6760,0.252
6770,0.245
6780,0.249
6790,0.263
6800,0.268
6810,0.241
6820,0.257
6830,0.246
6840,0.238
6850,0.212
6860,0.237
6870,0.241
6880,0.248
6890,0.256
6900,0.256
6910,0.254
6920,0.240
6930,0.230
6940,0.237
6950,0.250
6960,0.258
6970,0.245
6980,0.249
6990,0.235
7000,0.226
7010,0.233
7020,0.225
7030,0.227
7040,0.226
7050,0.208
7060,0.207
7070,0.222
7080,0.234
7090,0.219
7100,0.230
7110,0.237
7120,0.241
7130,0.245
7140,0.248
7150,0.250
7160,0.257
7170,0.258
7180,0.250
7190,0.261
7200,0.254
7210,0.268
7220,0.280
7230,0.272
7240,0.245
7250,0.256
7260,0.252
7270,0.256
7280,0.252
7290,0.242
7300,0.254
7310,0.264
7320,0.252
7330,0.249
7340,0.257
7350,0.249
7360,0.237
7370,0.252
7380,0.235
7390,0.248
7400,0.241
7410,0.249
7420,0.246
7430,0.235
7440,0.234
7450,0.235
7460,0.210
7470,0.223
7480,0.227
7490,0.214
7500,0.210
7510,0.219
7520,0.230
7530,0.235
7540,0.223
7550,0.238
7560,0.223
7570,0.233
7580,0.237
7590,0.235
7600,0.230
7610,0.230
7620,0.242
7630,0.250
7640,0.237
7650,0.242
7660,0.246
7670,0.215
7680,0.234
7690,0.218
7700,0.226
7710,0.222
7720,0.238
7730,0.233
7740,0.231
7750,0.215
7760,0.210
7770,0.225
7780,0.227
7790,0.215
7800,0.226
7810,0.210
7820,0.202
7830,0.195
7840,0.222
7850,0.210
7860,0.215
7870,0.244
7880,0.214
7890,0.229
7900,0.230
7910,0.221
7920,0.203
7930,0.219
7940,0.194
7950,0.223
7960,0.245
7970,0.250
7980,0.248
7990,0.261
8000,0.253
8010,0.250
8020,0.248
8030,0.241
8040,0.249
8050,0.269
8060,0.269
8070,0.256
8080,0.267
8090,0.271
8100,0.273
8110,0.257
8120,0.267
8130,0.269
8140,0.272
8150,0.263
8160,0.265
8170,0.258
8180,0.267
8190,0.242
8200,0.229
8210,0.237
8220,0.253
8230,0.253
8240,0.252
8250,0.257
8260,0.263
8270,0.256
8280,0.261
8290,0.256
8300,0.241
8310,0.240
8320,0.246
8330,0.244
8340,0.254
8350,0.264
8360,0.248
8370,0.238
8380,0.233
8390,0.241
8400,0.226
8410,0.222
8420,0.219
8430,0.221
8440,0.233
8450,0.231
8460,0.226
8470,0.227
8480,0.227
8490,0.234
8500,0.257
8510,0.253
8520,0.249
8530,0.249
8540,0.242
8550,0.254
8560,0.249
8570,0.254
8580,0.248
8590,0.229
8600,0.231
8610,0.225
8620,0.225
8630,0.215
8640,0.222
8650,0.210
8660,0.219
8670,0.223
8680,0.214
8690,0.215
8700,0.203
8710,0.212
8720,0.191
8730,0.202
8740,0.192
8750,0.199
8760,0.194
8770,0.219
8780,0.217
8790,0.204
8800,0.202
8810,0.204
8820,0.206
8830,0.218
8840,0.204
8850,0.194
8860,0.206
8870,0.196
8880,0.180
8890,0.184
8900,0.200
8910,0.191
8920,0.202
8930,0.191
8940,0.210
8950,0.219
8960,0.219
8970,0.223
8980,0.222
8990,0.234
9000,0.225
9010,0.225
9020,0.218
9030,0.217
9040,0.212
9050,0.214
9060,0.214
9070,0.206
9080,0.198
9090,0.210
9100,0.198
9110,0.206
9120,0.195
9130,0.181
9140,0.173
9150,0.203
9160,0.189
9170,0.175
9180,0.175
9190,0.188
9200,0.177
9210,0.180
9220,0.171
9230,0.156
9240,0.171
9250,0.157
9260,0.165
9270,0.164
9280,0.153
9290,0.164
9300,0.156
9310,0.171
9320,0.149
9330,0.160
9340,0.152
9350,0.156
9360,0.150
9370,0.134
9380,0.137
9390,0.129
9400,0.126
9410,0.147
9420,0.145
9430,0.157
9440,0.161
9450,0.157
9460,0.141
9470,0.143
9480,0.143
9490,0.152
9500,0.158
9510,0.143
9520,0.162
9530,0.153
9540,0.152
9550,0.157
9560,0.166
9570,0.156
9580,0.162
9590,0.153
9600,0.162
9610,0.152
9620,0.156
9630,0.154
9640,0.160
9650,0.162
9660,0.149
9670,0.150
9680,0.147
9690,0.161
9700,0.157
9710,0.145
9720,0.162
9730,0.171
9740,0.169
9750,0.161
9760,0.149
9770,0.139
9780,0.142
9790,0.142
9800,0.154
9810,0.145
9820,0.135
9830,0.139
9840,0.143
9850,0.142
9860,0.145
9870,0.152
9880,0.143
9890,0.150
9900,0.150
9910,0.154
9920,0.160
9930,0.152
9940,0.138
9950,0.130
9960,0.134
9970,0.131
9980,0.131
9990,0.139
10000,0.131
10010,0.126
10020,0.120
10030,0.122
10040,0.130
10050,0.139
10060,0.146
10070,0.146
10080,0.154
10090,0.139
10100,0.126
10110,0.133
10120,0.130
10130,0.139
10140,0.142
10150,0.133
10160,0.120
10170,0.124
10180,0.116
10190,0.126
10200,0.122
10210,0.127
10220,0.138
10230,0.133
10240,0.133
10250,0.122
10260,0.123
10270,0.115
10280,0.123
10290,0.123
10300,0.108
10310,0.111
10320,0.110
10330,0.119
10340,0.111
10350,0.120
10360,0.110
10370,0.114
10380,0.115
10390,0.118
10400,0.115
10410,0.103
10420,0.100
10430,0.096
10440,0.084
10450,0.089
10460,0.095
10470,0.111
10480,0.101
10490,0.101
10500,0.101
10510,0.088
10520,0.084
10530,0.085
10540,0.087
10550,0.077
10560,0.093
10570,0.084
10580,0.091
10590,0.089
10600,0.093
10610,0.089
10620,0.084
10630,0.096
10640,0.093
10650,0.099
10660,0.093
10670,0.089
10680,0.093
10690,0.096
10700,0.093
10710,0.107
10720,0.118
10730,0.112
10740,0.099
10750,0.119
10760,0.127
10770,0.118
10780,0.118
10790,0.104
10800,0.106
10810,0.116
10820,0.107
10830,0.100
10840,0.099
10850,0.100
10860,0.087
10870,0.089
10880,0.080
10890,0.089
10900,0.081
10910,0.092
10920,0.089
10930,0.091
10940,0.095
10950,0.085
10960,0.089
10970,0.093
10980,0.097
10990,0.095
11000,0.091
11010,0.111
11020,0.110
11030,0.096
11040,0.108
11050,0.101
11060,0.110
11070,0.092
11080,0.097
11090,0.107
11100,0.114
11110,0.111
11120,0.110
11130,0.104
11140,0.110
11150,0.104
11160,0.120
11170,0.116
11180,0.115
11190,0.116
11200,0.112
11210,0.124
11220,0.116
11230,0.115
11240,0.112
11250,0.123
11260,0.122
11270,0.119
11280,0.116
11290,0.111
11300,0.114
11310,0.097
11320,0.091
11330,0.100
11340,0.088
11350,0.087
11360,0.092
11370,0.081
11380,0.092
11390,0.084
11400,0.085
11410,0.096
11420,0.095
11430,0.096
11440,0.104
11450,0.092
11460,0.116
11470,0.108
11480,0.112
11490,0.111
11500,0.088
11510,0.101
11520,0.103
11530,0.111
11540,0.093
11550,0.093
11560,0.099
11570,0.119
11580,0.108
11590,0.108
11600,0.104
11610,0.100
11620,0.087
11630,0.089
11640,0.080
11650,0.077
11660,0.073
11670,0.072
11680,0.080
11690,0.078
11700,0.074
11710,0.069
11720,0.072
11730,0.076
11740,0.081
11750,0.100
11760,0.097
11770,0.095
11780,0.087
11790,0.087
11800,0.088
11810,0.084
11820,0.085
11830,0.087
11840,0.077
11850,0.083
11860,0.088
11870,0.077
11880,0.085
11890,0.085
11900,0.089
11910,0.085
11920,0.084
11930,0.089
11940,0.096
11950,0.097
11960,0.103
11970,0.092
11980,0.091
11990,0.095
12000,0.091
12010,0.070
12020,0.072
12030,0.081
12040,0.077
12050,0.080
12060,0.074
12070,0.076
12080,0.072
12090,0.072
12100,0.064
12110,0.072
12120,0.058
12130,0.061
12140,0.061
12150,0.050
12160,0.053
12170,0.050
12180,0.050
12190,0.043
12200,0.039
12210,0.041
12220,0.050
12230,0.049
12240,0.050
12250,0.050
12260,0.061
12270,0.046
12280,0.053
12290,0.053
12300,0.058
12310,0.060
12320,0.057
12330,0.061
12340,0.062
12350,0.054
12360,0.058
12370,0.068
12380,0.060
12390,0.058
12400,0.054
12410,0.053
12420,0.055
12430,0.062
12440,0.070
12450,0.062
12460,0.050
12470,0.050
12480,0.060
12490,0.061
12500,0.070
12510,0.058
12520,0.060
12530,0.057
12540,0.072
12550,0.062
12560,0.066
12570,0.065
12580,0.061
12590,0.061
12600,0.070
12610,0.060
12620,0.068
12630,0.062
12640,0.068
12650,0.051
12660,0.051
12670,0.061
12680,0.062
12690,0.061
12700,0.065
12710,0.068
12720,0.070
12730,0.072
12740,0.068
12750,0.073
12760,0.061
12770,0.069
12780,0.061
12790,0.051
12800,0.057
12810,0.055
12820,0.062
12830,0.061
12840,0.077
12850,0.077
12860,0.073
12870,0.069
12880,0.064
12890,0.066
12900,0.070
12910,0.064
12920,0.065
12930,0.061
12940,0.054
12950,0.058
12960,0.062
12970,0.061
12980,0.066
12990,0.068
13000,0.066
13010,0.061
13020,0.072
13030,0.066
13040,0.066
13050,0.068
13060,0.069
13070,0.064
13080,0.066
13090,0.070
13100,0.066
13110,0.066
13120,0.069
13130,0.070
13140,0.077
13150,0.060
13160,0.058
13170,0.064
13180,0.057
13190,0.055
13200,0.051
13210,0.060
13220,0.060
13230,0.058
13240,0.058
13250,0.053
13260,0.047
13270,0.053
13280,0.055
13290,0.051
13300,0.049
13310,0.047
13320,0.047
13330,0.053
13340,0.045
13350,0.050
13360,0.050
13370,0.046
13380,0.053
13390,0.057
13400,0.057
13410,0.053
13420,0.054
13430,0.057
13440,0.064
13450,0.039
13460,0.057
13470,0.054
13480,0.054
13490,0.062
13500,0.057
13510,0.062
13520,0.057
13530,0.054
13540,0.058
13550,0.060
13560,0.053
13570,0.050
13580,0.047
13590,0.042
13600,0.047
13610,0.045
13620,0.060
13630,0.046
13640,0.043
13650,0.049
13660,0.054
13670,0.049
13680,0.047
13690,0.061
13700,0.062
13710,0.060
13720,0.057
13730,0.060
13740,0.055
13750,0.060
13760,0.061
13770,0.066
13780,0.053
13790,0.050
13800,0.066
13810,0.074
13820,0.066
13830,0.069
13840,0.068
13850,0.060
13860,0.065
13870,0.073
13880,0.069
13890,0.066
13900,0.066
13910,0.070
13920,0.065
13930,0.068
13940,0.065
13950,0.066
13960,0.072
13970,0.066
13980,0.073
13990,0.077
14000,0.064
14010,0.076
14020,0.077
14030,0.078
14040,0.076
14050,0.077
14060,0.080
14070,0.078
14080,0.083
14090,0.069
14100,0.084
14110,0.078
14120,0.078
14130,0.083
14140,0.076
14150,0.084
14160,0.077
14170,0.070
14180,0.065
14190,0.065
14200,0.070
14210,0.065
14220,0.066
14230,0.062
14240,0.072
14250,0.073
14260,0.057
14270,0.065
14280,0.073
14290,0.070
14300,0.062
14310,0.057
14320,0.064
14330,0.065
14340,0.064
14350,0.061
14360,0.058
14370,0.055
14380,0.064
14390,0.068
14400,0.058
14410,0.050
14420,0.054
14430,0.061
14440,0.066
14450,0.069
14460,0.068
14470,0.068
14480,0.070
14490,0.070
14500,0.068
14510,0.064
14520,0.085
14530,0.080
14540,0.068
14550,0.078
14560,0.080
14570,0.070
14580,0.068
14590,0.072
14600,0.081
14610,0.077
14620,0.078
14630,0.066
14640,0.066
14650,0.066
14660,0.072
14670,0.081
14680,0.088
14690,0.085
14700,0.089
14710,0.081
14720,0.083
14730,0.085
14740,0.080
14750,0.087
14760,0.099
14770,0.099
14780,0.088
14790,0.088
14800,0.096
14810,0.088
14820,0.087
14830,0.081
14840,0.085
14850,0.081
14860,0.100
14870,0.101
14880,0.101
14890,0.088
14900,0.091
14910,0.085
14920,0.078
14930,0.080
14940,0.068
14950,0.069
14960,0.070
14970,0.070
14980,0.068
14990,0.068
15000,0.066
15010,0.070
15020,0.069
15030,0.070
15040,0.074
15050,0.085
15060,0.084
15070,0.072
15080,0.061
15090,0.073
15100,0.070
15110,0.081
15120,0.081
15130,0.077
15140,0.076
15150,0.070
15160,0.069
15170,0.065
15180,0.064
15190,0.074
15200,0.074
15210,0.074
15220,0.062
15230,0.066
15240,0.066
15250,0.076
15260,0.073
15270,0.078
15280,0.062
15290,0.074
15300,0.061
15310,0.066
15320,0.062
15330,0.065
15340,0.073
15350,0.068
15360,0.065
15370,0.062
15380,0.065
15390,0.068
15400,0.072
15410,0.080
15420,0.072
15430,0.070
15440,0.076
15450,0.076
15460,0.066
15470,0.064
15480,0.078
15490,0.078
15500,0.080
15510,0.070
15520,0.073
15530,0.060
15540,0.064
15550,0.060
15560,0.074
15570,0.065
15580,0.076
15590,0.070
15600,0.070
15610,0.062
15620,0.062
15630,0.058
15640,0.055
15650,0.058
15660,0.065
15670,0.062
15680,0.058
15690,0.054
15700,0.062
15710,0.062
15720,0.058
15730,0.053
15740,0.060
15750,0.055
15760,0.046
15770,0.035
15780,0.042
15790,0.055
15800,0.055
15810,0.043
15820,0.050
15830,0.045
15840,0.053
15850,0.054
15860,0.058
15870,0.051
15880,0.053
15890,0.055
15900,0.058
15910,0.050
15920,0.058
15930,0.060
15940,0.054
15950,0.060
15960,0.055
15970,0.046
15980,0.045
15990,0.055
16000,0.051
16010,0.057
16020,0.042
16030,0.039
16040,0.041
16050,0.039
16060,0.041
16070,0.038
16080,0.032
16090,0.037
16100,0.037
16110,0.035
16120,0.030
16130,0.039
16140,0.039
16150,0.053
16160,0.039
16170,0.043
16180,0.045
16190,0.047
16200,0.046
16210,0.047
16220,0.053
16230,0.055
16240,0.047
16250,0.046
16260,0.050
16270,0.051
16280,0.051
16290,0.049
16300,0.054
16310,0.043
16320,0.046
16330,0.038
16340,0.039
16350,0.046
16360,0.050
16370,0.041
16380,0.043
16390,0.054
16400,0.060
16410,0.060
16420,0.066
16430,0.062
16440,0.065
16450,0.062
16460,0.061
16470,0.065
16480,0.068
16490,0.069
16500,0.072
16510,0.074
16520,0.070
16530,0.066
16540,0.058
16550,0.058
16560,0.060
16570,0.069
16580,0.060
16590,0.051
16600,0.047
16610,0.043
16620,0.055
16630,0.062
16640,0.058
16650,0.054
16660,0.057
16670,0.060
16680,0.058
16690,0.054
16700,0.066
16710,0.058
16720,0.062
16730,0.042
16740,0.053
16750,0.045
16760,0.061
16770,0.051
16780,0.047
16790,0.046
16800,0.054
16810,0.045
16820,0.051
16830,0.051
16840,0.050
16850,0.051
16860,0.053
16870,0.057
16880,0.055
16890,0.060
16900,0.047
16910,0.053
16920,0.051
16930,0.058
16940,0.054
16950,0.062
16960,0.053
16970,0.054
16980,0.060
16990,0.060
17000,0.060
17010,0.062
17020,0.054
17030,0.051
17040,0.051
17050,0.041
17060,0.053
17070,0.054
17080,0.051
17090,0.051
17100,0.057
17110,0.042
17120,0.051
17130,0.045
17140,0.045
17150,0.046
17160,0.046
17170,0.042
17180,0.039
17190,0.034
17200,0.038
17210,0.039
17220,0.041
17230,0.043
17240,0.041
17250,0.046
17260,0.057
17270,0.055
17280,0.057
17290,0.070
17300,0.062
17310,0.055
17320,0.062
17330,0.053
17340,0.054
17350,0.051
17360,0.065
17370,0.061
17380,0.058
17390,0.051
17400,0.060
17410,0.061
17420,0.069
17430,0.058
17440,0.072
17450,0.066
17460,0.072
17470,0.068
17480,0.077
17490,0.066
17500,0.061
17510,0.058
17520,0.065
17530,0.074
17540,0.070
17550,0.085
17560,0.074
17570,0.081
17580,0.077
17590,0.085
17600,0.087
17610,0.065
17620,0.065
17630,0.073
17640,0.076
17650,0.061
17660,0.060
17670,0.054
17680,0.065
17690,0.065
17700,0.062
17710,0.065
17720,0.062
17730,0.066
17740,0.065
17750,0.058
17760,0.069
17770,0.065
17780,0.066
17790,0.065
17800,0.076
17810,0.087
17820,0.087
17830,0.080
17840,0.077
17850,0.085
17860,0.081
17870,0.070
17880,0.083
17890,0.076
17900,0.080
17910,0.083
17920,0.069
17930,0.062
17940,0.051
17950,0.069
17960,0.072
17970,0.060
17980,0.061
17990,0.057
18000,0.053
18010,0.066
18020,0.055
18030,0.053
18040,0.049
18050,0.042
18060,0.049
18070,0.051
18080,0.053
18090,0.047
18100,0.047
18110,0.039
18120,0.045
18130,0.039
18140,0.039
18150,0.043
18160,0.037
18170,0.037
18180,0.042
18190,0.046
18200,0.046
18210,0.039
18220,0.042
18230,0.042
18240,0.041
18250,0.038
18260,0.043
18270,0.043
18280,0.030
18290,0.045
18300,0.030
18310,0.034
18320,0.038
18330,0.034
18340,0.030
18350,0.031
18360,0.041
18370,0.038
18380,0.046
18390,0.038
18400,0.039
18410,0.045
18420,0.039
18430,0.043
18440,0.046
18450,0.042
18460,0.051
18470,0.054
18480,0.049
18490,0.049
18500,0.050
18510,0.038
18520,0.041
18530,0.041
18540,0.042
18550,0.047
18560,0.042
18570,0.055
18580,0.049
18590,0.045
18600,0.051
18610,0.050
18620,0.057
18630,0.049
18640,0.047
18650,0.060
18660,0.046
18670,0.060
18680,0.053
18690,0.055
18700,0.054
18710,0.046
18720,0.045
18730,0.050
18740,0.045
18750,0.035
18760,0.045
18770,0.045
18780,0.045
18790,0.043
18800,0.035
18810,0.041
18820,0.037
18830,0.041
18840,0.034
18850,0.035
18860,0.039
18870,0.039
18880,0.037
18890,0.031
18900,0.037
18910,0.037
18920,0.039
18930,0.034
18940,0.037
18950,0.041
18960,0.045
18970,0.047
18980,0.043
18990,0.037
19000,0.032
19010,0.038
19020,0.038
19030,0.039
19040,0.039
19050,0.038
19060,0.051
19070,0.037
19080,0.039
19090,0.037
19100,0.038
19110,0.043
19120,0.039
19130,0.032
19140,0.028
19150,0.034
19160,0.034
19170,0.031
19180,0.030
19190,0.032
19200,0.037
19210,0.034
19220,0.039
19230,0.037
19240,0.039
19250,0.042
19260,0.041
19270,0.037
19280,0.028
19290,0.030
19300,0.024
19310,0.024
19320,0.032
19330,0.032
19340,0.030
19350,0.032
19360,0.024
19370,0.030
19380,0.032
19390,0.031
19400,0.027
19410,0.030
19420,0.032
19430,0.028
19440,0.030
19450,0.031
19460,0.031
19470,0.039
19480,0.039
19490,0.045
19500,0.041
19510,0.045
19520,0.042
19530,0.031
19540,0.038
19550,0.035
19560,0.028
19570,0.024
19580,0.031
19590,0.039
19600,0.035
19610,0.037
19620,0.035
19630,0.038
19640,0.024
19650,0.030
19660,0.037
19670,0.030
19680,0.035
19690,0.031
19700,0.038
19710,0.027
19720,0.031
19730,0.026
19740,0.027
19750,0.024
19760,0.020
19770,0.024
19780,0.019
19790,0.020
19800,0.022
19810,0.027
19820,0.024
19830,0.022
19840,0.020
19850,0.024
19860,0.016
19870,0.016
19880,0.012
19890,0.011
19900,0.012
19910,0.015
19920,0.018
19930,0.019
19940,0.019
19950,0.024
19960,0.023
19970,0.023
19980,0.019
19990,0.026
20000,0.026
