# time, fQ
0,0.704
10,0.571
20,0.582
30,0.578
40,0.581
50,0.582
60,0.551
70,0.549
80,0.562
90,0.563
100,0.567
110,0.555
120,0.551
130,0.562
140,0.562
150,0.543
160,0.539
170,0.543
180,0.553
190,0.522
200,0.520
210,0.544
220,0.539
230,0.540
240,0.544
250,0.532
260,0.514
270,0.536
280,0.530
290,0.540
300,0.544
310,0.551
320,0.543
330,0.529
340,0.532
350,0.537
360,0.548
370,0.548
380,0.539
390,0.539
400,0.541
410,0.516
420,0.548
430,0.525
440,0.535
450,0.537
460,0.521
470,0.529
480,0.513
490,0.525
500,0.543
510,0.521
520,0.507
530,0.505
540,0.502
550,0.512
560,0.491
570,0.503
580,0.526
590,0.528
600,0.562
610,0.549
620,0.533
630,0.541
640,0.552
650,0.541
660,0.526
670,0.543
680,0.537
690,0.533
700,0.529
710,0.524
720,0.505
730,0.521
740,0.502
750,0.499
760,0.507
770,0.505
780,0.532
790,0.518
800,0.517
810,0.522
820,0.528
830,0.520
840,0.529
850,0.512
860,0.513
870,0.506
880,0.517
890,0.488
900,0.514
910,0.507
920,0.524
930,0.530
940,0.526
950,0.530
960,0.518
970,0.521
980,0.524
990,0.506
1000,0.512
1010,0.524
1020,0.518
1030,0.537
1040,0.532
1050,0.510
1060,0.520
1070,0.509
1080,0.497
1090,0.498
1100,0.498
1110,0.505
1120,0.497
1130,0.518
1140,0.507
1150,0.483
1160,0.505
1170,0.475
1180,0.483
1190,0.487
1200,0.497
1210,0.470
1220,0.482
1230,0.472
1240,0.467
1250,0.486
1260,0.494
1270,0.502
1280,0.488
1290,0.490
1300,0.491
1310,0.463
1320,0.499
1330,0.470
1340,0.478
1350,0.467
1360,0.479
1370,0.486
1380,0.476
1390,0.480
1400,0.488
1410,0.483
1420,0.482
1430,0.474
1440,0.468
1450,0.460
1460,0.465
1470,0.471
1480,0.460
1490,0.453
1500,0.471
1510,0.479
1520,0.460
1530,0.453
1540,0.461
1550,0.474
1560,0.452
1570,0.452
1580,0.470
1590,0.444
1600,0.457
1610,0.451
1620,0.467
1630,0.451
1640,0.467
1650,0.483
1660,0.482
1670,0.467
1680,0.465
1690,0.470
1700,0.471
1710,0.467
1720,0.472
1730,0.474
1740,0.470
1750,0.448
1760,0.440
1770,0.433
1780,0.429
1790,0.407
1800,0.452
1810,0.444
1820,0.448
1830,0.438
1840,0.426
1850,0.444
1860,0.426
1870,0.403
1880,0.399
1890,0.391
1900,0.391
1910,0.376
1920,0.376
1930,0.391
1940,0.372
1950,0.368
1960,0.356
1970,0.359
1980,0.380
1990,0.384
2000,0.386
2010,0.406
2020,0.391
2030,0.398
2040,0.375
2050,0.355
2060,0.357
2070,0.353
2080,0.356
2090,0.364
2100,0.344
2110,0.345
2120,0.336
2130,0.355
2140,0.337
2150,0.326
2160,0.348
2170,0.315
2180,0.311
2190,0.342
2200,0.346
2210,0.340
2220,0.346
2230,0.296
2240,0.315
2250,0.329
2260,0.333
2270,0.302
2280,0.336
2290,0.323
2300,0.337
2310,0.322
2320,0.321
2330,0.330
2340,0.325
2350,0.300
2360,0.310
2370,0.327
2380,0.322
2390,0.325
2400,0.330
2410,0.342
2420,0.309
2430,0.323
2440,0.313
2450,0.327
2460,0.298
2470,0.330
2480,0.326
2490,0.315
2500,0.325
2510,0.332
2520,0.309
2530,0.298
2540,0.288
2550,0.325
2560,0.319
2570,0.325
2580,0.302
2590,0.287
2600,0.286
2610,0.295
2620,0.298
2630,0.291
2640,0.298
2650,0.281
2660,0.269
2670,0.264
2680,0.271
2690,0.277
2700,0.283
2710,0.280
2720,0.281
2730,0.279
2740,0.283
2750,0.295
2760,0.277
2770,0.283
2780,0.276
2790,0.288
2800,0.276
2810,0.268
2820,0.263
2830,0.260
2840,0.264
2850,0.257
2860,0.254
2870,0.261
2880,0.253
2890,0.252
2900,0.240
2910,0.235
2920,0.242
2930,0.214
2940,0.221
2950,0.208
2960,0.203
2970,0.211
2980,0.223
2990,0.221
3000,0.222
3010,0.222
3020,0.218
3030,0.229
3040,0.222
3050,0.218
3060,0.208
3070,0.212
3080,0.198
3090,0.198
3100,0.204
3110,0.207
3120,0.191
3130,0.200
3140,0.215
3150,0.219
3160,0.203
3170,0.199
3180,0.198
3190,0.203
3200,0.192
3210,0.215
3220,0.212
3230,0.207
3240,0.210
3250,0.225
3260,0.204
3270,0.218
3280,0.210
3290,0.203
3300,0.223
3310,0.219
3320,0.221
3330,0.215
3340,0.219
3350,0.208
3360,0.200
3370,0.210
3380,0.219
3390,0.226
3400,0.227
3410,0.226
3420,0.206
3430,0.210
3440,0.225
3450,0.191
3460,0.203
3470,0.194
3480,0.208
3490,0.194
3500,0.211
3510,0.180
3520,0.212
3530,0.194
3540,0.204
3550,0.200
3560,0.221
3570,0.208
3580,0.188
3590,0.215
3600,0.204
3610,0.202
3620,0.203
3630,0.200
3640,0.196
3650,0.200
3660,0.199
3670,0.188
3680,0.215
3690,0.204
3700,0.204
3710,0.192
3720,0.184
3730,0.192
3740,0.180
3750,0.196
3760,0.194
3770,0.192
3780,0.199
3790,0.198
3800,0.183
3810,0.195
3820,0.199
3830,0.202
3840,0.200
3850,0.204
3860,0.202
3870,0.212
3880,0.218
3890,0.233
3900,0.241
3910,0.231
3920,0.222
3930,0.218
3940,0.226
3950,0.218
3960,0.238
3970,0.233
3980,0.223
3990,0.221
4000,0.221
4010,0.217
4020,0.222
4030,0.219
4040,0.217
4050,0.219
4060,0.204
4070,0.219
4080,0.230
4090,0.237
4100,0.246
4110,0.249
4120,0.237
4130,0.240
4140,0.234
4150,0.237
4160,0.234
4170,0.234
4180,0.233
4190,0.237
4200,0.223
4210,0.222
4220,0.212
4230,0.223
4240,0.211
4250,0.230
4260,0.226
4270,0.221
4280,0.219
4290,0.212
4300,0.211
4310,0.204
4320,0.200
4330,0.194
4340,0.210
4350,0.198
4360,0.198
4370,0.188
4380,0.200
4390,0.184
4400,0.206
4410,0.208
4420,0.202
4430,0.191
4440,0.199
4450,0.196
4460,0.189
4470,0.204
4480,0.187
4490,0.194
4500,0.188
4510,0.196
4520,0.210
4530,0.195
4540,0.204
4550,0.189
4560,0.196
4570,0.198
4580,0.202
4590,0.198
4600,0.204
4610,0.187
4620,0.195
4630,0.200
4640,0.199
4650,0.199
4660,0.206
4670,0.185
4680,0.180
4690,0.202
4700,0.206
4710,0.179
4720,0.187
4730,0.207
4740,0.202
4750,0.194
4760,0.175
4770,0.200
4780,0.180
4790,0.199
4800,0.184
4810,0.198
4820,0.180
4830,0.195
4840,0.181
4850,0.200
4860,0.200
4870,0.196
4880,0.184
4890,0.181
4900,0.187
4910,0.191
4920,0.184
4930,0.207
4940,0.203
4950,0.198
4960,0.195
4970,0.210
4980,0.203
4990,0.191
5000,0.185
5010,0.204
5020,0.204
5030,0.206
5040,0.196
5050,0.219
5060,0.206
5070,0.191
5080,0.206
5090,0.195
5100,0.194
5110,0.181
5120,0.187
5130,0.184
5140,0.180
5150,0.169
5160,0.177
5170,0.164
5180,0.165
5190,0.160
5200,0.169
5210,0.172
5220,0.176
5230,0.166
5240,0.171
5250,0.180
5260,0.189
5270,0.191
5280,0.183
5290,0.171
5300,0.153
5310,0.168
5320,0.164
5330,0.166
5340,0.152
5350,0.154
5360,0.164
5370,0.156
5380,0.156
5390,0.139
5400,0.150
5410,0.138
5420,0.137
5430,0.131
5440,0.130
5450,0.133
5460,0.120
5470,0.130
5480,0.129
5490,0.138
5500,0.139
5510,0.127
5520,0.123
5530,0.124
5540,0.120
5550,0.134
5560,0.130
5570,0.134
5580,0.135
5590,0.131
5600,0.120
5610,0.112
5620,0.122
5630,0.120
5640,0.107
5650,0.114
5660,0.092
5670,0.088
5680,0.110
5690,0.127
5700,0.118
5710,0.118
5720,0.110
5730,0.114
5740,0.114
5750,0.110
5760,0.114
5770,0.106
5780,0.087
5790,0.081
5800,0.089
5810,0.089
5820,0.093
5830,0.087
5840,0.073
5850,0.083
5860,0.080
5870,0.077
5880,0.070
5890,0.073
5900,0.077
5910,0.073
5920,0.073
5930,0.069
5940,0.081
5950,0.088
5960,0.080
5970,0.069
5980,0.089
5990,0.088
6000,0.064
6010,0.069
6020,0.077
6030,0.074
6040,0.069
6050,0.061
6060,0.061
6070,0.081
6080,0.062
6090,0.061
6100,0.077
6110,0.060
6120,0.060
6130,0.057
6140,0.062
6150,0.051
6160,0.055
6170,0.050
6180,0.054
6190,0.051
6200,0.062
6210,0.054
6220,0.055
6230,0.050
6240,0.062
6250,0.066
6260,0.061
6270,0.068
6280,0.064
6290,0.072
6300,0.065
6310,0.073
6320,0.066
6330,0.066
6340,0.078
6350,0.065
6360,0.064
6370,0.073
6380,0.057
6390,0.064
6400,0.072
6410,0.073
6420,0.057
6430,0.057
6440,0.072
6450,0.068
6460,0.062
6470,0.069
6480,0.069
6490,0.073
6500,0.069
6510,0.080
6520,0.076
6530,0.088
6540,0.084
6550,0.084
6560,0.084
6570,0.078
6580,0.081
6590,0.085
6600,0.081
6610,0.089
6620,0.087
6630,0.083
6640,0.074
6650,0.078
6660,0.077
6670,0.073
6680,0.073
6690,0.066
6700,0.068
6710,0.062
6720,0.076
6730,0.069
6740,0.057
6750,0.058
6760,0.058
6770,0.065
6780,0.058
6790,0.060
6800,0.062
6810,0.068
6820,0.069
6830,0.068
6840,0.070
6850,0.076
6860,0.062
6870,0.068
6880,0.069
6890,0.068
6900,0.073
6910,0.072
6920,0.066
6930,0.078
6940,0.069
6950,0.074
6960,0.076
6970,0.057
6980,0.066
6990,0.065
7000,0.061
7010,0.057
7020,0.070
7030,0.065
7040,0.069
7050,0.073
7060,0.073
7070,0.060
7080,0.054
7090,0.058
7100,0.064
7110,0.060
7120,0.047
7130,0.047
7140,0.042
7150,0.042
7160,0.035
7170,0.049
7180,0.050
7190,0.041
7200,0.031
7210,0.038
7220,0.039
7230,0.049
7240,0.051
7250,0.032
7260,0.043
7270,0.037
7280,0.041
7290,0.042
7300,0.037
7310,0.043
7320,0.049
7330,0.047
7340,0.050
7350,0.047
7360,0.047
7370,0.049
7380,0.050
7390,0.049
7400,0.050
7410,0.043
7420,0.041
7430,0.043
7440,0.053
7450,0.042
7460,0.060
7470,0.047
7480,0.058
7490,0.045
7500,0.045
7510,0.050
7520,0.042
7530,0.045
7540,0.051
7550,0.043
7560,0.055
7570,0.049
7580,0.049
7590,0.053
7600,0.049
7610,0.049
7620,0.054
7630,0.041
7640,0.050
7650,0.053
7660,0.041
7670,0.042
7680,0.038
7690,0.035
7700,0.050
7710,0.050
7720,0.050
7730,0.042
7740,0.051
7750,0.053
7760,0.047
7770,0.049
7780,0.046
7790,0.043
7800,0.038
7810,0.041
7820,0.046
7830,0.042
7840,0.043
7850,0.041
7860,0.045
7870,0.042
7880,0.035
7890,0.027
7900,0.037
7910,0.037
7920,0.031
7930,0.034
7940,0.034
7950,0.034
7960,0.035
7970,0.039
7980,0.034
7990,0.037
8000,0.039
8010,0.038
8020,0.037
8030,0.035
8040,0.037
8050,0.035
8060,0.038
8070,0.045
8080,0.039
8090,0.039
8100,0.034
8110,0.042
8120,0.038
8130,0.045
8140,0.035
8150,0.046
8160,0.035
8170,0.050
8180,0.041
8190,0.032
8200,0.041
8210,0.047
8220,0.045
8230,0.046
8240,0.050
8250,0.049
8260,0.050
8270,0.049
8280,0.047
8290,0.046
8300,0.042
8310,0.045
8320,0.041
8330,0.046
8340,0.051
8350,0.049
8360,0.041
8370,0.043
8380,0.047
8390,0.035
8400,0.037
8410,0.046
8420,0.042
8430,0.042
8440,0.046
8450,0.043
8460,0.045
8470,0.043
8480,0.042
8490,0.043
8500,0.042
8510,0.045
8520,0.042
8530,0.042
8540,0.032
8550,0.032
8560,0.037
8570,0.035
8580,0.034
8590,0.030
8600,0.039
8610,0.034
8620,0.042
8630,0.039
8640,0.030
8650,0.034
8660,0.038
8670,0.031
8680,0.028
8690,0.032
8700,0.032
8710,0.045
8720,0.037
8730,0.043
8740,0.042
8750,0.045
8760,0.042
8770,0.043
8780,0.049
8790,0.049
8800,0.045
8810,0.055
8820,0.050
8830,0.041
8840,0.039
8850,0.046
8860,0.038
8870,0.039
8880,0.046
8890,0.038
8900,0.047
8910,0.039
8920,0.039
8930,0.045
8940,0.053
8950,0.041
8960,0.038
8970,0.039
8980,0.043
8990,0.047
9000,0.041
9010,0.027
9020,0.038
9030,0.034
9040,0.042
9050,0.032
9060,0.043
9070,0.039
9080,0.042
9090,0.042
9100,0.038
9110,0.035
9120,0.037
9130,0.045
9140,0.035
9150,0.037
9160,0.041
9170,0.049
9180,0.046
9190,0.045
9200,0.043
9210,0.046
9220,0.037
9230,0.039
9240,0.038
9250,0.049
9260,0.045
9270,0.042
9280,0.043
9290,0.047
9300,0.041
9310,0.058
9320,0.046
9330,0.039
9340,0.046
9350,0.046
9360,0.047
9370,0.046
9380,0.047
9390,0.049
9400,0.051
9410,0.051
9420,0.054
9430,0.046
9440,0.054
9450,0.053
9460,0.049
9470,0.049
9480,0.041
9490,0.050
9500,0.046
9510,0.057
9520,0.050
9530,0.049
9540,0.057
9550,0.054
9560,0.046
9570,0.041
9580,0.045
9590,0.043
9600,0.035
9610,0.041
9620,0.035
9630,0.041
9640,0.037
9650,0.037
9660,0.038
9670,0.037
9680,0.034
9690,0.041
9700,0.035
9710,0.038
9720,0.032
9730,0.035
9740,0.027
9750,0.035
9760,0.031
9770,0.028
9780,0.032
9790,0.030
9800,0.030
9810,0.031
9820,0.038
9830,0.035
9840,0.034
9850,0.032
9860,0.045
9870,0.045
9880,0.042
9890,0.043
9900,0.041
9910,0.038
9920,0.045
9930,0.026
9940,0.041
9950,0.026
9960,0.031
9970,0.035
9980,0.035
9990,0.032
10000,0.039
10010,0.045
10020,0.042
10030,0.043
10040,0.050
10050,0.051
10060,0.042
10070,0.049
10080,0.051
10090,0.050
10100,0.042
10110,0.046
10120,0.045
10130,0.042
10140,0.039
10150,0.032
10160,0.032
10170,0.037
10180,0.032
10190,0.045
10200,0.045
10210,0.026
10220,0.032
10230,0.031
10240,0.020
10250,0.023
10260,0.026
10270,0.020
10280,0.027
10290,0.027
10300,0.032
10310,0.031
10320,0.027
10330,0.022
10340,0.028
10350,0.028
10360,0.037
10370,0.026
10380,0.032
10390,0.026
10400,0.027
10410,0.032
10420,0.028
10430,0.020
10440,0.022
10450,0.019
10460,0.034
10470,0.031
10480,0.038
10490,0.041
10500,0.028
10510,0.035
10520,0.039
10530,0.043
10540,0.038
10550,0.032
10560,0.034
10570,0.037
10580,0.042
10590,0.041
10600,0.039
10610,0.039
10620,0.037
10630,0.034
10640,0.028
10650,0.034
10660,0.043
10670,0.041
10680,0.032
10690,0.037
10700,0.027
10710,0.032
10720,0.031
10730,0.037
10740,0.031
10750,0.031
10760,0.030
10770,0.035
10780,0.028
10790,0.037
10800,0.038
10810,0.032
10820,0.051
10830,0.046
10840,0.031
10850,0.028
10860,0.032
10870,0.031
10880,0.038
10890,0.034
10900,0.028
10910,0.024
10920,0.027
10930,0.026
10940,0.034
10950,0.034
10960,0.042
10970,0.041
10980,0.038
10990,0.043
11000,0.038
11010,0.038
11020,0.034
11030,0.034
11040,0.045
11050,0.030
11060,0.037
11070,0.031
11080,0.032
11090,0.031
11100,0.035
11110,0.038
11120,0.039
11130,0.042
11140,0.037
11150,0.041
11160,0.037
11170,0.035
11180,0.035
11190,0.037
11200,0.032
11210,0.032
11220,0.034
11230,0.030
11240,0.037
11250,0.035
11260,0.031
11270,0.035
11280,0.034
11290,0.031
11300,0.034
11310,0.037
11320,0.037
11330,0.037
11340,0.037
11350,0.038
11360,0.037
11370,0.035
11380,0.030
11390,0.034
11400,0.028
11410,0.030
11420,0.039
11430,0.039
11440,0.034
11450,0.039
11460,0.042
11470,0.047
11480,0.042
11490,0.043
11500,0.046
11510,0.030
11520,0.028
11530,0.035
11540,0.039
11550,0.038
11560,0.038
11570,0.028
11580,0.037
11590,0.035
11600,0.045
11610,0.041
11620,0.045
11630,0.035
11640,0.034
11650,0.024
11660,0.027
11670,0.024
11680,0.023
11690,0.023
11700,0.023
11710,0.023
11720,0.028
11730,0.027
11740,0.031
11750,0.030
11760,0.023
11770,0.028
11780,0.022
11790,0.030
11800,0.027
11810,0.031
11820,0.034
11830,0.042
11840,0.034
11850,0.035
11860,0.028
11870,0.023
11880,0.034
11890,0.027
11900,0.027
11910,0.022
11920,0.026
11930,0.023
11940,0.022
11950,0.018
11960,0.016
11970,0.015
11980,0.018
11990,0.016
12000,0.009
12010,0.016
12020,0.022
12030,0.023
12040,0.015
12050,0.022
12060,0.016
12070,0.020
12080,0.022
12090,0.023
12100,0.018
12110,0.015
12120,0.012
12130,0.019
12140,0.012
12150,0.032
12160,0.028
12170,0.034
12180,0.035
12190,0.042
12200,0.041
12210,0.034
12220,0.034
12230,0.034
12240,0.035
12250,0.030
12260,0.037
12270,0.038
12280,0.038
12290,0.039
12300,0.039
12310,0.037
12320,0.032
12330,0.037
12340,0.031
12350,0.034
12360,0.032
12370,0.027
12380,0.035
12390,0.035
12400,0.032
12410,0.034
12420,0.027
12430,0.024
12440,0.027
12450,0.032
12460,0.031
12470,0.038
12480,0.039
12490,0.045
12500,0.046
12510,0.035
12520,0.047
12530,0.042
12540,0.035
12550,0.041
12560,0.046
12570,0.045
12580,0.035
12590,0.043
12600,0.039
12610,0.037
12620,0.031
12630,0.043
12640,0.043
12650,0.041
12660,0.046
12670,0.037
12680,0.042
12690,0.042
12700,0.039
12710,0.039
12720,0.041
12730,0.037
12740,0.038
12750,0.032
12760,0.031
12770,0.028
12780,0.031
12790,0.038
12800,0.034
12810,0.035
12820,0.039
12830,0.045
12840,0.039
12850,0.054
12860,0.043
12870,0.035
12880,0.038
12890,0.038
12900,0.039
12910,0.047
12920,0.046
12930,0.050
12940,0.034
12950,0.039
12960,0.038
12970,0.043
12980,0.045
12990,0.035
13000,0.042
13010,0.039
13020,0.038
13030,0.035
13040,0.039
13050,0.042
13060,0.028
13070,0.030
13080,0.026
13090,0.034
13100,0.028
13110,0.027
13120,0.034
13130,0.027
13140,0.023
13150,0.023
13160,0.026
13170,0.020
13180,0.026
13190,0.028
13200,0.026
13210,0.026
13220,0.027
13230,0.026
13240,0.024
13250,0.030
13260,0.039
13270,0.030
13280,0.031
13290,0.030
13300,0.030
13310,0.026
13320,0.024
13330,0.039
13340,0.032
13350,0.039
13360,0.037
13370,0.041
13380,0.041
13390,0.037
13400,0.030
13410,0.041
13420,0.043
13430,0.037
13440,0.038
13450,0.041
13460,0.041
13470,0.035
13480,0.046
13490,0.037
13500,0.035
13510,0.041
13520,0.034
13530,0.030
13540,0.022
13550,0.026
13560,0.027
13570,0.024
13580,0.028
13590,0.031
13600,0.030
13610,0.030
13620,0.035
13630,0.035
13640,0.030
13650,0.027
13660,0.035
13670,0.030
13680,0.031
13690,0.032
13700,0.034
13710,0.032
13720,0.027
13730,0.026
13740,0.027
13750,0.031
13760,0.024
13770,0.026
13780,0.027
13790,0.030
13800,0.031
13810,0.034
13820,0.037
13830,0.027
13840,0.031
13850,0.032
13860,0.028
13870,0.024
13880,0.027
13890,0.030
13900,0.022
13910,0.019
13920,0.020
13930,0.020
13940,0.022
13950,0.034
13960,0.020
13970,0.019
13980,0.026
13990,0.030
14000,0.030
14010,0.032
14020,0.028
14030,0.026
14040,0.034
14050,0.028
14060,0.030
14070,0.034
14080,0.030
14090,0.028
14100,0.027
14110,0.022
14120,0.032
14130,0.020
14140,0.028
14150,0.015
14160,0.024
14170,0.023
14180,0.020
14190,0.019
14200,0.026
14210,0.026
14220,0.023
14230,0.027
14240,0.028
14250,0.031
14260,0.028
14270,0.028
14280,0.028
14290,0.023
14300,0.024
14310,0.023
14320,0.023
14330,0.023
14340,0.023
14350,0.022
14360,0.028
14370,0.026
14380,0.028
14390,0.019
14400,0.027
14410,0.026
14420,0.039
14430,0.027
14440,0.030
14450,0.031
14460,0.037
14470,0.039
14480,0.038
14490,0.031
14500,0.043
14510,0.038
14520,0.042
14530,0.035
14540,0.034
14550,0.035
14560,0.042
14570,0.035
14580,0.043
14590,0.041
14600,0.032
14610,0.045
14620,0.046
14630,0.042
14640,0.041
14650,0.046
14660,0.046
14670,0.043
14680,0.028
14690,0.039
14700,0.038
14710,0.043
14720,0.046
14730,0.039
14740,0.039
14750,0.045
14760,0.046
14770,0.041
14780,0.038
14790,0.046
14800,0.049
14810,0.057
14820,0.055
14830,0.051
14840,0.054
14850,0.039
14860,0.045
14870,0.047
14880,0.042
14890,0.049
14900,0.045
14910,0.047
14920,0.062
14930,0.038
14940,0.039
14950,0.037
14960,0.051
14970,0.042
14980,0.043
14990,0.050
15000,0.051
15010,0.047
15020,0.047
15030,0.051
15040,0.043
15050,0.038
15060,0.042
15070,0.035
15080,0.031
15090,0.032
15100,0.031
15110,0.028
15120,0.028
15130,0.027
15140,0.034
15150,0.035
15160,0.023
15170,0.031
15180,0.032
15190,0.027
15200,0.032
15210,0.035
15220,0.035
15230,0.042
15240,0.028
15250,0.032
15260,0.038
15270,0.039
15280,0.035
15290,0.047
15300,0.038
15310,0.037
15320,0.031
15330,0.030
15340,0.030
15350,0.043
15360,0.034
15370,0.041
15380,0.031
15390,0.030
15400,0.031
15410,0.030
15420,0.031
15430,0.030
15440,0.027
15450,0.031
15460,0.031
15470,0.041
15480,0.032
15490,0.022
15500,0.024
15510,0.018
15520,0.016
15530,0.011
15540,0.028
15550,0.030
15560,0.028
15570,0.030
15580,0.032
15590,0.032
15600,0.026
15610,0.024
15620,0.027
15630,0.028
15640,0.024
15650,0.028
15660,0.031
15670,0.027
15680,0.030
15690,0.034
15700,0.035
15710,0.034
15720,0.038
15730,0.035
15740,0.034
15750,0.032
15760,0.035
15770,0.034
15780,0.042
15790,0.038
15800,0.030
15810,0.032
15820,0.037
15830,0.035
15840,0.038
15850,0.028
15860,0.032
15870,0.023
15880,0.026
15890,0.028
15900,0.037
15910,0.034
15920,0.037
15930,0.049
15940,0.042
15950,0.050
15960,0.051
15970,0.042
15980,0.047
15990,0.045
16000,0.046
16010,0.054
16020,0.046
16030,0.053
16040,0.038
16050,0.045
16060,0.046
16070,0.049
16080,0.047
16090,0.058
16100,0.060
16110,0.051
16120,0.035
16130,0.039
16140,0.038
16150,0.039
16160,0.037
16170,0.037
16180,0.046
16190,0.042
16200,0.035
16210,0.032
16220,0.042
16230,0.045
16240,0.041
16250,0.038
16260,0.035
16270,0.038
16280,0.037
16290,0.042
16300,0.038
16310,0.031
16320,0.034
16330,0.030
16340,0.041
16350,0.038
16360,0.035
16370,0.038
16380,0.043
16390,0.034
16400,0.034
16410,0.034
16420,0.035
16430,0.037
16440,0.038
16450,0.034
16460,0.034
16470,0.038
16480,0.038
16490,0.034
16500,0.030
16510,0.034
16520,0.028
16530,0.034
16540,0.032
16550,0.026
16560,0.028
16570,0.027
16580,0.031
16590,0.032
16600,0.035
16610,0.042
16620,0.043
16630,0.047
16640,0.031
16650,0.037
16660,0.047
16670,0.039
16680,0.035
16690,0.038
16700,0.034
16710,0.030
16720,0.026
16730,0.031
16740,0.030
16750,0.041
16760,0.042
16770,0.032
16780,0.037
16790,0.039
16800,0.034
16810,0.028
16820,0.027
16830,0.035
16840,0.024
16850,0.032
16860,0.037
16870,0.039
16880,0.034
16890,0.032
16900,0.031
16910,0.038
16920,0.020
16930,0.024
16940,0.035
16950,0.027
16960,0.030
16970,0.028
16980,0.030
16990,0.026
17000,0.032
17010,0.031
17020,0.041
17030,0.035
17040,0.030
17050,0.028
17060,0.031
17070,0.026
17080,0.037
17090,0.032
17100,0.028
17110,0.030
17120,0.027
17130,0.031
17140,0.038
17150,0.038
17160,0.038
17170,0.035
17180,0.038
17190,0.047
17200,0.049
17210,0.042
17220,0.041
17230,0.046
17240,0.031
17250,0.037
17260,0.039
17270,0.042
17280,0.041
17290,0.046
17300,0.042
17310,0.046
17320,0.051
17330,0.049
17340,0.047
17350,0.045
17360,0.037
17370,0.038
17380,0.034
17390,0.045
17400,0.047
17410,0.046
17420,0.058
17430,0.047
17440,0.047
17450,0.053
17460,0.045
17470,0.045
17480,0.051
17490,0.045
17500,0.049
17510,0.038
17520,0.038
17530,0.041
17540,0.034
17550,0.045
17560,0.034
17570,0.038
17580,0.038
17590,0.039
17600,0.050
17610,0.041
17620,0.041
17630,0.045
17640,0.035
17650,0.041
17660,0.037
17670,0.037
17680,0.037
17690,0.032
17700,0.031
17710,0.034
17720,0.041
17730,0.039
17740,0.041
17750,0.034
17760,0.030
17770,0.031
17780,0.038
17790,0.034
17800,0.038
17810,0.041
17820,0.041
17830,0.038
17840,0.030
17850,0.028
17860,0.027
17870,0.038
17880,0.038
17890,0.038
17900,0.038
17910,0.037
17920,0.041
17930,0.035
17940,0.038
17950,0.037
17960,0.038
17970,0.030
17980,0.038
17990,0.038
18000,0.046
18010,0.041
18020,0.041
18030,0.038
18040,0.034
18050,0.032
18060,0.031
18070,0.030
18080,0.031
18090,0.027
18100,0.032
18110,0.030
18120,0.031
18130,0.023
18140,0.028
18150,0.032
18160,0.035
18170,0.034
18180,0.034
18190,0.031
18200,0.024
18210,0.028
18220,0.026
18230,0.026
18240,0.026
18250,0.028
18260,0.015
18270,0.015
18280,0.016
18290,0.019
18300,0.022
18310,0.020
18320,0.030
18330,0.024
18340,0.019
18350,0.023
18360,0.027
18370,0.024
18380,0.026
18390,0.027
18400,0.020
18410,0.028
18420,0.028
18430,0.023
18440,0.024
18450,0.020
18460,0.022
18470,0.022
18480,0.031
18490,0.031
18500,0.026
18510,0.024
18520,0.038
18530,0.030
18540,0.031
18550,0.031
18560,0.032
18570,0.022
18580,0.023
18590,0.023
18600,0.023
18610,0.027
18620,0.030
18630,0.028
18640,0.027
18650,0.031
18660,0.024
18670,0.026
18680,0.030
18690,0.027
18700,0.027
18710,0.032
18720,0.030
18730,0.028
18740,0.024
18750,0.037
18760,0.030
18770,0.035
18780,0.042
18790,0.035
18800,0.035
18810,0.031
18820,0.028
18830,0.042
18840,0.038
18850,0.041
18860,0.038
18870,0.031
18880,0.034
18890,0.031
18900,0.031
18910,0.032
18920,0.037
18930,0.039
18940,0.042
18950,0.038
18960,0.037
18970,0.042
18980,0.043
18990,0.037
19000,0.038
19010,0.046
19020,0.038
19030,0.032
19040,0.030
19050,0.034
19060,0.027
19070,0.037
19080,0.035
19090,0.038
19100,0.030
19110,0.038
19120,0.028
19130,0.037
19140,0.037
19150,0.032
19160,0.031
19170,0.038
19180,0.049
19190,0.041
19200,0.034
19210,0.031
19220,0.037
19230,0.043
19240,0.041
19250,0.028
19260,0.031
19270,0.032
19280,0.038
19290,0.024
19300,0.026
19310,0.026
19320,0.024
19330,0.030
19340,0.020
19350,0.024
19360,0.023
19370,0.022
19380,0.020
19390,0.023
19400,0.031
19410,0.024
19420,0.019
19430,0.026
19440,0.027
19450,0.022
19460,0.016
19470,0.019
19480,0.027
19490,0.026
19500,0.030
19510,0.037
19520,0.031
19530,0.022
19540,0.018
19550,0.016
19560,0.016
19570,0.024
19580,0.024
19590,0.030
19600,0.014
19610,0.022
19620,0.026
19630,0.026
19640,0.030
19650,0.039
19660,0.038
19670,0.034
19680,0.039
19690,0.031
19700,0.032
19710,0.019
19720,0.028
19730,0.032
19740,0.030
19750,0.034
19760,0.031
19770,0.027
19780,0.026
19790,0.022
19800,0.026
19810,0.022
19820,0.018
19830,0.014
19840,0.015
19850,0.019
19860,0.019
19870,0.020
19880,0.023
19890,0.024
19900,0.019
19910,0.022
19920,0.026
19930,0.022
19940,0.015
19950,0.014
19960,0.015
19970,0.012
19980,0.012
19990,0.014
20000,0.012
