# time, fQ
0,0.704
10,0.627
20,0.617
30,0.590
40,0.597
50,0.570
60,0.595
70,0.581
80,0.566
90,0.548
100,0.537
110,0.545
120,0.563
130,0.563
140,0.540
150,0.548
160,0.572
170,0.533
180,0.558
190,0.541
200,0.520
210,0.521
220,0.533
230,0.539
240,0.526
250,0.502
260,0.520
270,0.503
280,0.526
290,0.505
300,0.555
310,0.513
320,0.528
330,0.537
340,0.533
350,0.518
360,0.525
370,0.544
380,0.551
390,0.549
400,0.548
410,0.543
420,0.532
430,0.528
440,0.520
450,0.521
460,0.524
470,0.509
480,0.509
490,0.501
500,0.512
510,0.484
520,0.525
530,0.512
540,0.512
550,0.512
560,0.497
570,0.520
580,0.506
590,0.497
600,0.491
610,0.498
620,0.494
630,0.495
640,0.476
650,0.493
660,0.493
670,0.474
680,0.449
690,0.464
700,0.468
710,0.509
720,0.495
730,0.482
740,0.486
750,0.493
760,0.482
770,0.483
780,0.461
790,0.486
800,0.486
810,0.483
820,0.472
830,0.483
840,0.478
850,0.470
860,0.449
870,0.483
880,0.468
890,0.437
900,0.453
910,0.463
920,0.440
930,0.464
940,0.441
950,0.430
960,0.433
970,0.436
980,0.456
990,0.432
1000,0.434
1010,0.440
1020,0.449
1030,0.437
1040,0.432
1050,0.442
1060,0.437
1070,0.409
1080,0.445
1090,0.432
1100,0.418
1110,0.436
1120,0.422
1130,0.433
1140,0.409
1150,0.436
1160,0.437
1170,0.448
1180,0.429
1190,0.445
1200,0.440
1210,0.433
1220,0.444
1230,0.436
1240,0.440
1250,0.425
1260,0.438
1270,0.413
1280,0.422
1290,0.417
1300,0.440
1310,0.422
1320,0.430
1330,0.421
1340,0.422
1350,0.424
1360,0.415
1370,0.410
1380,0.432
1390,0.429
1400,0.401
1410,0.422
1420,0.429
1430,0.419
1440,0.409
1450,0.407
1460,0.421
1470,0.407
1480,0.407
1490,0.392
1500,0.414
1510,0.403
1520,0.398
1530,0.419
1540,0.414
1550,0.394
1560,0.388
1570,0.409
1580,0.399
1590,0.406
1600,0.386
1610,0.405
1620,0.386
1630,0.399
1640,0.386
1650,0.395
1660,0.413
1670,0.390
1680,0.388
1690,0.394
1700,0.401
1710,0.410
1720,0.396
1730,0.391
1740,0.382
1750,0.378
1760,0.379
1770,0.367
1780,0.372
1790,0.368
1800,0.367
1810,0.349
1820,0.361
1830,0.371
1840,0.348
1850,0.364
1860,0.379
1870,0.371
1880,0.392
1890,0.384
1900,0.380
1910,0.387
1920,0.375
1930,0.379
1940,0.369
1950,0.357
1960,0.350
1970,0.373
1980,0.357
1990,0.352
2000,0.344
2010,0.352
2020,0.329
2030,0.330
2040,0.349
2050,0.356
2060,0.357
2070,0.352
2080,0.337
2090,0.323
2100,0.336
2110,0.334
2120,0.314
2130,0.333
2140,0.332
2150,0.338
2160,0.323
2170,0.309
2180,0.341
2190,0.330
2200,0.338
2210,0.338
2220,0.348
2230,0.332
2240,0.359
2250,0.356
2260,0.345
2270,0.323
2280,0.336
2290,0.334
2300,0.337
2310,0.348
2320,0.334
2330,0.315
2340,0.334
2350,0.322
2360,0.332
2370,0.303
2380,0.310
2390,0.296
2400,0.307
2410,0.306
2420,0.321
2430,0.300
2440,0.314
2450,0.300
2460,0.304
2470,0.311
2480,0.306
2490,0.290
2500,0.303
2510,0.290
2520,0.286
2530,0.298
2540,0.288
2550,0.284
2560,0.325
2570,0.306
2580,0.298
2590,0.307
2600,0.296
2610,0.296
2620,0.304
2630,0.303
2640,0.304
2650,0.306
2660,0.300
2670,0.280
2680,0.307
2690,0.322
2700,0.306
2710,0.310
2720,0.322
2730,0.306
2740,0.314
2750,0.304
2760,0.298
2770,0.310
2780,0.295
2790,0.309
2800,0.310
2810,0.315
2820,0.294
2830,0.291
2840,0.283
2850,0.283
2860,0.287
2870,0.269
2880,0.268
2890,0.280
2900,0.279
2910,0.258
2920,0.260
2930,0.269
2940,0.273
2950,0.281
2960,0.279
2970,0.290
2980,0.271
2990,0.273
3000,0.271
3010,0.261
3020,0.250
3030,0.248
3040,0.240
3050,0.230
3060,0.241
3070,0.245
3080,0.246
3090,0.246
3100,0.237
3110,0.214
3120,0.227
3130,0.218
3140,0.238
3150,0.234
3160,0.248
3170,0.245
3180,0.238
3190,0.233
3200,0.222
3210,0.234
3220,0.234
3230,0.238
3240,0.231
3250,0.211
3260,0.199
3270,0.200
3280,0.206
3290,0.223
3300,0.230
3310,0.257
3320,0.238
3330,0.246
3340,0.240
3350,0.235
3360,0.225
3370,0.231
3380,0.245
3390,0.226
3400,0.237
3410,0.233
3420,0.214
3430,0.230
3440,0.222
3450,0.237
3460,0.219
3470,0.222
3480,0.231
3490,0.218
3500,0.230
3510,0.211
3520,0.237
3530,0.210
3540,0.210
3550,0.214
3560,0.218
3570,0.223
3580,0.226
3590,0.222
3600,0.226
3610,0.238
3620,0.215
3630,0.222
3640,0.204
3650,0.206
3660,0.195
3670,0.185
3680,0.191
3690,0.191
3700,0.202
3710,0.214
3720,0.225
3730,0.223
3740,0.254
3750,0.248
3760,0.246
3770,0.222
3780,0.223
3790,0.225
3800,0.215
3810,0.222
3820,0.235
3830,0.226
3840,0.203
3850,0.219
3860,0.215
3870,0.210
3880,0.211
3890,0.199
3900,0.196
3910,0.200
3920,0.188
3930,0.181
3940,0.188
3950,0.202
3960,0.204
3970,0.200
3980,0.210
3990,0.219
4000,0.210
4010,0.207
4020,0.211
4030,0.200
4040,0.215
4050,0.214
4060,0.206
4070,0.211
4080,0.204
4090,0.199
4100,0.194
4110,0.187
4120,0.195
4130,0.195
4140,0.188
4150,0.202
4160,0.191
4170,0.185
4180,0.179
4190,0.189
4200,0.177
4210,0.187
4220,0.199
4230,0.188
4240,0.176
4250,0.177
4260,0.165
4270,0.160
4280,0.164
4290,0.152
4300,0.172
4310,0.165
4320,0.152
4330,0.149
4340,0.153
4350,0.158
4360,0.161
4370,0.169
4380,0.181
4390,0.160
4400,0.166
4410,0.185
4420,0.195
4430,0.191
4440,0.192
4450,0.198
4460,0.191
4470,0.192
4480,0.187
4490,0.180
4500,0.199
4510,0.189
4520,0.189
4530,0.198
4540,0.199
4550,0.192
4560,0.211
4570,0.203
4580,0.192
4590,0.203
4600,0.208
4610,0.211
4620,0.212
4630,0.207
4640,0.192
4650,0.211
4660,0.202
4670,0.202
4680,0.208
4690,0.187
4700,0.198
4710,0.211
4720,0.203
4730,0.206
4740,0.210
4750,0.199
4760,0.194
4770,0.179
4780,0.183
4790,0.198
4800,0.185
4810,0.181
4820,0.207
4830,0.194
4840,0.192
4850,0.172
4860,0.194
4870,0.179
4880,0.171
4890,0.172
4900,0.172
4910,0.176
4920,0.180
4930,0.158
4940,0.171
4950,0.169
4960,0.175
4970,0.171
4980,0.164
4990,0.162
5000,0.165
5010,0.160
5020,0.162
5030,0.154
5040,0.166
5050,0.160
5060,0.171
5070,0.172
5080,0.171
5090,0.171
5100,0.161
5110,0.171
5120,0.169
5130,0.164
5140,0.168
5150,0.171
5160,0.171
5170,0.162
5180,0.169
5190,0.175
5200,0.172
5210,0.160
5220,0.153
5230,0.152
5240,0.166
5250,0.169
5260,0.161
5270,0.158
5280,0.156
5290,0.172
5300,0.164
5310,0.161
5320,0.161
5330,0.169
5340,0.165
5350,0.154
5360,0.161
5370,0.169
5380,0.171
5390,0.165
5400,0.161
5410,0.169
5420,0.177
5430,0.176
5440,0.157
5450,0.166
5460,0.176
5470,0.166
5480,0.156
5490,0.164
5500,0.165
5510,0.165
5520,0.169
5530,0.171
5540,0.161
5550,0.157
5560,0.164
5570,0.150
5580,0.181
5590,0.154
5600,0.152
5610,0.162
5620,0.156
5630,0.154
5640,0.160
5650,0.165
5660,0.158
5670,0.160
5680,0.168
5690,0.165
5700,0.150
5710,0.157
5720,0.146
5730,0.147
5740,0.149
5750,0.143
5760,0.139
5770,0.149
5780,0.138
5790,0.137
5800,0.161
5810,0.150
5820,0.142
5830,0.149
5840,0.156
5850,0.156
5860,0.157
5870,0.152
5880,0.162
5890,0.162
5900,0.161
5910,0.152
5920,0.149
5930,0.152
5940,0.168
5950,0.169
5960,0.158
5970,0.164
5980,0.162
5990,0.162
6000,0.158
6010,0.150
6020,0.156
6030,0.164
6040,0.168
6050,0.153
6060,0.168
6070,0.166
6080,0.175
6090,0.173
6100,0.169
6110,0.169
6120,0.157
6130,0.161
6140,0.147
6150,0.166
6160,0.164
6170,0.143
6180,0.143
6190,0.146
6200,0.142
6210,0.150
6220,0.142
6230,0.139
6240,0.143
6250,0.142
6260,0.146
6270,0.147
6280,0.145
6290,0.142
6300,0.160
6310,0.169
6320,0.158
6330,0.168
6340,0.162
6350,0.158
6360,0.168
6370,0.179
6380,0.177
6390,0.168
6400,0.154
6410,0.160
6420,0.161
6430,0.175
6440,0.177
6450,0.171
6460,0.165
6470,0.176
6480,0.166
6490,0.177
6500,0.169
6510,0.166
6520,0.176
6530,0.157
6540,0.165
6550,0.161
6560,0.152
6570,0.158
6580,0.150
6590,0.156
6600,0.150
6610,0.152
6620,0.145
6630,0.139
6640,0.150
6650,0.139
6660,0.138
6670,0.143
6680,0.150
6690,0.134
6700,0.133
6710,0.130
6720,0.141
6730,0.131
6740,0.134
6750,0.134
6760,0.130
6770,0.138
6780,0.126
6790,0.129
6800,0.134
6810,0.146
6820,0.166
6830,0.161
6840,0.150
6850,0.160
6860,0.147
6870,0.147
6880,0.157
6890,0.138
6900,0.157
6910,0.145
6920,0.145
6930,0.158
6940,0.147
6950,0.175
6960,0.177
6970,0.160
6980,0.149
6990,0.150
7000,0.141
7010,0.135
7020,0.138
7030,0.145
7040,0.145
7050,0.150
7060,0.142
7070,0.142
7080,0.139
7090,0.149
7100,0.135
7110,0.133
7120,0.129
7130,0.131
7140,0.118
7150,0.131
7160,0.112
7170,0.123
7180,0.126
7190,0.118
7200,0.122
7210,0.122
7220,0.119
7230,0.129
7240,0.127
7250,0.130
7260,0.129
7270,0.116
7280,0.119
7290,0.134
7300,0.112
7310,0.127
7320,0.129
7330,0.127
7340,0.129
7350,0.129
7360,0.142
7370,0.124
7380,0.130
7390,0.135
7400,0.115
7410,0.124
7420,0.119
7430,0.127
7440,0.122
7450,0.131
7460,0.123
7470,0.116
7480,0.104
7490,0.112
7500,0.112
7510,0.101
7520,0.107
7530,0.118
7540,0.112
7550,0.111
7560,0.115
7570,0.115
7580,0.116
7590,0.119
7600,0.112
7610,0.123
7620,0.124
7630,0.115
7640,0.110
7650,0.101
7660,0.097
7670,0.101
7680,0.101
7690,0.100
7700,0.096
7710,0.095
7720,0.104
7730,0.097
7740,0.089
7750,0.093
7760,0.087
7770,0.096
7780,0.096
7790,0.091
7800,0.107
7810,0.092
7820,0.099
7830,0.092
7840,0.087
7850,0.089
7860,0.087
7870,0.096
7880,0.096
7890,0.099
7900,0.095
7910,0.091
7920,0.085
7930,0.083
7940,0.096
7950,0.099
7960,0.099
7970,0.103
7980,0.081
7990,0.081
8000,0.068
8010,0.069
8020,0.061
8030,0.062
8040,0.054
8050,0.060
8060,0.053
8070,0.053
8080,0.045
8090,0.051
8100,0.043
8110,0.046
8120,0.053
8130,0.055
8140,0.046
8150,0.054
8160,0.045
8170,0.051
8180,0.042
8190,0.051
8200,0.047
8210,0.043
8220,0.047
8230,0.055
8240,0.045
8250,0.064
8260,0.054
8270,0.051
8280,0.055
8290,0.058
8300,0.051
8310,0.045
8320,0.045
8330,0.042
8340,0.042
8350,0.039
8360,0.032
8370,0.032
8380,0.043
8390,0.045
8400,0.034
8410,0.046
8420,0.042
8430,0.037
8440,0.039
8450,0.031
8460,0.035
8470,0.049
8480,0.039
8490,0.043
8500,0.038
8510,0.046
8520,0.049
8530,0.050
8540,0.045
8550,0.045
8560,0.055
8570,0.054
8580,0.054
8590,0.051
8600,0.041
8610,0.039
8620,0.053
8630,0.047
8640,0.050
8650,0.045
8660,0.051
8670,0.051
8680,0.057
8690,0.053
8700,0.058
8710,0.054
8720,0.053
8730,0.047
8740,0.057
8750,0.054
8760,0.039
8770,0.042
8780,0.038
8790,0.045
8800,0.037
8810,0.042
8820,0.042
8830,0.039
8840,0.045
8850,0.035
8860,0.032
8870,0.031
8880,0.030
8890,0.030
8900,0.032
8910,0.031
8920,0.028
8930,0.024
8940,0.032
8950,0.024
8960,0.030
8970,0.030
8980,0.032
8990,0.035
9000,0.031
9010,0.034
9020,0.032
9030,0.031
9040,0.034
9050,0.034
9060,0.037
9070,0.038
9080,0.032
9090,0.041
9100,0.032
9110,0.034
9120,0.034
9130,0.031
9140,0.035
9150,0.034
9160,0.038
9170,0.038
9180,0.041
9190,0.039
9200,0.039
9210,0.039
9220,0.037
9230,0.038
9240,0.038
9250,0.034
9260,0.039
9270,0.042
9280,0.043
9290,0.023
9300,0.032
9310,0.035
9320,0.028
9330,0.026
9340,0.031
9350,0.032
9360,0.028
9370,0.031
9380,0.031
9390,0.028
9400,0.035
9410,0.038
9420,0.032
9430,0.032
9440,0.028
9450,0.030
9460,0.026
9470,0.026
9480,0.023
9490,0.031
9500,0.027
9510,0.027
9520,0.030
9530,0.043
9540,0.032
9550,0.031
9560,0.027
9570,0.034
9580,0.037
9590,0.035
9600,0.042
9610,0.028
9620,0.035
9630,0.032
9640,0.031
9650,0.031
9660,0.035
9670,0.028
9680,0.032
9690,0.034
9700,0.034
9710,0.032
9720,0.030
9730,0.030
9740,0.038
9750,0.034
9760,0.035
9770,0.038
9780,0.035
9790,0.028
9800,0.031
9810,0.027
9820,0.035
9830,0.034
9840,0.038
9850,0.031
9860,0.032
9870,0.034
9880,0.031
9890,0.028
9900,0.032
9910,0.023
9920,0.038
9930,0.042
9940,0.028
9950,0.032
9960,0.031
9970,0.034
9980,0.034
9990,0.031
10000,0.027
10010,0.038
10020,0.039
10030,0.030
10040,0.032
10050,0.042
10060,0.034
10070,0.045
10080,0.037
10090,0.032
10100,0.038
10110,0.032
10120,0.024
10130,0.032
10140,0.037
10150,0.038
10160,0.039
10170,0.035
10180,0.027
10190,0.031
10200,0.027
10210,0.035
10220,0.018
10230,0.030
10240,0.028
10250,0.031
10260,0.035
10270,0.035
10280,0.038
10290,0.031
10300,0.028
10310,0.019
10320,0.035
10330,0.041
10340,0.031
10350,0.047
10360,0.050
10370,0.041
10380,0.041
10390,0.030
10400,0.034
10410,0.035
10420,0.027
10430,0.028
10440,0.023
10450,0.027
10460,0.027
10470,0.028
10480,0.031
10490,0.027
10500,0.039
10510,0.037
10520,0.041
10530,0.037
10540,0.028
10550,0.024
10560,0.031
10570,0.032
10580,0.030
10590,0.032
10600,0.022
10610,0.028
10620,0.024
10630,0.027
10640,0.042
10650,0.042
10660,0.035
10670,0.043
10680,0.039
10690,0.037
10700,0.028
10710,0.041
10720,0.047
10730,0.032
10740,0.042
10750,0.043
10760,0.042
10770,0.050
10780,0.049
10790,0.045
10800,0.049
10810,0.053
10820,0.055
10830,0.051
10840,0.050
10850,0.047
10860,0.047
10870,0.043
10880,0.039
10890,0.042
10900,0.043
10910,0.041
10920,0.047
10930,0.035
10940,0.042
10950,0.054
10960,0.050
10970,0.053
10980,0.049
10990,0.038
11000,0.047
11010,0.050
11020,0.043
11030,0.039
11040,0.045
11050,0.045
11060,0.038
11070,0.038
11080,0.034
11090,0.035
11100,0.035
11110,0.045
11120,0.047
11130,0.045
11140,0.034
11150,0.037
11160,0.047
11170,0.042
11180,0.043
11190,0.055
11200,0.046
11210,0.055
11220,0.055
11230,0.064
11240,0.051
11250,0.058
11260,0.057
11270,0.055
11280,0.047
11290,0.062
11300,0.061
11310,0.058
11320,0.043
11330,0.057
11340,0.058
11350,0.038
11360,0.047
11370,0.038
11380,0.050
11390,0.050
11400,0.043
11410,0.041
11420,0.042
11430,0.039
11440,0.035
11450,0.037
11460,0.038
11470,0.038
11480,0.028
11490,0.031
11500,0.041
11510,0.041
11520,0.039
11530,0.042
11540,0.043
11550,0.031
11560,0.045
11570,0.038
11580,0.042
11590,0.045
11600,0.035
11610,0.039
11620,0.037
11630,0.039
11640,0.042
11650,0.046
11660,0.054
11670,0.043
11680,0.045
11690,0.043
11700,0.049
11710,0.055
11720,0.043
11730,0.050
11740,0.045
11750,0.046
11760,0.042
11770,0.049
11780,0.043
11790,0.041
11800,0.043
11810,0.047
11820,0.043
11830,0.043
11840,0.049
11850,0.046
11860,0.045
11870,0.053
11880,0.050
11890,0.045
11900,0.050
11910,0.035
11920,0.051
11930,0.050
11940,0.043
11950,0.047
11960,0.060
11970,0.047
11980,0.051
11990,0.050
12000,0.049
12010,0.050
12020,0.049
12030,0.051
12040,0.054
12050,0.054
12060,0.061
12070,0.061
12080,0.042
12090,0.046
12100,0.058
12110,0.051
12120,0.046
12130,0.047
12140,0.039
12150,0.049
12160,0.053
12170,0.047
12180,0.041
12190,0.047
12200,0.046
12210,0.047
12220,0.043
12230,0.053
12240,0.050
12250,0.051
12260,0.054
12270,0.053
12280,0.051
12290,0.058
12300,0.050
12310,0.053
12320,0.042
12330,0.045
12340,0.055
12350,0.041
12360,0.047
12370,0.049
12380,0.050
12390,0.047
12400,0.049
12410,0.045
12420,0.045
12430,0.047
12440,0.045
12450,0.037
12460,0.038
12470,0.051
12480,0.041
12490,0.049
12500,0.037
12510,0.047
12520,0.042
12530,0.049
12540,0.043
12550,0.054
12560,0.038
12570,0.043
12580,0.038
12590,0.057
12600,0.047
12610,0.054
12620,0.049
12630,0.046
12640,0.037
12650,0.037
12660,0.043
12670,0.041
12680,0.028
12690,0.028
12700,0.034
12710,0.034
12720,0.031
12730,0.031
12740,0.028
12750,0.032
12760,0.042
12770,0.037
12780,0.039
12790,0.045
12800,0.041
12810,0.037
12820,0.039
12830,0.038
12840,0.037
12850,0.045
12860,0.038
12870,0.035
12880,0.058
12890,0.045
12900,0.046
12910,0.038
12920,0.041
12930,0.041
12940,0.042
12950,0.034
12960,0.041
12970,0.045
12980,0.046
12990,0.045
13000,0.043
13010,0.050
13020,0.045
13030,0.041
13040,0.053
13050,0.041
13060,0.038
13070,0.037
13080,0.031
13090,0.034
13100,0.037
13110,0.030
13120,0.035
13130,0.038
13140,0.031
13150,0.039
13160,0.041
13170,0.038
13180,0.028
13190,0.034
13200,0.038
13210,0.028
13220,0.031
13230,0.028
13240,0.037
13250,0.028
13260,0.032
13270,0.037
13280,0.031
13290,0.024
13300,0.028
13310,0.023
13320,0.024
13330,0.035
13340,0.041
13350,0.050
13360,0.042
13370,0.035
13380,0.030
13390,0.024
13400,0.034
13410,0.026
13420,0.038
13430,0.038
13440,0.019
13450,0.027
13460,0.031
13470,0.038
13480,0.037
13490,0.034
13500,0.020
13510,0.035
13520,0.016
13530,0.018
13540,0.018
13550,0.018
13560,0.020
13570,0.020
13580,0.019
13590,0.016
13600,0.023
13610,0.014
13620,0.020
13630,0.023
13640,0.027
13650,0.030
13660,0.020
13670,0.024
13680,0.027
13690,0.024
13700,0.018
13710,0.024
13720,0.024
13730,0.023
13740,0.037
13750,0.034
13760,0.034
13770,0.032
13780,0.034
13790,0.045
13800,0.034
13810,0.032
13820,0.035
13830,0.038
13840,0.039
13850,0.050
13860,0.051
13870,0.041
13880,0.039
13890,0.038
13900,0.046
13910,0.041
13920,0.034
13930,0.041
13940,0.042
13950,0.030
13960,0.026
13970,0.032
13980,0.022
13990,0.027
14000,0.034
14010,0.030
14020,0.030
14030,0.027
14040,0.022
14050,0.028
14060,0.024
14070,0.026
14080,0.039
14090,0.039
14100,0.041
14110,0.031
14120,0.038
14130,0.026
14140,0.027
14150,0.034
14160,0.024
14170,0.031
14180,0.035
14190,0.038
14200,0.043
14210,0.038
14220,0.045
14230,0.037
14240,0.035
14250,0.041
14260,0.041
14270,0.042
14280,0.046
14290,0.049
14300,0.046
14310,0.042
14320,0.045
14330,0.055
14340,0.053
14350,0.046
14360,0.038
14370,0.039
14380,0.050
14390,0.042
14400,0.045
14410,0.030
14420,0.030
14430,0.035
14440,0.037
14450,0.039
14460,0.039
14470,0.034
14480,0.039
14490,0.034
14500,0.041
14510,0.038
14520,0.031
14530,0.034
14540,0.042
14550,0.046
14560,0.037
14570,0.041
14580,0.041
14590,0.031
14600,0.043
14610,0.039
14620,0.031
14630,0.030
14640,0.041
14650,0.035
14660,0.042
14670,0.038
14680,0.032
14690,0.038
14700,0.035
14710,0.046
14720,0.032
14730,0.042
14740,0.035
14750,0.028
14760,0.039
14770,0.030
14780,0.035
14790,0.038
14800,0.041
14810,0.046
14820,0.042
14830,0.045
14840,0.043
14850,0.051
14860,0.042
14870,0.038
14880,0.035
14890,0.045
14900,0.042
14910,0.035
14920,0.035
14930,0.034
14940,0.024
14950,0.031
14960,0.041
14970,0.041
14980,0.037
14990,0.028
15000,0.028
15010,0.030
15020,0.028
15030,0.028
15040,0.027
15050,0.026
15060,0.034
15070,0.041
15080,0.034
15090,0.028
15100,0.037
15110,0.038
15120,0.039
15130,0.038
15140,0.045
15150,0.034
15160,0.038
15170,0.034
15180,0.035
15190,0.043
15200,0.043
15210,0.042
15220,0.034
15230,0.034
15240,0.037
15250,0.043
15260,0.054
15270,0.035
15280,0.042
15290,0.043
15300,0.035
15310,0.030
15320,0.039
15330,0.046
15340,0.038
15350,0.039
15360,0.027
15370,0.039
15380,0.042
15390,0.045
15400,0.047
15410,0.045
15420,0.034
15430,0.023
15440,0.032
15450,0.034
15460,0.027
15470,0.024
15480,0.030
15490,0.034
15500,0.035
15510,0.034
15520,0.027
15530,0.024
15540,0.026
15550,0.030
15560,0.023
15570,0.024
15580,0.031
15590,0.031
15600,0.034
15610,0.031
15620,0.026
15630,0.031
15640,0.037
15650,0.032
15660,0.031
15670,0.024
15680,0.037
15690,0.034
15700,0.031
15710,0.035
15720,0.038
15730,0.038
15740,0.037
15750,0.031
15760,0.038
15770,0.034
15780,0.032
15790,0.030
15800,0.031
15810,0.034
15820,0.028
15830,0.028
15840,0.028
15850,0.024
15860,0.027
15870,0.022
15880,0.032
15890,0.028
15900,0.024
15910,0.026
15920,0.026
15930,0.023
15940,0.024
15950,0.018
15960,0.020
15970,0.023
15980,0.018
15990,0.027
16000,0.041
16010,0.032
16020,0.027
16030,0.035
16040,0.039
16050,0.046
16060,0.043
16070,0.038
16080,0.039
16090,0.050
16100,0.038
16110,0.038
16120,0.042
16130,0.041
16140,0.037
16150,0.041
16160,0.039
16170,0.053
16180,0.045
16190,0.037
16200,0.039
16210,0.031
16220,0.035
16230,0.037
16240,0.026
16250,0.030
16260,0.041
16270,0.049
16280,0.043
16290,0.035
16300,0.035
16310,0.034
16320,0.030
16330,0.041
16340,0.049
16350,0.047
16360,0.049
16370,0.037
16380,0.031
16390,0.042
16400,0.039
16410,0.028
16420,0.022
16430,0.023
16440,0.028
16450,0.031
16460,0.035
16470,0.041
16480,0.032
16490,0.027
16500,0.030
16510,0.035
16520,0.026
16530,0.038
16540,0.022
16550,0.027
16560,0.028
16570,0.023
16580,0.026
16590,0.026
16600,0.032
16610,0.035
16620,0.027
16630,0.027
16640,0.031
16650,0.032
16660,0.037
16670,0.032
16680,0.030
16690,0.030
16700,0.023
16710,0.023
16720,0.031
16730,0.020
16740,0.026
16750,0.031
16760,0.030
16770,0.028
16780,0.023
16790,0.022
16800,0.023
16810,0.022
16820,0.020
16830,0.027
16840,0.028
16850,0.022
16860,0.031
16870,0.030
16880,0.031
16890,0.028
16900,0.028
16910,0.023
16920,0.024
16930,0.026
16940,0.027
16950,0.035
16960,0.037
16970,0.034
16980,0.023
16990,0.027
17000,0.024
17010,0.024
17020,0.024
17030,0.027
17040,0.026
17050,0.030
17060,0.030
17070,0.023
17080,0.037
17090,0.038
17100,0.032
17110,0.037
17120,0.037
17130,0.034
17140,0.043
17150,0.046
17160,0.037
17170,0.039
17180,0.034
17190,0.031
17200,0.039
17210,0.038
17220,0.034
17230,0.035
17240,0.030
17250,0.027
17260,0.031
17270,0.028
17280,0.028
17290,0.026
17300,0.024
17310,0.026
17320,0.024
17330,0.024
17340,0.019
17350,0.026
17360,0.026
17370,0.035
17380,0.034
17390,0.030
17400,0.024
17410,0.027
17420,0.030
17430,0.026
17440,0.023
17450,0.026
17460,0.030
17470,0.014
17480,0.018
17490,0.020
17500,0.023
17510,0.019
17520,0.024
17530,0.027
17540,0.031
17550,0.031
17560,0.034
17570,0.038
17580,0.027
17590,0.034
17600,0.027
17610,0.028
17620,0.028
17630,0.022
17640,0.028
17650,0.026
17660,0.030
17670,0.027
17680,0.034
17690,0.020
17700,0.020
17710,0.023
17720,0.024
17730,0.030
17740,0.024
17750,0.035
17760,0.034
17770,0.035
17780,0.026
17790,0.031
17800,0.028
17810,0.024
17820,0.030
17830,0.023
17840,0.032
17850,0.037
17860,0.032
17870,0.032
17880,0.045
17890,0.039
17900,0.026
17910,0.016
17920,0.023
17930,0.027
17940,0.027
17950,0.024
17960,0.024
17970,0.030
17980,0.026
17990,0.027
18000,0.034
18010,0.028
18020,0.027
18030,0.031
18040,0.035
18050,0.046
18060,0.035
18070,0.026
18080,0.024
18090,0.030
18100,0.034
18110,0.026
18120,0.031
18130,0.032
18140,0.024
18150,0.028
18160,0.030
18170,0.027
18180,0.028
18190,0.032
18200,0.032
18210,0.038
18220,0.037
18230,0.043
18240,0.039
18250,0.045
18260,0.045
18270,0.038
18280,0.034
18290,0.037
18300,0.041
18310,0.042
18320,0.050
18330,0.046
18340,0.037
18350,0.038
18360,0.050
18370,0.051
18380,0.037
18390,0.038
18400,0.023
18410,0.023
18420,0.018
18430,0.026
18440,0.031
18450,0.028
18460,0.026
18470,0.027
18480,0.023
18490,0.022
18500,0.020
18510,0.024
18520,0.023
18530,0.037
18540,0.035
18550,0.028
18560,0.030
18570,0.030
18580,0.024
18590,0.031
18600,0.030
18610,0.019
18620,0.026
18630,0.030
18640,0.034
18650,0.027
18660,0.028
18670,0.032
18680,0.023
18690,0.023
18700,0.024
18710,0.028
18720,0.028
18730,0.031
18740,0.026
18750,0.037
18760,0.028
18770,0.032
18780,0.031
18790,0.030
18800,0.030
18810,0.038
18820,0.041
18830,0.028
18840,0.030
18850,0.032
18860,0.038
18870,0.046
18880,0.038
18890,0.046
18900,0.053
18910,0.047
18920,0.041
18930,0.035
18940,0.039
18950,0.031
18960,0.034
18970,0.034
18980,0.035
18990,0.038
19000,0.031
19010,0.030
19020,0.045
19030,0.035
19040,0.028
19050,0.028
19060,0.032
19070,0.023
19080,0.026
19090,0.027
19100,0.019
19110,0.022
19120,0.024
19130,0.023
19140,0.027
19150,0.032
19160,0.027
19170,0.024
19180,0.028
19190,0.031
19200,0.028
19210,0.031
19220,0.030
19230,0.032
19240,0.043
19250,0.047
19260,0.041
19270,0.050
19280,0.045
19290,0.031
19300,0.037
19310,0.032
19320,0.035
19330,0.031
19340,0.026
19350,0.020
19360,0.027
19370,0.030
19380,0.026
19390,0.024
19400,0.032
19410,0.039
19420,0.031
19430,0.041
19440,0.032
19450,0.027
19460,0.030
19470,0.032
19480,0.030
19490,0.039
19500,0.046
19510,0.042
19520,0.046
19530,0.042
19540,0.041
19550,0.042
19560,0.039
19570,0.041
19580,0.042
19590,0.038
19600,0.027
19610,0.035
19620,0.032
19630,0.028
19640,0.035
19650,0.037
19660,0.043
19670,0.034
19680,0.037
19690,0.039
19700,0.028
19710,0.037
19720,0.023
19730,0.031
19740,0.039
19750,0.043
19760,0.046
19770,0.038
19780,0.038
19790,0.047
19800,0.035
19810,0.035
19820,0.038
19830,0.032
19840,0.038
19850,0.049
19860,0.047
19870,0.053
19880,0.054
19890,0.039
19900,0.051
19910,0.035
19920,0.045
19930,0.046
19940,0.050
19950,0.046
19960,0.046
19970,0.049
19980,0.054
19990,0.045
20000,0.041
