# time, fQ
0,0.704
10,0.571
20,0.587
30,0.594
40,0.597
50,0.590
60,0.574
70,0.562
80,0.558
90,0.568
100,0.547
110,0.590
120,0.581
130,0.591
140,0.593
150,0.589
160,0.559
170,0.575
180,0.547
190,0.536
200,0.547
210,0.517
220,0.528
230,0.528
240,0.543
250,0.507
260,0.525
270,0.514
280,0.524
290,0.541
300,0.512
310,0.524
320,0.512
330,0.510
340,0.497
350,0.513
360,0.512
370,0.510
380,0.524
390,0.517
400,0.536
410,0.499
420,0.509
430,0.495
440,0.514
450,0.487
460,0.482
470,0.499
480,0.482
490,0.505
500,0.490
510,0.483
520,0.479
530,0.472
540,0.483
550,0.502
560,0.490
570,0.470
580,0.467
590,0.476
600,0.497
610,0.488
620,0.484
630,0.490
640,0.482
650,0.493
660,0.483
670,0.478
680,0.472
690,0.483
700,0.476
710,0.474
720,0.459
730,0.475
740,0.461
750,0.484
760,0.480
770,0.472
780,0.455
790,0.430
800,0.430
810,0.437
820,0.433
830,0.445
840,0.436
850,0.437
860,0.428
870,0.457
880,0.461
890,0.441
900,0.433
910,0.415
920,0.421
930,0.434
940,0.421
950,0.396
960,0.413
970,0.413
980,0.421
990,0.403
1000,0.410
1010,0.403
1020,0.390
1030,0.382
1040,0.398
1050,0.387
1060,0.388
1070,0.402
1080,0.382
1090,0.375
1100,0.387
1110,0.369
1120,0.395
1130,0.364
1140,0.402
1150,0.403
1160,0.403
1170,0.403
1180,0.386
1190,0.394
1200,0.414
1210,0.394
1220,0.405
1230,0.419
1240,0.405
1250,0.395
1260,0.403
1270,0.411
1280,0.403
1290,0.387
1300,0.372
1310,0.415
1320,0.426
1330,0.441
1340,0.421
1350,0.422
1360,0.410
1370,0.407
1380,0.394
1390,0.380
1400,0.401
1410,0.391
1420,0.383
1430,0.388
1440,0.380
1450,0.390
1460,0.394
1470,0.384
1480,0.410
1490,0.413
1500,0.386
1510,0.391
1520,0.388
1530,0.392
1540,0.396
1550,0.418
1560,0.417
1570,0.413
1580,0.402
1590,0.406
1600,0.405
1610,0.410
1620,0.403
1630,0.422
1640,0.413
1650,0.395
1660,0.395
1670,0.398
1680,0.405
1690,0.369
1700,0.376
1710,0.380
1720,0.398
1730,0.386
1740,0.384
1750,0.382
1760,0.382
1770,0.372
1780,0.367
1790,0.384
1800,0.371
1810,0.379
1820,0.373
1830,0.364
1840,0.376
1850,0.375
1860,0.361
1870,0.388
1880,0.373
1890,0.368
1900,0.369
1910,0.391
1920,0.369
1930,0.375
1940,0.368
1950,0.375
1960,0.371
1970,0.378
1980,0.383
1990,0.364
2000,0.350
2010,0.344
2020,0.359
2030,0.350
2040,0.342
2050,0.359
2060,0.334
2070,0.330
2080,0.304
2090,0.314
2100,0.329
2110,0.341
2120,0.319
2130,0.336
2140,0.359
2150,0.338
2160,0.357
2170,0.353
2180,0.341
2190,0.338
2200,0.345
2210,0.359
2220,0.345
2230,0.357
2240,0.365
2250,0.363
2260,0.345
2270,0.349
2280,0.353
2290,0.356
2300,0.363
2310,0.352
2320,0.345
2330,0.340
2340,0.326
2350,0.333
2360,0.329
2370,0.321
2380,0.326
2390,0.325
2400,0.298
2410,0.322
2420,0.311
2430,0.307
2440,0.327
2450,0.325
2460,0.323
2470,0.342
2480,0.330
2490,0.315
2500,0.306
2510,0.322
2520,0.323
2530,0.314
2540,0.307
2550,0.302
2560,0.319
2570,0.314
2580,0.334
2590,0.327
2600,0.319
2610,0.306
2620,0.315
2630,0.307
2640,0.303
2650,0.318
2660,0.326
2670,0.337
2680,0.326
2690,0.315
2700,0.313
2710,0.311
2720,0.300
2730,0.295
2740,0.313
2750,0.309
2760,0.303
2770,0.311
2780,0.292
2790,0.304
2800,0.295
2810,0.287
2820,0.296
2830,0.294
2840,0.302
2850,0.319
2860,0.306
2870,0.317
2880,0.306
2890,0.318
2900,0.326
2910,0.327
2920,0.309
2930,0.319
2940,0.311
2950,0.304
2960,0.311
2970,0.294
2980,0.317
2990,0.329
3000,0.340
3010,0.327
3020,0.302
3030,0.321
3040,0.337
3050,0.323
3060,0.310
3070,0.318
3080,0.298
3090,0.307
3100,0.299
3110,0.292
3120,0.319
3130,0.318
3140,0.307
3150,0.296
3160,0.319
3170,0.304
3180,0.317
3190,0.314
3200,0.299
3210,0.318
3220,0.329
3230,0.317
3240,0.311
3250,0.304
3260,0.300
3270,0.309
3280,0.311
3290,0.311
3300,0.329
3310,0.321
3320,0.338
3330,0.327
3340,0.325
3350,0.340
3360,0.344
3370,0.327
3380,0.340
3390,0.350
3400,0.306
3410,0.313
3420,0.296
3430,0.302
3440,0.292
3450,0.296
3460,0.275
3470,0.292
3480,0.294
3490,0.294
3500,0.288
3510,0.275
3520,0.288
3530,0.287
3540,0.283
3550,0.290
3560,0.279
3570,0.272
3580,0.283
3590,0.269
3600,0.265
3610,0.279
3620,0.268
3630,0.264
3640,0.268
3650,0.264
3660,0.268
3670,0.263
3680,0.264
3690,0.273
3700,0.284
3710,0.283
3720,0.271
3730,0.258
3740,0.257
3750,0.249
3760,0.261
3770,0.272
3780,0.256
3790,0.256
3800,0.246
3810,0.230
3820,0.218
3830,0.231
3840,0.229
3850,0.256
3860,0.246
3870,0.250
3880,0.252
3890,0.245
3900,0.256
3910,0.265
3920,0.245
3930,0.245
3940,0.248
3950,0.264
3960,0.275
3970,0.249
3980,0.280
3990,0.254
4000,0.272
4010,0.279
4020,0.265
4030,0.254
4040,0.273
4050,0.257
4060,0.265
4070,0.277
4080,0.268
4090,0.275
4100,0.261
4110,0.264
4120,0.261
4130,0.260
4140,0.245
4150,0.246
4160,0.244
4170,0.233
4180,0.214
4190,0.217
4200,0.234
4210,0.234
4220,0.240
4230,0.237
4240,0.246
4250,0.246
4260,0.241
4270,0.222
4280,0.238
4290,0.221
4300,0.225
4310,0.231
4320,0.238
4330,0.231
4340,0.227
4350,0.227
4360,0.217
4370,0.225
4380,0.235
4390,0.211
4400,0.230
4410,0.218
4420,0.226
4430,0.226
4440,0.231
4450,0.229
4460,0.234
4470,0.233
4480,0.238
4490,0.210
4500,0.227
4510,0.238
4520,0.222
4530,0.217
4540,0.212
4550,0.218
4560,0.240
4570,0.208
4580,0.222
4590,0.206
4600,0.221
4610,0.191
4620,0.221
4630,0.207
4640,0.219
4650,0.200
4660,0.218
4670,0.218
4680,0.231
4690,0.246
4700,0.252
4710,0.248
4720,0.233
4730,0.238
4740,0.226
4750,0.214
4760,0.212
4770,0.221
4780,0.212
4790,0.204
4800,0.208
4810,0.214
4820,0.230
4830,0.221
4840,0.217
4850,0.227
4860,0.229
4870,0.229
4880,0.234
4890,0.231
4900,0.227
4910,0.217
4920,0.230
4930,0.211
4940,0.202
4950,0.212
4960,0.211
4970,0.212
4980,0.210
4990,0.207
5000,0.207
5010,0.215
5020,0.217
5030,0.212
5040,0.227
5050,0.217
5060,0.217
5070,0.217
5080,0.221
5090,0.218
5100,0.218
5110,0.217
5120,0.204
5130,0.221
5140,0.221
5150,0.221
5160,0.208
5170,0.204
5180,0.212
5190,0.208
5200,0.219
5210,0.210
5220,0.195
5230,0.208
5240,0.210
5250,0.208
5260,0.207
5270,0.195
5280,0.179
5290,0.180
5300,0.169
5310,0.168
5320,0.176
5330,0.166
5340,0.166
5350,0.166
5360,0.168
5370,0.177
5380,0.169
5390,0.177
5400,0.162
5410,0.160
5420,0.162
5430,0.156
5440,0.143
5450,0.133
5460,0.135
5470,0.147
5480,0.119
5490,0.137
5500,0.127
5510,0.137
5520,0.130
5530,0.131
5540,0.127
5550,0.112
5560,0.138
5570,0.137
5580,0.116
5590,0.119
5600,0.112
5610,0.101
5620,0.122
5630,0.112
5640,0.118
5650,0.111
5660,0.110
5670,0.106
5680,0.100
5690,0.116
5700,0.120
5710,0.115
5720,0.127
5730,0.122
5740,0.124
5750,0.114
5760,0.108
5770,0.112
5780,0.111
5790,0.103
5800,0.116
5810,0.111
5820,0.124
5830,0.119
5840,0.122
5850,0.112
5860,0.123
5870,0.122
5880,0.127
5890,0.126
5900,0.112
5910,0.112
5920,0.122
5930,0.122
5940,0.119
5950,0.112
5960,0.110
5970,0.118
5980,0.126
5990,0.107
6000,0.119
6010,0.097
6020,0.095
6030,0.100
6040,0.106
6050,0.106
6060,0.119
6070,0.092
6080,0.088
6090,0.092
6100,0.097
6110,0.095
6120,0.085
6130,0.078
6140,0.074
6150,0.080
6160,0.089
6170,0.078
6180,0.073
6190,0.081
6200,0.084
6210,0.073
6220,0.074
6230,0.068
6240,0.072
6250,0.062
6260,0.065
6270,0.065
6280,0.061
6290,0.068
6300,0.064
6310,0.062
6320,0.073
6330,0.060
6340,0.077
6350,0.076
6360,0.065
6370,0.076
6380,0.074
6390,0.078
6400,0.083
6410,0.077
6420,0.077
6430,0.084
6440,0.076
6450,0.074
6460,0.074
6470,0.065
6480,0.065
6490,0.074
6500,0.080
6510,0.074
6520,0.087
6530,0.084
6540,0.069
6550,0.066
6560,0.077
6570,0.070
6580,0.069
6590,0.060
6600,0.060
6610,0.058
6620,0.070
6630,0.064
6640,0.051
6650,0.050
6660,0.065
6670,0.070
6680,0.061
6690,0.064
6700,0.083
6710,0.076
6720,0.076
6730,0.089
6740,0.072
6750,0.076
6760,0.078
6770,0.083
6780,0.074
6790,0.077
6800,0.073
6810,0.080
6820,0.058
6830,0.074
6840,0.081
6850,0.089
6860,0.088
6870,0.085
6880,0.097
6890,0.093
6900,0.091
6910,0.074
6920,0.077
6930,0.069
6940,0.062
6950,0.066
6960,0.070
6970,0.064
6980,0.066
6990,0.068
7000,0.068
7010,0.060
7020,0.057
7030,0.078
7040,0.070
7050,0.073
7060,0.073
7070,0.065
7080,0.068
7090,0.080
7100,0.068
7110,0.061
7120,0.065
7130,0.068
7140,0.073
7150,0.070
7160,0.074
7170,0.069
7180,0.064
7190,0.070
7200,0.061
7210,0.058
7220,0.060
7230,0.054
7240,0.069
7250,0.077
7260,0.085
7270,0.078
7280,0.081
7290,0.073
7300,0.076
7310,0.066
7320,0.068
7330,0.077
7340,0.070
7350,0.068
7360,0.057
7370,0.047
7380,0.055
7390,0.065
7400,0.051
7410,0.055
7420,0.054
7430,0.054
7440,0.053
7450,0.062
7460,0.050
7470,0.045
7480,0.042
7490,0.061
7500,0.038
7510,0.054
7520,0.055
7530,0.041
7540,0.042
7550,0.034
7560,0.035
7570,0.030
7580,0.037
7590,0.038
7600,0.037
7610,0.030
7620,0.045
7630,0.041
7640,0.041
7650,0.050
7660,0.047
7670,0.046
7680,0.046
7690,0.050
7700,0.047
7710,0.046
7720,0.047
7730,0.053
7740,0.049
7750,0.047
7760,0.049
7770,0.055
7780,0.054
7790,0.060
7800,0.062
7810,0.064
7820,0.064
7830,0.053
7840,0.057
7850,0.038
7860,0.051
7870,0.057
7880,0.046
7890,0.049
7900,0.050
7910,0.049
7920,0.046
7930,0.037
7940,0.050
7950,0.037
7960,0.041
7970,0.041
7980,0.045
7990,0.043
8000,0.042
8010,0.049
8020,0.047
8030,0.045
8040,0.039
8050,0.049
8060,0.045
8070,0.047
8080,0.042
8090,0.037
8100,0.047
8110,0.045
8120,0.039
8130,0.035
8140,0.042
8150,0.047
8160,0.053
8170,0.051
8180,0.046
8190,0.035
8200,0.041
8210,0.047
8220,0.046
8230,0.038
8240,0.037
8250,0.039
8260,0.035
8270,0.032
8280,0.034
8290,0.039
8300,0.039
8310,0.034
8320,0.047
8330,0.046
8340,0.041
8350,0.035
8360,0.039
8370,0.031
8380,0.039
8390,0.042
8400,0.027
8410,0.038
8420,0.030
8430,0.034
8440,0.043
8450,0.041
8460,0.051
8470,0.035
8480,0.041
8490,0.045
8500,0.047
8510,0.050
8520,0.053
8530,0.051
8540,0.045
8550,0.053
8560,0.047
8570,0.043
8580,0.038
8590,0.037
8600,0.042
8610,0.041
8620,0.042
8630,0.034
8640,0.042
8650,0.046
8660,0.053
8670,0.032
8680,0.034
8690,0.038
8700,0.030
8710,0.037
8720,0.034
8730,0.049
8740,0.042
8750,0.049
8760,0.051
8770,0.039
8780,0.046
8790,0.049
8800,0.057
8810,0.061
8820,0.055
8830,0.061
8840,0.058
8850,0.054
8860,0.064
8870,0.050
8880,0.058
8890,0.057
8900,0.047
8910,0.045
8920,0.037
8930,0.045
8940,0.050
8950,0.054
8960,0.045
8970,0.042
8980,0.037
8990,0.042
9000,0.042
9010,0.039
9020,0.042
9030,0.053
9040,0.049
9050,0.043
9060,0.039
9070,0.050
9080,0.049
9090,0.051
9100,0.049
9110,0.043
9120,0.046
9130,0.055
9140,0.049
9150,0.046
9160,0.038
9170,0.041
9180,0.041
9190,0.041
9200,0.047
9210,0.049
9220,0.041
9230,0.038
9240,0.051
9250,0.051
9260,0.047
9270,0.047
9280,0.042
9290,0.031
9300,0.055
9310,0.060
9320,0.055
9330,0.037
9340,0.045
9350,0.047
9360,0.058
9370,0.045
9380,0.054
9390,0.051
9400,0.054
9410,0.045
9420,0.051
9430,0.049
9440,0.053
9450,0.050
9460,0.054
9470,0.047
9480,0.050
9490,0.051
9500,0.060
9510,0.043
9520,0.053
9530,0.053
9540,0.054
9550,0.057
9560,0.058
9570,0.062
9580,0.068
9590,0.062
9600,0.057
9610,0.061
9620,0.077
9630,0.073
9640,0.072
9650,0.064
9660,0.066
9670,0.070
9680,0.058
9690,0.065
9700,0.064
9710,0.060
9720,0.060
9730,0.055
9740,0.057
9750,0.057
9760,0.061
9770,0.061
9780,0.061
9790,0.069
9800,0.073
9810,0.069
9820,0.061
9830,0.066
9840,0.078
9850,0.077
9860,0.074
9870,0.074
9880,0.070
9890,0.077
9900,0.083
9910,0.074
9920,0.074
9930,0.077
9940,0.077
9950,0.081
9960,0.069
9970,0.084
9980,0.072
9990,0.068
10000,0.062
10010,0.060
10020,0.054
10030,0.069
10040,0.061
10050,0.046
10060,0.051
10070,0.064
10080,0.061
10090,0.058
10100,0.062
10110,0.051
10120,0.055
10130,0.055
10140,0.053
10150,0.053
10160,0.045
10170,0.043
10180,0.043
10190,0.037
10200,0.035
10210,0.038
10220,0.035
10230,0.032
10240,0.032
10250,0.028
10260,0.034
10270,0.024
10280,0.026
10290,0.026
10300,0.027
10310,0.027
10320,0.026
10330,0.034
10340,0.020
10350,0.024
10360,0.035
10370,0.031
10380,0.039
10390,0.027
10400,0.035
10410,0.031
10420,0.035
10430,0.032
10440,0.035
10450,0.037
10460,0.042
10470,0.035
10480,0.037
10490,0.030
10500,0.027
10510,0.028
10520,0.039
10530,0.042
10540,0.031
10550,0.039
10560,0.035
10570,0.041
10580,0.037
10590,0.037
10600,0.046
10610,0.034
10620,0.027
10630,0.027
10640,0.031
10650,0.019
10660,0.028
10670,0.026
10680,0.032
10690,0.037
10700,0.034
10710,0.034
10720,0.042
10730,0.039
10740,0.045
10750,0.050
10760,0.039
10770,0.039
10780,0.038
10790,0.034
10800,0.038
10810,0.038
10820,0.038
10830,0.034
10840,0.038
10850,0.043
10860,0.046
10870,0.051
10880,0.061
10890,0.054
10900,0.051
10910,0.049
10920,0.050
10930,0.051
10940,0.039
10950,0.043
10960,0.055
10970,0.053
10980,0.061
10990,0.055
11000,0.051
11010,0.054
11020,0.054
11030,0.053
11040,0.046
11050,0.064
11060,0.051
11070,0.038
11080,0.032
11090,0.041
11100,0.041
11110,0.045
11120,0.041
11130,0.053
11140,0.050
11150,0.047
11160,0.041
11170,0.050
11180,0.041
11190,0.037
11200,0.028
11210,0.043
11220,0.022
11230,0.038
11240,0.035
11250,0.037
11260,0.028
11270,0.026
11280,0.042
11290,0.041
11300,0.037
11310,0.034
11320,0.038
11330,0.050
11340,0.041
11350,0.042
11360,0.055
11370,0.042
11380,0.047
11390,0.058
11400,0.051
11410,0.050
11420,0.043
11430,0.026
11440,0.038
11450,0.041
11460,0.039
11470,0.043
11480,0.053
11490,0.054
11500,0.053
11510,0.045
11520,0.046
11530,0.055
11540,0.049
11550,0.050
11560,0.053
11570,0.046
11580,0.050
11590,0.043
11600,0.043
11610,0.046
11620,0.035
11630,0.046
11640,0.039
11650,0.047
11660,0.049
11670,0.041
11680,0.043
11690,0.046
11700,0.045
11710,0.042
11720,0.051
11730,0.046
11740,0.057
11750,0.050
11760,0.058
11770,0.060
11780,0.062
11790,0.055
11800,0.057
11810,0.057
11820,0.068
11830,0.062
11840,0.053
11850,0.049
11860,0.051
11870,0.050
11880,0.057
11890,0.065
11900,0.058
11910,0.061
11920,0.047
11930,0.051
11940,0.051
11950,0.049
11960,0.054
11970,0.047
11980,0.050
11990,0.046
12000,0.051
12010,0.057
12020,0.049
12030,0.046
12040,0.054
12050,0.047
12060,0.053
12070,0.053
12080,0.039
12090,0.037
12100,0.045
12110,0.045
12120,0.042
12130,0.050
12140,0.053
12150,0.053
12160,0.051
12170,0.054
12180,0.068
12190,0.072
12200,0.073
12210,0.050
12220,0.047
12230,0.053
12240,0.053
12250,0.054
12260,0.055
12270,0.057
12280,0.053
12290,0.047
12300,0.030
12310,0.043
12320,0.039
12330,0.037
12340,0.037
12350,0.038
12360,0.032
12370,0.034
12380,0.038
12390,0.034
12400,0.037
12410,0.042
12420,0.037
12430,0.039
12440,0.038
12450,0.031
12460,0.031
12470,0.026
12480,0.031
12490,0.031
12500,0.030
12510,0.032
12520,0.034
12530,0.034
12540,0.028
12550,0.030
12560,0.024
12570,0.026
12580,0.026
12590,0.030
12600,0.031
12610,0.032
12620,0.038
12630,0.042
12640,0.043
12650,0.042
12660,0.038
12670,0.039
12680,0.049
12690,0.043
12700,0.037
12710,0.041
12720,0.041
12730,0.038
12740,0.030
12750,0.028
12760,0.034
12770,0.042
12780,0.049
12790,0.050
12800,0.047
12810,0.051
12820,0.053
12830,0.042
12840,0.051
12850,0.041
12860,0.054
12870,0.061
12880,0.058
12890,0.057
12900,0.047
12910,0.054
12920,0.043
12930,0.041
12940,0.046
12950,0.042
12960,0.051
12970,0.050
12980,0.050
12990,0.055
13000,0.051
13010,0.051
13020,0.054
13030,0.045
13040,0.049
13050,0.047
13060,0.045
13070,0.042
13080,0.045
13090,0.054
13100,0.047
13110,0.054
13120,0.050
13130,0.051
13140,0.045
13150,0.039
13160,0.035
13170,0.046
13180,0.047
13190,0.041
13200,0.038
13210,0.047
13220,0.038
13230,0.051
13240,0.031
13250,0.039
13260,0.045
13270,0.047
13280,0.038
13290,0.045
13300,0.041
13310,0.031
13320,0.045
13330,0.045
13340,0.046
13350,0.043
13360,0.043
13370,0.037
13380,0.042
13390,0.035
13400,0.031
13410,0.032
13420,0.038
13430,0.045
13440,0.049
13450,0.050
13460,0.042
13470,0.054
13480,0.065
13490,0.055
13500,0.065
13510,0.064
13520,0.047
13530,0.060
13540,0.062
13550,0.065
13560,0.065
13570,0.049
13580,0.051
13590,0.046
13600,0.050
13610,0.038
13620,0.045
13630,0.042
13640,0.032
13650,0.030
13660,0.038
13670,0.037
13680,0.037
13690,0.042
13700,0.041
13710,0.043
13720,0.041
13730,0.032
13740,0.030
13750,0.041
13760,0.043
13770,0.041
13780,0.037
13790,0.039
13800,0.043
13810,0.037
13820,0.041
13830,0.049
13840,0.035
13850,0.047
13860,0.042
13870,0.035
13880,0.042
13890,0.037
13900,0.038
13910,0.045
13920,0.041
13930,0.041
13940,0.041
13950,0.042
13960,0.043
13970,0.047
13980,0.050
13990,0.045
14000,0.047
14010,0.047
14020,0.049
14030,0.057
14040,0.054
14050,0.050
14060,0.050
14070,0.049
14080,0.046
14090,0.050
14100,0.057
14110,0.054
14120,0.057
14130,0.047
14140,0.053
14150,0.046
14160,0.050
14170,0.054
14180,0.051
14190,0.054
14200,0.054
14210,0.055
14220,0.058
14230,0.066
14240,0.058
14250,0.060
14260,0.053
14270,0.058
14280,0.062
14290,0.061
14300,0.053
14310,0.050
14320,0.049
14330,0.049
14340,0.054
14350,0.055
14360,0.055
14370,0.064
14380,0.060
14390,0.045
14400,0.065
14410,0.076
14420,0.077
14430,0.061
14440,0.057
14450,0.061
14460,0.065
14470,0.053
14480,0.057
14490,0.054
14500,0.061
14510,0.053
14520,0.043
14530,0.051
14540,0.053
14550,0.051
14560,0.047
14570,0.050
14580,0.051
14590,0.060
14600,0.057
14610,0.060
14620,0.051
14630,0.060
14640,0.046
14650,0.055
14660,0.055
14670,0.046
14680,0.051
14690,0.051
14700,0.046
14710,0.054
14720,0.055
14730,0.046
14740,0.049
14750,0.058
14760,0.058
14770,0.057
14780,0.060
14790,0.051
14800,0.061
14810,0.051
14820,0.053
14830,0.054
14840,0.058
14850,0.049
14860,0.049
14870,0.050
14880,0.045
14890,0.051
14900,0.058
14910,0.042
14920,0.046
14930,0.043
14940,0.045
14950,0.051
14960,0.046
14970,0.042
14980,0.045
14990,0.049
15000,0.042
15010,0.046
15020,0.043
15030,0.042
15040,0.050
15050,0.050
15060,0.050
15070,0.061
15080,0.053
15090,0.046
15100,0.051
15110,0.053
15120,0.057
15130,0.061
15140,0.051
15150,0.055
15160,0.047
15170,0.053
15180,0.037
15190,0.051
15200,0.047
15210,0.047
15220,0.057
15230,0.061
15240,0.055
15250,0.045
15260,0.037
15270,0.043
15280,0.046
15290,0.049
15300,0.042
15310,0.046
15320,0.032
15330,0.038
15340,0.035
15350,0.035
15360,0.034
15370,0.038
15380,0.046
15390,0.046
15400,0.053
15410,0.058
15420,0.061
15430,0.053
15440,0.047
15450,0.053
15460,0.066
15470,0.065
15480,0.070
15490,0.060
15500,0.058
15510,0.060
15520,0.072
15530,0.060
15540,0.053
15550,0.051
15560,0.057
15570,0.051
15580,0.066
15590,0.069
15600,0.070
15610,0.064
15620,0.072
15630,0.060
15640,0.069
15650,0.069
15660,0.065
15670,0.058
15680,0.057
15690,0.061
15700,0.057
15710,0.054
15720,0.057
15730,0.064
15740,0.076
15750,0.069
15760,0.058
15770,0.066
15780,0.055
15790,0.057
15800,0.054
15810,0.053
15820,0.054
15830,0.058
15840,0.064
15850,0.066
15860,0.070
15870,0.070
15880,0.072
15890,0.061
15900,0.055
15910,0.053
15920,0.046
15930,0.047
15940,0.050
15950,0.047
15960,0.055
15970,0.047
15980,0.046
15990,0.050
16000,0.053
16010,0.050
16020,0.061
16030,0.051
16040,0.062
16050,0.060
16060,0.060
16070,0.045
16080,0.049
16090,0.051
16100,0.053
16110,0.061
16120,0.057
16130,0.049
16140,0.049
16150,0.057
16160,0.057
16170,0.055
16180,0.051
16190,0.054
16200,0.050
16210,0.050
16220,0.053
16230,0.043
16240,0.046
16250,0.046
16260,0.053
16270,0.055
16280,0.055
16290,0.049
16300,0.057
16310,0.058
16320,0.049
16330,0.032
16340,0.041
16350,0.032
16360,0.035
16370,0.038
16380,0.045
16390,0.049
16400,0.049
16410,0.053
16420,0.046
16430,0.045
16440,0.039
16450,0.049
16460,0.053
16470,0.050
16480,0.060
16490,0.049
16500,0.046
16510,0.054
16520,0.043
16530,0.035
16540,0.043
16550,0.037
16560,0.039
16570,0.038
16580,0.039
16590,0.045
16600,0.045
16610,0.051
16620,0.051
16630,0.054
16640,0.061
16650,0.054
16660,0.057
16670,0.064
16680,0.054
16690,0.062
16700,0.061
16710,0.058
16720,0.058
16730,0.051
16740,0.054
16750,0.072
16760,0.066
16770,0.054
16780,0.050
16790,0.050
16800,0.061
16810,0.050
16820,0.045
16830,0.042
16840,0.049
16850,0.046
16860,0.053
16870,0.050
16880,0.053
16890,0.047
16900,0.043
16910,0.043
16920,0.041
16930,0.051
16940,0.046
16950,0.050
16960,0.053
16970,0.068
16980,0.050
16990,0.066
17000,0.062
17010,0.057
17020,0.058
17030,0.060
17040,0.055
17050,0.050
17060,0.061
17070,0.057
17080,0.050
17090,0.050
17100,0.061
17110,0.051
17120,0.058
17130,0.053
17140,0.047
17150,0.038
17160,0.046
17170,0.050
17180,0.041
17190,0.038
17200,0.038
17210,0.039
17220,0.041
17230,0.037
17240,0.039
17250,0.038
17260,0.035
17270,0.038
17280,0.042
17290,0.035
17300,0.035
17310,0.042
17320,0.045
17330,0.037
17340,0.041
17350,0.043
17360,0.032
17370,0.035
17380,0.037
17390,0.038
17400,0.043
17410,0.041
17420,0.042
17430,0.037
17440,0.043
17450,0.041
17460,0.039
17470,0.041
17480,0.037
17490,0.035
17500,0.030
17510,0.041
17520,0.035
17530,0.023
17540,0.024
17550,0.032
17560,0.032
17570,0.027
17580,0.031
17590,0.030
17600,0.024
17610,0.028
17620,0.037
17630,0.031
17640,0.043
17650,0.050
17660,0.051
17670,0.038
17680,0.046
17690,0.042
17700,0.038
17710,0.043
17720,0.039
17730,0.032
17740,0.037
17750,0.032
17760,0.027
17770,0.038
17780,0.038
17790,0.041
17800,0.042
17810,0.041
17820,0.043
17830,0.046
17840,0.043
17850,0.045
17860,0.043
17870,0.050
17880,0.057
17890,0.042
17900,0.051
17910,0.051
17920,0.043
17930,0.041
17940,0.039
17950,0.032
17960,0.038
17970,0.042
17980,0.045
17990,0.038
18000,0.038
18010,0.038
18020,0.038
18030,0.035
18040,0.037
18050,0.039
18060,0.034
18070,0.034
18080,0.034
18090,0.032
18100,0.037
18110,0.037
18120,0.039
18130,0.045
18140,0.042
18150,0.049
18160,0.043
18170,0.037
18180,0.031
18190,0.022
18200,0.027
18210,0.034
18220,0.038
18230,0.034
18240,0.028
18250,0.035
18260,0.037
18270,0.035
18280,0.031
18290,0.031
18300,0.030
18310,0.026
18320,0.030
18330,0.038
18340,0.037
18350,0.028
18360,0.035
18370,0.032
18380,0.028
18390,0.027
18400,0.030
18410,0.028
18420,0.026
18430,0.023
18440,0.023
18450,0.022
18460,0.018
18470,0.027
18480,0.022
18490,0.020
18500,0.023
18510,0.026
18520,0.032
18530,0.030
18540,0.039
18550,0.027
18560,0.031
18570,0.041
18580,0.032
18590,0.043
18600,0.038
18610,0.031
18620,0.041
18630,0.035
18640,0.041
18650,0.041
18660,0.042
18670,0.035
18680,0.035
18690,0.027
18700,0.032
18710,0.039
18720,0.038
18730,0.035
18740,0.042
18750,0.043
18760,0.049
18770,0.038
18780,0.046
18790,0.045
18800,0.042
18810,0.039
18820,0.038
18830,0.047
18840,0.038
18850,0.030
18860,0.031
18870,0.046
18880,0.043
18890,0.034
18900,0.030
18910,0.031
18920,0.042
18930,0.042
18940,0.037
18950,0.031
18960,0.035
18970,0.026
18980,0.032
18990,0.041
19000,0.034
19010,0.039
19020,0.043
19030,0.032
19040,0.028
19050,0.031
19060,0.026
19070,0.023
19080,0.020
19090,0.032
19100,0.032
19110,0.034
19120,0.038
19130,0.043
19140,0.031
19150,0.034
19160,0.038
19170,0.030
19180,0.028
19190,0.024
19200,0.032
19210,0.026
19220,0.030
19230,0.024
19240,0.022
19250,0.027
19260,0.023
19270,0.024
19280,0.031
19290,0.024
19300,0.022
19310,0.031
19320,0.027
19330,0.031
19340,0.034
19350,0.031
19360,0.028
19370,0.024
19380,0.027
19390,0.030
19400,0.026
19410,0.022
19420,0.022
19430,0.023
19440,0.028
19450,0.028
19460,0.024
19470,0.028
19480,0.027
19490,0.020
19500,0.027
19510,0.026
19520,0.023
19530,0.018
19540,0.024
19550,0.030
19560,0.026
19570,0.028
19580,0.031
19590,0.028
19600,0.039
19610,0.035
19620,0.050
19630,0.045
19640,0.039
19650,0.032
19660,0.023
19670,0.028
19680,0.019
19690,0.022
19700,0.022
19710,0.030
19720,0.032
19730,0.037
19740,0.038
19750,0.039
19760,0.039
19770,0.037
19780,0.032
19790,0.041
19800,0.034
19810,0.041
19820,0.042
19830,0.054
19840,0.045
19850,0.049
19860,0.039
19870,0.045
19880,0.027
19890,0.041
19900,0.037
19910,0.045
19920,0.046
19930,0.034
19940,0.030
19950,0.034
19960,0.037
19970,0.035
19980,0.023
19990,0.028
20000,0.041
