# time, fQ
0,0.704
10,0.576
20,0.562
30,0.570
40,0.545
50,0.539
60,0.548
70,0.532
80,0.530
90,0.539
100,0.524
110,0.521
120,0.512
130,0.518
140,0.520
150,0.497
160,0.494
170,0.488
180,0.502
190,0.528
200,0.499
210,0.514
220,0.524
230,0.498
240,0.497
250,0.507
260,0.505
270,0.498
280,0.507
290,0.510
300,0.497
310,0.494
320,0.478
330,0.498
340,0.487
350,0.505
360,0.483
370,0.491
380,0.480
390,0.490
400,0.482
410,0.483
420,0.487
430,0.476
440,0.474
450,0.468
460,0.479
470,0.480
480,0.475
490,0.494
500,0.488
510,0.491
520,0.478
530,0.494
540,0.470
550,0.475
560,0.476
570,0.463
580,0.468
590,0.470
600,0.434
610,0.445
620,0.461
630,0.453
640,0.468
650,0.449
660,0.453
670,0.463
680,0.465
690,0.465
700,0.449
710,0.449
720,0.456
730,0.474
740,0.438
750,0.434
760,0.411
770,0.422
780,0.403
790,0.401
800,0.405
810,0.422
820,0.429
830,0.436
840,0.429
850,0.422
860,0.394
870,0.407
880,0.388
890,0.387
900,0.407
910,0.388
920,0.379
930,0.372
940,0.391
950,0.378
960,0.364
970,0.369
980,0.375
990,0.376
1000,0.372
1010,0.375
1020,0.371
1030,0.376
1040,0.368
1050,0.361
1060,0.384
1070,0.368
1080,0.368
1090,0.364
1100,0.392
1110,0.373
1120,0.390
1130,0.387
1140,0.369
1150,0.388
1160,0.375
1170,0.382
1180,0.360
1190,0.356
1200,0.371
1210,0.405
1220,0.387
1230,0.403
1240,0.398
1250,0.394
1260,0.383
1270,0.409
1280,0.414
1290,0.413
1300,0.394
1310,0.402
1320,0.398
1330,0.406
1340,0.384
1350,0.375
1360,0.380
1370,0.384
1380,0.365
1390,0.376
1400,0.372
1410,0.378
1420,0.379
1430,0.378
1440,0.383
1450,0.383
1460,0.392
1470,0.414
1480,0.392
1490,0.365
1500,0.364
1510,0.378
1520,0.386
1530,0.368
1540,0.372
1550,0.360
1560,0.373
1570,0.346
1580,0.353
1590,0.349
1600,0.364
1610,0.361
1620,0.348
1630,0.336
1640,0.336
1650,0.353
1660,0.333
1670,0.340
1680,0.326
1690,0.334
1700,0.326
1710,0.322
1720,0.332
1730,0.322
1740,0.317
1750,0.318
1760,0.321
1770,0.314
1780,0.306
1790,0.304
1800,0.310
1810,0.313
1820,0.317
1830,0.302
1840,0.310
1850,0.298
1860,0.322
1870,0.302
1880,0.303
1890,0.307
1900,0.296
1910,0.287
1920,0.287
1930,0.294
1940,0.288
1950,0.290
1960,0.290
1970,0.290
1980,0.288
1990,0.302
2000,0.295
2010,0.292
2020,0.317
2030,0.319
2040,0.327
2050,0.303
2060,0.292
2070,0.318
2080,0.304
2090,0.294
2100,0.311
2110,0.326
2120,0.323
2130,0.332
2140,0.323
2150,0.338
2160,0.322
2170,0.325
2180,0.330
2190,0.314
2200,0.325
2210,0.313
2220,0.319
2230,0.306
2240,0.325
2250,0.304
2260,0.306
2270,0.310
2280,0.344
2290,0.317
2300,0.317
2310,0.313
2320,0.321
2330,0.309
2340,0.314
2350,0.323
2360,0.314
2370,0.309
2380,0.304
2390,0.318
2400,0.307
2410,0.310
2420,0.298
2430,0.276
2440,0.295
2450,0.309
2460,0.287
2470,0.307
2480,0.309
2490,0.329
2500,0.302
2510,0.326
2520,0.317
2530,0.311
2540,0.323
2550,0.326
2560,0.323
2570,0.314
2580,0.317
2590,0.296
2600,0.334
2610,0.315
2620,0.310
2630,0.296
2640,0.326
2650,0.323
2660,0.319
2670,0.353
2680,0.319
2690,0.329
2700,0.348
2710,0.325
2720,0.336
2730,0.317
2740,0.325
2750,0.330
2760,0.314
2770,0.304
2780,0.311
2790,0.318
2800,0.319
2810,0.294
2820,0.323
2830,0.325
2840,0.336
2850,0.348
2860,0.319
2870,0.318
2880,0.326
2890,0.333
2900,0.330
2910,0.322
2920,0.332
2930,0.326
2940,0.321
2950,0.319
2960,0.321
2970,0.313
2980,0.304
2990,0.317
3000,0.311
3010,0.314
3020,0.321
3030,0.318
3040,0.330
3050,0.321
3060,0.334
3070,0.313
3080,0.315
3090,0.330
3100,0.319
3110,0.290
3120,0.311
3130,0.290
3140,0.291
3150,0.306
3160,0.287
3170,0.280
3180,0.281
3190,0.294
3200,0.291
3210,0.268
3220,0.269
3230,0.277
3240,0.283
3250,0.272
3260,0.283
3270,0.276
3280,0.269
3290,0.299
3300,0.319
3310,0.299
3320,0.294
3330,0.294
3340,0.321
3350,0.294
3360,0.307
3370,0.327
3380,0.299
3390,0.288
3400,0.303
3410,0.300
3420,0.299
3430,0.281
3440,0.286
3450,0.300
3460,0.307
3470,0.303
3480,0.309
3490,0.303
3500,0.300
3510,0.310
3520,0.295
3530,0.299
3540,0.292
3550,0.292
3560,0.298
3570,0.294
3580,0.299
3590,0.299
3600,0.295
3610,0.299
3620,0.271
3630,0.300
3640,0.304
3650,0.279
3660,0.277
3670,0.269
3680,0.271
3690,0.267
3700,0.276
3710,0.283
3720,0.269
3730,0.288
3740,0.299
3750,0.290
3760,0.273
3770,0.286
3780,0.276
3790,0.267
3800,0.263
3810,0.283
3820,0.292
3830,0.265
3840,0.271
3850,0.271
3860,0.263
3870,0.288
3880,0.279
3890,0.280
3900,0.281
3910,0.292
3920,0.280
3930,0.281
3940,0.277
3950,0.299
3960,0.284
3970,0.288
3980,0.298
3990,0.271
4000,0.275
4010,0.292
4020,0.292
4030,0.276
4040,0.261
4050,0.279
4060,0.284
4070,0.272
4080,0.269
4090,0.291
4100,0.275
4110,0.286
4120,0.273
4130,0.281
4140,0.273
4150,0.279
4160,0.261
4170,0.257
4180,0.276
4190,0.261
4200,0.273
4210,0.261
4220,0.263
4230,0.272
4240,0.276
4250,0.284
4260,0.286
4270,0.279
4280,0.291
4290,0.280
4300,0.277
4310,0.277
4320,0.279
4330,0.284
4340,0.279
4350,0.253
4360,0.271
4370,0.263
4380,0.276
4390,0.283
4400,0.264
4410,0.264
4420,0.265
4430,0.260
4440,0.276
4450,0.269
4460,0.264
4470,0.263
4480,0.276
4490,0.279
4500,0.272
4510,0.276
4520,0.280
4530,0.277
4540,0.273
4550,0.260
4560,0.264
4570,0.271
4580,0.250
4590,0.252
4600,0.257
4610,0.261
4620,0.258
4630,0.249
4640,0.261
4650,0.256
4660,0.269
4670,0.257
4680,0.249
4690,0.271
4700,0.277
4710,0.273
4720,0.286
4730,0.275
4740,0.279
4750,0.267
4760,0.275
4770,0.273
4780,0.272
4790,0.283
4800,0.275
4810,0.257
4820,0.269
4830,0.256
4840,0.260
4850,0.253
4860,0.253
4870,0.253
4880,0.263
4890,0.271
4900,0.238
4910,0.267
4920,0.250
4930,0.250
4940,0.253
4950,0.237
4960,0.242
4970,0.244
4980,0.253
4990,0.260
5000,0.272
5010,0.269
5020,0.242
5030,0.268
5040,0.253
5050,0.257
5060,0.242
5070,0.248
5080,0.253
5090,0.240
5100,0.252
5110,0.244
5120,0.249
5130,0.250
5140,0.258
5150,0.242
5160,0.244
5170,0.248
5180,0.267
5190,0.245
5200,0.272
5210,0.287
5220,0.265
5230,0.254
5240,0.257
5250,0.231
5260,0.242
5270,0.238
5280,0.269
5290,0.271
5300,0.275
5310,0.283
5320,0.277
5330,0.271
5340,0.275
5350,0.263
5360,0.269
5370,0.276
5380,0.269
5390,0.264
5400,0.264
5410,0.277
5420,0.275
5430,0.276
5440,0.279
5450,0.277
5460,0.261
5470,0.271
5480,0.286
5490,0.275
5500,0.283
5510,0.269
5520,0.276
5530,0.280
5540,0.283
5550,0.271
5560,0.272
5570,0.264
5580,0.268
5590,0.276
5600,0.284
5610,0.276
5620,0.290
5630,0.273
5640,0.276
5650,0.261
5660,0.256
5670,0.288
5680,0.267
5690,0.240
5700,0.248
5710,0.257
5720,0.253
5730,0.256
5740,0.246
5750,0.249
5760,0.256
5770,0.257
5780,0.261
5790,0.264
5800,0.264
5810,0.277
5820,0.283
5830,0.273
5840,0.272
5850,0.273
5860,0.281
5870,0.284
5880,0.271
5890,0.284
5900,0.268
5910,0.272
5920,0.263
5930,0.260
5940,0.257
5950,0.253
5960,0.269
5970,0.280
5980,0.276
5990,0.261
6000,0.268
6010,0.272
6020,0.284
6030,0.268
6040,0.276
6050,0.260
6060,0.256
6070,0.280
6080,0.287
6090,0.286
6100,0.287
6110,0.267
6120,0.298
6130,0.284
6140,0.268
6150,0.257
6160,0.260
6170,0.250
6180,0.257
6190,0.250
6200,0.263
6210,0.261
6220,0.261
6230,0.254
6240,0.257
6250,0.265
6260,0.267
6270,0.249
6280,0.258
6290,0.254
6300,0.263
6310,0.265
6320,0.246
6330,0.264
6340,0.280
6350,0.276
6360,0.276
6370,0.273
6380,0.256
6390,0.269
6400,0.275
6410,0.283
6420,0.268
6430,0.261
6440,0.281
6450,0.286
6460,0.265
6470,0.272
6480,0.263
6490,0.265
6500,0.280
6510,0.268
6520,0.276
6530,0.252
6540,0.264
6550,0.258
6560,0.245
6570,0.246
6580,0.242
6590,0.248
6600,0.233
6610,0.246
6620,0.244
6630,0.258
6640,0.253
6650,0.272
6660,0.261
6670,0.271
6680,0.277
6690,0.275
6700,0.279
6710,0.279
6720,0.261
6730,0.260
6740,0.268
6750,0.256
6760,0.256
6770,0.258
6780,0.258
6790,0.261
6800,0.240
6810,0.257
6820,0.257
6830,0.250
6840,0.256
6850,0.254
6860,0.235
6870,0.240
6880,0.249
6890,0.250
6900,0.223
6910,0.219
6920,0.211
6930,0.199
6940,0.217
6950,0.225
6960,0.225
6970,0.221
6980,0.219
6990,0.196
7000,0.187
7010,0.189
7020,0.184
7030,0.188
7040,0.192
7050,0.180
7060,0.181
7070,0.165
7080,0.177
7090,0.153
7100,0.146
7110,0.156
7120,0.150
7130,0.149
7140,0.147
7150,0.145
7160,0.124
7170,0.152
7180,0.153
7190,0.146
7200,0.147
7210,0.141
7220,0.137
7230,0.131
7240,0.138
7250,0.138
7260,0.141
7270,0.130
7280,0.129
7290,0.138
7300,0.139
7310,0.134
7320,0.141
7330,0.131
7340,0.120
7350,0.124
7360,0.129
7370,0.120
7380,0.122
7390,0.129
7400,0.143
7410,0.146
7420,0.149
7430,0.160
7440,0.147
7450,0.139
7460,0.141
7470,0.130
7480,0.149
7490,0.149
7500,0.138
7510,0.137
7520,0.142
7530,0.149
7540,0.143
7550,0.150
7560,0.168
7570,0.161
7580,0.158
7590,0.149
7600,0.149
7610,0.131
7620,0.138
7630,0.138
7640,0.141
7650,0.131
7660,0.141
7670,0.133
7680,0.130
7690,0.122
7700,0.133
7710,0.127
7720,0.116
7730,0.122
7740,0.123
7750,0.118
7760,0.134
7770,0.127
7780,0.119
7790,0.112
7800,0.091
7810,0.106
7820,0.096
7830,0.093
7840,0.091
7850,0.092
7860,0.097
7870,0.100
7880,0.100
7890,0.099
7900,0.115
7910,0.115
7920,0.108
7930,0.110
7940,0.108
7950,0.106
7960,0.096
7970,0.106
7980,0.100
7990,0.103
8000,0.114
8010,0.115
8020,0.108
8030,0.115
8040,0.106
8050,0.097
8060,0.099
8070,0.093
8080,0.081
8090,0.080
8100,0.074
8110,0.083
8120,0.087
8130,0.088
8140,0.081
8150,0.083
8160,0.074
8170,0.074
8180,0.070
8190,0.073
8200,0.070
8210,0.065
8220,0.064
8230,0.069
8240,0.072
8250,0.068
8260,0.087
8270,0.073
8280,0.069
8290,0.066
8300,0.061
8310,0.064
8320,0.070
8330,0.076
8340,0.078
8350,0.064
8360,0.065
8370,0.064
8380,0.062
8390,0.072
8400,0.074
8410,0.055
8420,0.070
8430,0.072
8440,0.074
8450,0.064
8460,0.061
8470,0.066
8480,0.064
8490,0.058
8500,0.053
8510,0.055
8520,0.057
8530,0.058
8540,0.049
8550,0.049
8560,0.046
8570,0.049
8580,0.055
8590,0.055
8600,0.061
8610,0.077
8620,0.068
8630,0.058
8640,0.054
8650,0.064
8660,0.060
8670,0.055
8680,0.068
8690,0.066
8700,0.061
8710,0.062
8720,0.061
8730,0.051
8740,0.058
8750,0.041
8760,0.060
8770,0.069
8780,0.072
8790,0.060
8800,0.076
8810,0.068
8820,0.074
8830,0.066
8840,0.058
8850,0.053
8860,0.065
8870,0.057
8880,0.058
8890,0.062
8900,0.065
8910,0.058
8920,0.065
8930,0.051
8940,0.064
8950,0.069
8960,0.050
8970,0.060
8980,0.047
8990,0.042
9000,0.050
9010,0.053
9020,0.061
9030,0.061
9040,0.057
9050,0.047
9060,0.037
9070,0.046
9080,0.037
9090,0.035
9100,0.045
9110,0.039
9120,0.047
9130,0.042
9140,0.050
9150,0.046
9160,0.051
9170,0.053
9180,0.047
9190,0.055
9200,0.054
9210,0.054
9220,0.060
9230,0.053
9240,0.060
9250,0.051
9260,0.057
9270,0.055
9280,0.061
9290,0.060
9300,0.057
9310,0.050
9320,0.050
9330,0.046
9340,0.038
9350,0.047
9360,0.046
9370,0.046
9380,0.046
9390,0.042
9400,0.035
9410,0.037
9420,0.041
9430,0.043
9440,0.038
9450,0.035
9460,0.039
9470,0.051
9480,0.041
9490,0.038
9500,0.035
9510,0.042
9520,0.045
9530,0.045
9540,0.043
9550,0.041
9560,0.051
9570,0.049
9580,0.055
9590,0.053
9600,0.046
9610,0.041
9620,0.032
9630,0.045
9640,0.043
9650,0.030
9660,0.031
9670,0.026
9680,0.032
9690,0.031
9700,0.043
9710,0.041
9720,0.037
9730,0.049
9740,0.043
9750,0.043
9760,0.038
9770,0.032
9780,0.038
9790,0.047
9800,0.047
9810,0.049
9820,0.060
9830,0.054
9840,0.049
9850,0.046
9860,0.054
9870,0.041
9880,0.046
9890,0.060
9900,0.062
9910,0.058
9920,0.064
9930,0.057
9940,0.060
9950,0.055
9960,0.057
9970,0.055
9980,0.034
9990,0.046
10000,0.041
10010,0.046
10020,0.046
10030,0.051
10040,0.046
10050,0.046
10060,0.041
10070,0.053
10080,0.041
10090,0.054
10100,0.041
10110,0.045
10120,0.043
10130,0.046
10140,0.043
10150,0.031
10160,0.037
10170,0.049
10180,0.050
10190,0.047
10200,0.031
10210,0.035
10220,0.045
10230,0.057
10240,0.057
10250,0.046
10260,0.037
10270,0.032
10280,0.038
10290,0.035
10300,0.039
10310,0.046
10320,0.042
10330,0.041
10340,0.039
10350,0.054
10360,0.057
10370,0.051
10380,0.051
10390,0.049
10400,0.053
10410,0.054
10420,0.058
10430,0.050
10440,0.042
10450,0.042
10460,0.043
10470,0.046
10480,0.043
10490,0.038
10500,0.051
10510,0.053
10520,0.049
10530,0.051
10540,0.058
10550,0.050
10560,0.046
10570,0.049
10580,0.042
10590,0.045
10600,0.046
10610,0.054
10620,0.047
10630,0.045
10640,0.055
10650,0.053
10660,0.057
10670,0.053
10680,0.054
10690,0.047
10700,0.051
10710,0.051
10720,0.054
10730,0.058
10740,0.055
10750,0.055
10760,0.047
10770,0.042
10780,0.037
10790,0.060
10800,0.046
10810,0.050
10820,0.066
10830,0.070
10840,0.051
10850,0.050
10860,0.047
10870,0.051
10880,0.039
10890,0.043
10900,0.039
10910,0.034
10920,0.037
10930,0.041
10940,0.042
10950,0.037
10960,0.035
10970,0.046
10980,0.035
10990,0.031
11000,0.037
11010,0.043
11020,0.043
11030,0.032
11040,0.035
11050,0.041
11060,0.037
11070,0.031
11080,0.037
11090,0.030
11100,0.037
11110,0.037
11120,0.034
11130,0.038
11140,0.039
11150,0.038
11160,0.039
11170,0.042
11180,0.042
11190,0.041
11200,0.041
11210,0.041
11220,0.041
11230,0.045
11240,0.055
11250,0.055
11260,0.038
11270,0.050
11280,0.051
11290,0.057
11300,0.051
11310,0.054
11320,0.065
11330,0.055
11340,0.061
11350,0.049
11360,0.053
11370,0.046
11380,0.038
11390,0.039
11400,0.043
11410,0.041
11420,0.049
11430,0.037
11440,0.041
11450,0.041
11460,0.042
11470,0.038
11480,0.038
11490,0.046
11500,0.043
11510,0.042
11520,0.050
11530,0.038
11540,0.039
11550,0.038
11560,0.041
11570,0.034
11580,0.041
11590,0.038
11600,0.039
11610,0.051
11620,0.045
11630,0.043
11640,0.043
11650,0.042
11660,0.050
11670,0.038
11680,0.045
11690,0.037
11700,0.046
11710,0.041
11720,0.042
11730,0.045
11740,0.050
11750,0.047
11760,0.043
11770,0.043
11780,0.035
11790,0.039
11800,0.045
11810,0.049
11820,0.042
11830,0.032
11840,0.030
11850,0.030
11860,0.032
11870,0.031
11880,0.032
11890,0.034
11900,0.030
11910,0.037
11920,0.041
11930,0.038
11940,0.037
11950,0.030
11960,0.023
11970,0.032
11980,0.035
11990,0.041
12000,0.045
12010,0.042
12020,0.047
12030,0.038
12040,0.034
12050,0.041
12060,0.046
12070,0.037
12080,0.038
12090,0.031
12100,0.042
12110,0.039
12120,0.038
12130,0.037
12140,0.046
12150,0.045
12160,0.049
12170,0.042
12180,0.049
12190,0.046
12200,0.046
12210,0.053
12220,0.043
12230,0.042
12240,0.042
12250,0.047
12260,0.046
12270,0.043
12280,0.046
12290,0.046
12300,0.049
12310,0.047
12320,0.046
12330,0.050
12340,0.042
12350,0.053
12360,0.055
12370,0.050
12380,0.039
12390,0.046
12400,0.042
12410,0.041
12420,0.043
12430,0.037
12440,0.031
12450,0.039
12460,0.042
12470,0.050
12480,0.050
12490,0.050
12500,0.055
12510,0.046
12520,0.038
12530,0.038
12540,0.049
12550,0.045
12560,0.045
12570,0.047
12580,0.042
12590,0.039
12600,0.045
12610,0.041
12620,0.046
12630,0.041
12640,0.037
12650,0.043
12660,0.045
12670,0.042
12680,0.038
12690,0.047
12700,0.042
12710,0.047
12720,0.047
12730,0.042
12740,0.039
12750,0.038
12760,0.039
12770,0.042
12780,0.049
12790,0.039
12800,0.047
12810,0.037
12820,0.041
12830,0.047
12840,0.049
12850,0.047
12860,0.043
12870,0.035
12880,0.045
12890,0.050
12900,0.051
12910,0.049
12920,0.047
12930,0.055
12940,0.046
12950,0.049
12960,0.050
12970,0.053
12980,0.043
12990,0.039
13000,0.039
13010,0.039
13020,0.045
13030,0.043
13040,0.049
13050,0.045
13060,0.043
13070,0.041
13080,0.041
13090,0.035
13100,0.042
13110,0.038
13120,0.037
13130,0.038
13140,0.038
13150,0.042
13160,0.041
13170,0.045
13180,0.046
13190,0.034
13200,0.043
13210,0.034
13220,0.041
13230,0.050
13240,0.047
13250,0.045
13260,0.050
13270,0.039
13280,0.042
13290,0.041
13300,0.045
13310,0.038
13320,0.045
13330,0.043
13340,0.039
13350,0.034
13360,0.035
13370,0.043
13380,0.041
13390,0.034
13400,0.032
13410,0.031
13420,0.042
13430,0.043
13440,0.047
13450,0.045
13460,0.035
13470,0.041
13480,0.041
13490,0.039
13500,0.037
13510,0.034
13520,0.039
13530,0.050
13540,0.041
13550,0.051
13560,0.047
13570,0.050
13580,0.038
13590,0.049
13600,0.043
13610,0.034
13620,0.032
13630,0.037
13640,0.027
13650,0.024
13660,0.028
13670,0.030
13680,0.030
13690,0.028
13700,0.031
13710,0.041
13720,0.020
13730,0.023
13740,0.023
13750,0.030
13760,0.028
13770,0.035
13780,0.031
13790,0.030
13800,0.027
13810,0.038
13820,0.028
13830,0.031
13840,0.035
13850,0.034
13860,0.024
13870,0.026
13880,0.031
13890,0.032
13900,0.030
13910,0.030
13920,0.037
13930,0.045
13940,0.037
13950,0.028
13960,0.035
13970,0.031
13980,0.039
13990,0.030
14000,0.030
14010,0.028
14020,0.037
14030,0.038
14040,0.032
14050,0.039
14060,0.030
14070,0.043
14080,0.035
14090,0.037
14100,0.035
14110,0.032
14120,0.041
14130,0.035
14140,0.030
14150,0.041
14160,0.038
14170,0.039
14180,0.045
14190,0.045
14200,0.031
14210,0.032
14220,0.026
14230,0.038
14240,0.030
14250,0.024
14260,0.027
14270,0.027
14280,0.023
14290,0.031
14300,0.026
14310,0.034
14320,0.038
14330,0.027
14340,0.030
14350,0.035
14360,0.043
14370,0.041
14380,0.043
14390,0.050
14400,0.039
14410,0.038
14420,0.038
14430,0.032
14440,0.041
14450,0.035
14460,0.030
14470,0.026
14480,0.020
14490,0.027
14500,0.024
14510,0.020
14520,0.020
14530,0.020
14540,0.022
14550,0.026
14560,0.031
14570,0.024
14580,0.032
14590,0.024
14600,0.024
14610,0.028
14620,0.031
14630,0.028
14640,0.031
14650,0.038
14660,0.035
14670,0.039
14680,0.043
14690,0.043
14700,0.041
14710,0.030
14720,0.032
14730,0.032
14740,0.034
14750,0.041
14760,0.042
14770,0.039
14780,0.034
14790,0.045
14800,0.045
14810,0.039
14820,0.041
14830,0.035
14840,0.028
14850,0.031
14860,0.026
14870,0.031
14880,0.026
14890,0.030
14900,0.031
14910,0.028
14920,0.034
14930,0.032
14940,0.026
14950,0.028
14960,0.024
14970,0.032
14980,0.027
14990,0.031
15000,0.041
15010,0.032
15020,0.041
15030,0.034
15040,0.034
15050,0.031
15060,0.027
15070,0.034
15080,0.023
15090,0.019
15100,0.023
15110,0.026
15120,0.022
15130,0.028
15140,0.030
15150,0.027
15160,0.028
15170,0.027
15180,0.032
15190,0.038
15200,0.032
15210,0.035
15220,0.037
15230,0.038
15240,0.037
15250,0.028
15260,0.028
15270,0.023
15280,0.028
15290,0.034
15300,0.034
15310,0.024
15320,0.024
15330,0.039
15340,0.030
15350,0.020
15360,0.023
15370,0.026
15380,0.031
15390,0.043
15400,0.034
15410,0.037
15420,0.035
15430,0.037
15440,0.034
15450,0.028
15460,0.034
15470,0.027
15480,0.031
15490,0.030
15500,0.030
15510,0.039
15520,0.039
15530,0.031
15540,0.045
15550,0.039
15560,0.039
15570,0.035
15580,0.032
15590,0.034
15600,0.042
15610,0.041
15620,0.038
15630,0.041
15640,0.042
15650,0.041
15660,0.039
15670,0.037
15680,0.035
15690,0.043
15700,0.041
15710,0.043
15720,0.051
15730,0.045
15740,0.042
15750,0.039
15760,0.046
15770,0.037
15780,0.034
15790,0.030
15800,0.034
15810,0.030
15820,0.042
15830,0.030
15840,0.038
15850,0.034
15860,0.035
15870,0.034
15880,0.032
15890,0.042
15900,0.035
15910,0.032
15920,0.032
15930,0.031
15940,0.031
15950,0.030
15960,0.034
15970,0.031
15980,0.028
15990,0.023
16000,0.024
16010,0.024
16020,0.024
16030,0.024
16040,0.023
16050,0.026
16060,0.024
16070,0.022
16080,0.026
16090,0.026
16100,0.023
16110,0.028
16120,0.023
16130,0.024
16140,0.023
16150,0.030
16160,0.034
16170,0.027
16180,0.028
16190,0.032
16200,0.022
16210,0.030
16220,0.026
16230,0.031
16240,0.023
16250,0.019
16260,0.030
16270,0.024
16280,0.023
16290,0.022
16300,0.018
16310,0.026
16320,0.020
16330,0.022
16340,0.024
16350,0.023
16360,0.028
16370,0.022
16380,0.011
16390,0.019
16400,0.018
16410,0.019
16420,0.020
16430,0.020
16440,0.018
16450,0.024
16460,0.020
16470,0.027
16480,0.026
16490,0.031
16500,0.030
16510,0.028
16520,0.022
16530,0.024
16540,0.023
16550,0.020
16560,0.022
16570,0.027
16580,0.024
16590,0.024
16600,0.028
16610,0.018
16620,0.024
16630,0.016
16640,0.015
16650,0.020
16660,0.018
16670,0.016
16680,0.016
16690,0.020
16700,0.022
16710,0.023
16720,0.024
16730,0.020
16740,0.026
16750,0.030
16760,0.031
16770,0.023
16780,0.028
16790,0.031
16800,0.031
16810,0.026
16820,0.035
16830,0.030
16840,0.028
16850,0.030
16860,0.031
16870,0.041
16880,0.035
16890,0.031
16900,0.032
16910,0.032
16920,0.024
16930,0.032
16940,0.030
16950,0.032
16960,0.028
16970,0.026
16980,0.026
16990,0.026
17000,0.023
17010,0.034
17020,0.024
17030,0.030
17040,0.028
17050,0.034
17060,0.037
17070,0.035
17080,0.032
17090,0.020
17100,0.018
17110,0.015
17120,0.019
17130,0.020
17140,0.014
17150,0.016
17160,0.016
17170,0.019
17180,0.014
17190,0.018
17200,0.018
17210,0.023
17220,0.018
17230,0.018
17240,0.020
17250,0.016
17260,0.018
17270,0.019
17280,0.018
17290,0.018
17300,0.016
17310,0.014
17320,0.022
17330,0.023
17340,0.020
17350,0.012
17360,0.020
17370,0.022
17380,0.015
17390,0.022
17400,0.022
17410,0.024
17420,0.015
17430,0.019
17440,0.022
17450,0.023
17460,0.019
17470,0.020
17480,0.019
17490,0.019
17500,0.015
17510,0.020
17520,0.018
17530,0.026
17540,0.018
17550,0.014
17560,0.018
17570,0.027
17580,0.024
17590,0.027
17600,0.022
17610,0.032
17620,0.019
17630,0.024
17640,0.028
17650,0.026
17660,0.031
17670,0.028
17680,0.034
17690,0.026
17700,0.024
17710,0.027
17720,0.020
17730,0.028
17740,0.027
17750,0.023
17760,0.030
17770,0.030
17780,0.030
17790,0.026
17800,0.022
17810,0.026
17820,0.019
17830,0.028
17840,0.024
17850,0.024
17860,0.022
17870,0.018
17880,0.020
17890,0.022
17900,0.027
17910,0.030
17920,0.019
17930,0.027
17940,0.022
17950,0.023
17960,0.019
17970,0.020
17980,0.019
17990,0.020
18000,0.030
18010,0.028
18020,0.030
18030,0.023
18040,0.022
18050,0.027
18060,0.022
18070,0.024
18080,0.032
18090,0.032
18100,0.030
18110,0.026
18120,0.024
18130,0.022
18140,0.026
18150,0.031
18160,0.024
18170,0.020
18180,0.019
18190,0.026
18200,0.020
18210,0.028
18220,0.027
18230,0.022
18240,0.028
18250,0.026
18260,0.022
18270,0.027
18280,0.020
18290,0.014
18300,0.022
18310,0.020
18320,0.023
18330,0.020
18340,0.018
18350,0.027
18360,0.022
18370,0.022
18380,0.026
18390,0.020
18400,0.027
18410,0.023
18420,0.024
18430,0.030
18440,0.024
18450,0.023
18460,0.027
18470,0.023
18480,0.022
18490,0.026
18500,0.027
18510,0.028
18520,0.019
18530,0.028
18540,0.031
18550,0.034
18560,0.031
18570,0.026
18580,0.028
18590,0.030
18600,0.034
18610,0.037
18620,0.035
18630,0.031
18640,0.031
18650,0.038
18660,0.039
18670,0.037
18680,0.038
18690,0.037
18700,0.041
18710,0.034
18720,0.037
18730,0.047
18740,0.037
18750,0.032
18760,0.031
18770,0.037
18780,0.038
18790,0.030
18800,0.028
18810,0.026
18820,0.022
18830,0.026
18840,0.023
18850,0.030
18860,0.022
18870,0.020
18880,0.026
18890,0.019
18900,0.024
18910,0.022
18920,0.022
18930,0.026
18940,0.028
18950,0.023
18960,0.028
18970,0.020
18980,0.020
18990,0.020
19000,0.034
19010,0.022
19020,0.028
19030,0.028
19040,0.022
19050,0.027
19060,0.038
19070,0.035
19080,0.031
19090,0.031
19100,0.028
19110,0.032
19120,0.039
19130,0.034
19140,0.022
19150,0.024
19160,0.020
19170,0.024
19180,0.026
19190,0.026
19200,0.026
19210,0.026
19220,0.027
19230,0.020
19240,0.024
19250,0.024
19260,0.018
19270,0.020
19280,0.016
19290,0.020
19300,0.026
19310,0.023
19320,0.031
19330,0.026
19340,0.022
19350,0.023
19360,0.023
19370,0.026
19380,0.028
19390,0.026
19400,0.024
19410,0.020
19420,0.028
19430,0.022
19440,0.022
19450,0.030
19460,0.026
19470,0.020
19480,0.020
19490,0.018
19500,0.019
19510,0.019
19520,0.019
19530,0.020
19540,0.016
19550,0.022
19560,0.018
19570,0.027
19580,0.019
19590,0.028
19600,0.024
19610,0.019
19620,0.022
19630,0.020
19640,0.023
19650,0.024
19660,0.023
19670,0.022
19680,0.015
19690,0.026
19700,0.027
19710,0.030
19720,0.022
19730,0.023
19740,0.020
19750,0.020
19760,0.016
19770,0.016
19780,0.012
19790,0.018
19800,0.019
19810,0.024
19820,0.030
19830,0.027
19840,0.024
19850,0.026
19860,0.024
19870,0.026
19880,0.030
19890,0.028
19900,0.032
19910,0.024
19920,0.028
19930,0.026
19940,0.031
19950,0.020
19960,0.030
19970,0.023
19980,0.022
19990,0.019
20000,0.024
