# time, fQ
0,0.704
10,0.599
20,0.549
30,0.551
40,0.562
50,0.532
60,0.537
70,0.545
80,0.516
90,0.509
100,0.537
110,0.520
120,0.520
130,0.525
140,0.522
150,0.560
160,0.562
170,0.536
180,0.521
190,0.520
200,0.517
210,0.524
220,0.525
230,0.512
240,0.514
250,0.516
260,0.505
270,0.521
280,0.490
290,0.490
300,0.494
310,0.494
320,0.483
330,0.495
340,0.475
350,0.472
360,0.475
370,0.480
380,0.482
390,0.453
400,0.490
410,0.487
420,0.464
430,0.471
440,0.453
450,0.451
460,0.424
470,0.461
480,0.448
490,0.429
500,0.422
510,0.421
520,0.434
530,0.448
540,0.452
550,0.453
560,0.465
570,0.467
580,0.447
590,0.445
600,0.445
610,0.461
620,0.436
630,0.425
640,0.437
650,0.418
660,0.429
670,0.417
680,0.411
690,0.395
700,0.382
710,0.394
720,0.388
730,0.391
740,0.355
750,0.376
760,0.365
770,0.349
780,0.349
790,0.346
800,0.333
810,0.340
820,0.340
830,0.340
840,0.333
850,0.338
860,0.325
870,0.329
880,0.334
890,0.352
900,0.333
910,0.329
920,0.304
930,0.309
940,0.302
950,0.314
960,0.314
970,0.300
980,0.313
990,0.326
1000,0.294
1010,0.288
1020,0.294
1030,0.286
1040,0.258
1050,0.269
1060,0.276
1070,0.265
1080,0.286
1090,0.283
1100,0.284
1110,0.286
1120,0.276
1130,0.288
1140,0.276
1150,0.253
1160,0.272
1170,0.295
1180,0.288
1190,0.299
1200,0.317
1210,0.290
1220,0.295
1230,0.287
1240,0.287
1250,0.287
1260,0.286
1270,0.279
1280,0.279
1290,0.276
1300,0.276
1310,0.291
1320,0.273
1330,0.273
1340,0.272
1350,0.252
1360,0.267
1370,0.276
1380,0.261
1390,0.257
1400,0.268
1410,0.267
1420,0.254
1430,0.261
1440,0.257
1450,0.244
1460,0.248
1470,0.234
1480,0.237
1490,0.244
1500,0.235
1510,0.222
1520,0.240
1530,0.238
1540,0.250
1550,0.244
1560,0.246
1570,0.238
1580,0.235
1590,0.244
1600,0.234
1610,0.249
1620,0.238
1630,0.238
1640,0.217
1650,0.208
1660,0.219
1670,0.230
1680,0.223
1690,0.229
1700,0.237
1710,0.214
1720,0.227
1730,0.212
1740,0.203
1750,0.217
1760,0.231
1770,0.227
1780,0.223
1790,0.227
1800,0.229
1810,0.234
1820,0.226
1830,0.207
1840,0.218
1850,0.202
1860,0.219
1870,0.214
1880,0.227
1890,0.221
1900,0.223
1910,0.221
1920,0.223
1930,0.207
1940,0.227
1950,0.235
1960,0.235
1970,0.237
1980,0.215
1990,0.226
2000,0.230
2010,0.225
2020,0.223
2030,0.222
2040,0.214
2050,0.223
2060,0.214
2070,0.204
2080,0.206
2090,0.202
2100,0.230
2110,0.208
2120,0.199
2130,0.202
2140,0.175
2150,0.192
2160,0.169
2170,0.173
2180,0.180
2190,0.175
2200,0.177
2210,0.179
2220,0.187
2230,0.196
2240,0.183
2250,0.187
2260,0.191
2270,0.196
2280,0.195
2290,0.188
2300,0.191
2310,0.177
2320,0.184
2330,0.185
2340,0.173
2350,0.162
2360,0.166
2370,0.166
2380,0.153
2390,0.150
2400,0.154
2410,0.131
2420,0.165
2430,0.154
2440,0.158
2450,0.146
2460,0.154
2470,0.160
2480,0.154
2490,0.147
2500,0.135
2510,0.124
2520,0.122
2530,0.112
2540,0.112
2550,0.107
2560,0.122
2570,0.131
2580,0.120
2590,0.127
2600,0.122
2610,0.123
2620,0.118
2630,0.126
2640,0.116
2650,0.126
2660,0.153
2670,0.142
2680,0.145
2690,0.150
2700,0.139
2710,0.141
2720,0.147
2730,0.131
2740,0.123
2750,0.130
2760,0.129
2770,0.131
2780,0.135
2790,0.146
2800,0.143
2810,0.147
2820,0.146
2830,0.146
2840,0.130
2850,0.127
2860,0.130
2870,0.135
2880,0.118
2890,0.127
2900,0.133
2910,0.130
2920,0.143
2930,0.141
2940,0.123
2950,0.124
2960,0.111
2970,0.115
2980,0.138
2990,0.134
3000,0.147
3010,0.143
3020,0.126
3030,0.137
3040,0.142
3050,0.126
3060,0.114
3070,0.097
3080,0.104
3090,0.110
3100,0.122
3110,0.104
3120,0.096
3130,0.123
3140,0.118
3150,0.120
3160,0.104
3170,0.112
3180,0.112
3190,0.104
3200,0.108
3210,0.101
3220,0.096
3230,0.093
3240,0.091
3250,0.084
3260,0.093
3270,0.088
3280,0.087
3290,0.087
3300,0.093
3310,0.085
3320,0.077
3330,0.065
3340,0.081
3350,0.085
3360,0.085
3370,0.085
3380,0.077
3390,0.073
3400,0.091
3410,0.078
3420,0.081
3430,0.080
3440,0.091
3450,0.088
3460,0.080
3470,0.081
3480,0.076
3490,0.080
3500,0.085
3510,0.083
3520,0.093
3530,0.077
3540,0.081
3550,0.069
3560,0.072
3570,0.072
3580,0.078
3590,0.073
3600,0.084
3610,0.072
3620,0.074
3630,0.076
3640,0.095
3650,0.084
3660,0.080
3670,0.074
3680,0.080
3690,0.078
3700,0.078
3710,0.085
3720,0.073
3730,0.070
3740,0.068
3750,0.060
3760,0.074
3770,0.065
3780,0.069
3790,0.064
3800,0.051
3810,0.057
3820,0.060
3830,0.065
3840,0.058
3850,0.061
3860,0.066
3870,0.069
3880,0.060
3890,0.054
3900,0.066
3910,0.058
3920,0.051
3930,0.073
3940,0.074
3950,0.065
3960,0.062
3970,0.068
3980,0.061
3990,0.051
4000,0.050
4010,0.061
4020,0.058
4030,0.065
4040,0.065
4050,0.058
4060,0.064
4070,0.061
4080,0.045
4090,0.051
4100,0.054
4110,0.062
4120,0.065
4130,0.057
4140,0.058
4150,0.076
4160,0.060
4170,0.064
4180,0.066
4190,0.058
4200,0.055
4210,0.057
4220,0.064
4230,0.057
4240,0.057
4250,0.061
4260,0.053
4270,0.054
4280,0.053
4290,0.054
4300,0.050
4310,0.055
4320,0.057
4330,0.062
4340,0.051
4350,0.060
4360,0.055
4370,0.055
4380,0.062
4390,0.066
4400,0.061
4410,0.062
4420,0.066
4430,0.068
4440,0.064
4450,0.053
4460,0.065
4470,0.064
4480,0.069
4490,0.068
4500,0.058
4510,0.050
4520,0.046
4530,0.043
4540,0.043
4550,0.047
4560,0.045
4570,0.041
4580,0.041
4590,0.043
4600,0.041
4610,0.043
4620,0.043
4630,0.039
4640,0.050
4650,0.046
4660,0.038
4670,0.039
4680,0.042
4690,0.047
4700,0.042
4710,0.031
4720,0.037
4730,0.038
4740,0.037
4750,0.041
4760,0.043
4770,0.039
4780,0.045
4790,0.032
4800,0.034
4810,0.034
4820,0.038
4830,0.041
4840,0.034
4850,0.037
4860,0.041
4870,0.038
4880,0.041
4890,0.038
4900,0.039
4910,0.038
4920,0.037
4930,0.038
4940,0.042
4950,0.041
4960,0.041
4970,0.049
4980,0.041
4990,0.038
5000,0.042
5010,0.047
5020,0.042
5030,0.041
5040,0.043
5050,0.035
5060,0.035
5070,0.051
5080,0.038
5090,0.046
5100,0.045
5110,0.049
5120,0.050
5130,0.043
5140,0.042
5150,0.032
5160,0.035
5170,0.041
5180,0.038
5190,0.035
5200,0.035
5210,0.041
5220,0.038
5230,0.043
5240,0.049
5250,0.038
5260,0.039
5270,0.038
5280,0.053
5290,0.032
5300,0.038
5310,0.042
5320,0.057
5330,0.049
5340,0.049
5350,0.047
5360,0.045
5370,0.046
5380,0.042
5390,0.034
5400,0.038
5410,0.043
5420,0.039
5430,0.050
5440,0.054
5450,0.062
5460,0.061
5470,0.061
5480,0.057
5490,0.046
5500,0.050
5510,0.045
5520,0.046
5530,0.046
5540,0.046
5550,0.046
5560,0.037
5570,0.057
5580,0.055
5590,0.050
5600,0.051
5610,0.057
5620,0.041
5630,0.045
5640,0.046
5650,0.041
5660,0.058
5670,0.046
5680,0.054
5690,0.053
5700,0.047
5710,0.055
5720,0.049
5730,0.043
5740,0.050
5750,0.046
5760,0.043
5770,0.049
5780,0.039
5790,0.041
5800,0.041
5810,0.046
5820,0.047
5830,0.043
5840,0.054
5850,0.053
5860,0.042
5870,0.049
5880,0.049
5890,0.055
5900,0.049
5910,0.051
5920,0.042
5930,0.049
5940,0.038
5950,0.049
5960,0.041
5970,0.051
5980,0.047
5990,0.050
6000,0.054
6010,0.050
6020,0.062
6030,0.068
6040,0.061
6050,0.057
6060,0.061
6070,0.053
6080,0.047
6090,0.053
6100,0.055
6110,0.058
6120,0.060
6130,0.053
6140,0.047
6150,0.053
6160,0.051
6170,0.046
6180,0.043
6190,0.050
6200,0.050
6210,0.049
6220,0.060
6230,0.047
6240,0.042
6250,0.041
6260,0.049
6270,0.055
6280,0.053
6290,0.045
6300,0.050
6310,0.047
6320,0.050
6330,0.050
6340,0.047
6350,0.037
6360,0.037
6370,0.046
6380,0.045
6390,0.042
6400,0.055
6410,0.051
6420,0.043
6430,0.050
6440,0.050
6450,0.051
6460,0.045
6470,0.055
6480,0.049
6490,0.046
6500,0.057
6510,0.050
6520,0.055
6530,0.055
6540,0.051
6550,0.065
6560,0.062
6570,0.058
6580,0.061
6590,0.074
6600,0.053
6610,0.057
6620,0.062
6630,0.047
6640,0.045
6650,0.057
6660,0.053
6670,0.054
6680,0.046
6690,0.058
6700,0.047
6710,0.057
6720,0.061
6730,0.070
6740,0.061
6750,0.047
6760,0.054
6770,0.051
6780,0.045
6790,0.043
6800,0.046
6810,0.046
6820,0.049
6830,0.043
6840,0.045
6850,0.043
6860,0.043
6870,0.042
6880,0.028
6890,0.037
6900,0.037
6910,0.037
6920,0.027
6930,0.031
6940,0.030
6950,0.026
6960,0.032
6970,0.039
6980,0.037
6990,0.037
7000,0.042
7010,0.037
7020,0.031
7030,0.039
7040,0.034
7050,0.042
7060,0.034
7070,0.038
7080,0.031
7090,0.030
7100,0.022
7110,0.027
7120,0.037
7130,0.032
7140,0.026
7150,0.032
7160,0.032
7170,0.027
7180,0.030
7190,0.027
7200,0.028
7210,0.020
7220,0.024
7230,0.030
7240,0.031
7250,0.024
7260,0.037
7270,0.037
7280,0.038
7290,0.032
7300,0.034
7310,0.039
7320,0.032
7330,0.035
7340,0.031
7350,0.037
7360,0.027
7370,0.032
7380,0.030
7390,0.030
7400,0.034
7410,0.030
7420,0.032
7430,0.037
7440,0.023
7450,0.015
7460,0.019
7470,0.027
7480,0.028
7490,0.028
7500,0.035
7510,0.022
7520,0.022
7530,0.027
7540,0.030
7550,0.039
7560,0.041
7570,0.046
7580,0.042
7590,0.035
7600,0.034
7610,0.026
7620,0.035
7630,0.037
7640,0.037
7650,0.028
7660,0.034
7670,0.041
7680,0.035
7690,0.035
7700,0.031
7710,0.027
7720,0.031
7730,0.028
7740,0.028
7750,0.020
7760,0.027
7770,0.039
7780,0.041
7790,0.039
7800,0.046
7810,0.038
7820,0.027
7830,0.037
7840,0.042
7850,0.028
7860,0.045
7870,0.035
7880,0.032
7890,0.032
7900,0.035
7910,0.034
7920,0.024
7930,0.022
7940,0.026
7950,0.027
7960,0.032
7970,0.027
7980,0.030
7990,0.028
8000,0.023
8010,0.026
8020,0.023
8030,0.028
8040,0.018
8050,0.020
8060,0.024
8070,0.022
8080,0.020
8090,0.022
8100,0.022
8110,0.024
8120,0.020
8130,0.023
8140,0.023
8150,0.026
8160,0.020
8170,0.024
8180,0.022
8190,0.024
8200,0.034
8210,0.028
8220,0.035
8230,0.028
8240,0.031
8250,0.026
8260,0.031
8270,0.026
8280,0.023
8290,0.023
8300,0.022
8310,0.027
8320,0.026
8330,0.023
8340,0.019
8350,0.027
8360,0.031
8370,0.032
8380,0.035
8390,0.035
8400,0.045
8410,0.043
8420,0.049
8430,0.043
8440,0.042
8450,0.049
8460,0.042
8470,0.049
8480,0.045
8490,0.049
8500,0.054
8510,0.049
8520,0.050
8530,0.043
8540,0.041
8550,0.043
8560,0.041
8570,0.047
8580,0.043
8590,0.032
8600,0.037
8610,0.039
8620,0.041
8630,0.041
8640,0.031
8650,0.028
8660,0.041
8670,0.043
8680,0.041
8690,0.042
8700,0.050
8710,0.039
8720,0.042
8730,0.041
8740,0.053
8750,0.045
8760,0.047
8770,0.051
8780,0.055
8790,0.046
8800,0.050
8810,0.050
8820,0.050
8830,0.046
8840,0.050
8850,0.053
8860,0.053
8870,0.050
8880,0.051
8890,0.045
8900,0.039
8910,0.046
8920,0.047
8930,0.035
8940,0.042
8950,0.041
8960,0.032
8970,0.032
8980,0.041
8990,0.039
9000,0.038
9010,0.039
9020,0.042
9030,0.038
9040,0.038
9050,0.035
9060,0.039
9070,0.043
9080,0.049
9090,0.051
9100,0.054
9110,0.053
9120,0.050
9130,0.050
9140,0.051
9150,0.058
9160,0.054
9170,0.051
9180,0.053
9190,0.062
9200,0.054
9210,0.053
9220,0.060
9230,0.069
9240,0.061
9250,0.062
9260,0.060
9270,0.058
9280,0.051
9290,0.055
9300,0.062
9310,0.055
9320,0.045
9330,0.035
9340,0.035
9350,0.037
9360,0.037
9370,0.034
9380,0.035
9390,0.038
9400,0.034
9410,0.041
9420,0.046
9430,0.046
9440,0.047
9450,0.055
9460,0.047
9470,0.054
9480,0.047
9490,0.046
9500,0.043
9510,0.046
9520,0.047
9530,0.050
9540,0.043
9550,0.046
9560,0.046
9570,0.035
9580,0.042
9590,0.034
9600,0.039
9610,0.042
9620,0.035
9630,0.041
9640,0.042
9650,0.039
9660,0.031
9670,0.034
9680,0.032
9690,0.026
9700,0.030
9710,0.026
9720,0.031
9730,0.023
9740,0.026
9750,0.026
9760,0.022
9770,0.030
9780,0.034
9790,0.030
9800,0.034
9810,0.037
9820,0.031
9830,0.043
9840,0.034
9850,0.031
9860,0.035
9870,0.038
9880,0.038
9890,0.050
9900,0.039
9910,0.045
9920,0.032
9930,0.035
9940,0.031
9950,0.037
9960,0.038
9970,0.041
9980,0.028
9990,0.043
10000,0.045
10010,0.037
10020,0.034
10030,0.034
10040,0.023
10050,0.027
10060,0.023
10070,0.024
10080,0.022
10090,0.027
10100,0.027
10110,0.026
10120,0.018
10130,0.023
10140,0.023
10150,0.018
10160,0.026
10170,0.019
10180,0.018
10190,0.019
10200,0.019
10210,0.018
10220,0.019
10230,0.022
10240,0.023
10250,0.020
10260,0.016
10270,0.027
10280,0.016
10290,0.028
10300,0.016
10310,0.018
10320,0.019
10330,0.018
10340,0.015
10350,0.019
10360,0.022
10370,0.030
10380,0.028
10390,0.031
10400,0.028
10410,0.028
10420,0.034
10430,0.031
10440,0.035
10450,0.027
10460,0.031
10470,0.026
10480,0.026
10490,0.023
10500,0.022
10510,0.028
10520,0.028
10530,0.031
10540,0.032
10550,0.019
10560,0.019
10570,0.020
10580,0.019
10590,0.019
10600,0.024
10610,0.032
10620,0.034
10630,0.028
10640,0.028
10650,0.034
10660,0.020
10670,0.020
10680,0.022
10690,0.018
10700,0.028
10710,0.026
10720,0.026
10730,0.022
10740,0.019
10750,0.023
10760,0.026
10770,0.024
10780,0.015
10790,0.024
10800,0.028
10810,0.028
10820,0.041
10830,0.027
10840,0.026
10850,0.024
10860,0.023
10870,0.028
10880,0.026
10890,0.023
10900,0.015
10910,0.015
10920,0.020
10930,0.020
10940,0.015
10950,0.020
10960,0.020
10970,0.015
10980,0.020
10990,0.016
11000,0.012
11010,0.018
11020,0.016
11030,0.018
11040,0.016
11050,0.018
11060,0.015
11070,0.020
11080,0.020
11090,0.014
11100,0.015
11110,0.018
11120,0.018
11130,0.012
11140,0.015
11150,0.019
11160,0.016
11170,0.018
11180,0.018
11190,0.016
11200,0.009
11210,0.012
11220,0.012
11230,0.019
11240,0.016
11250,0.018
11260,0.027
11270,0.020
11280,0.028
11290,0.026
11300,0.024
11310,0.026
11320,0.022
11330,0.023
11340,0.024
11350,0.030
11360,0.027
11370,0.014
11380,0.019
11390,0.022
11400,0.018
11410,0.014
11420,0.016
11430,0.024
11440,0.023
11450,0.018
11460,0.018
11470,0.027
11480,0.026
11490,0.028
11500,0.031
11510,0.024
11520,0.024
11530,0.018
11540,0.023
11550,0.022
11560,0.022
11570,0.027
11580,0.019
11590,0.023
11600,0.022
11610,0.020
11620,0.023
11630,0.023
11640,0.024
11650,0.027
11660,0.035
11670,0.032
11680,0.024
11690,0.024
11700,0.028
11710,0.031
11720,0.022
11730,0.027
11740,0.037
11750,0.030
11760,0.035
11770,0.035
11780,0.031
11790,0.030
11800,0.037
11810,0.039
11820,0.047
11830,0.030
11840,0.039
11850,0.027
11860,0.037
11870,0.022
11880,0.038
11890,0.041
11900,0.051
11910,0.054
11920,0.065
11930,0.046
11940,0.057
11950,0.046
11960,0.047
11970,0.035
11980,0.035
11990,0.039
12000,0.035
12010,0.046
12020,0.042
12030,0.047
12040,0.043
12050,0.038
12060,0.034
12070,0.047
12080,0.037
12090,0.050
12100,0.049
12110,0.058
12120,0.039
12130,0.037
12140,0.046
12150,0.038
12160,0.037
12170,0.037
12180,0.032
12190,0.042
12200,0.037
12210,0.039
12220,0.045
12230,0.046
12240,0.049
12250,0.053
12260,0.041
12270,0.032
12280,0.038
12290,0.041
12300,0.047
12310,0.047
12320,0.038
12330,0.041
12340,0.037
12350,0.041
12360,0.037
12370,0.046
12380,0.042
12390,0.041
12400,0.042
12410,0.037
12420,0.031
12430,0.041
12440,0.037
12450,0.034
12460,0.027
12470,0.034
12480,0.042
12490,0.046
12500,0.046
12510,0.045
12520,0.045
12530,0.041
12540,0.037
12550,0.041
12560,0.032
12570,0.037
12580,0.034
12590,0.042
12600,0.034
12610,0.037
12620,0.045
12630,0.049
12640,0.053
12650,0.054
12660,0.046
12670,0.037
12680,0.043
12690,0.039
12700,0.038
12710,0.042
12720,0.038
12730,0.031
12740,0.039
12750,0.034
12760,0.045
12770,0.047
12780,0.050
12790,0.053
12800,0.057
12810,0.060
12820,0.049
12830,0.045
12840,0.043
12850,0.043
12860,0.049
12870,0.055
12880,0.050
12890,0.061
12900,0.051
12910,0.064
12920,0.053
12930,0.054
12940,0.051
12950,0.043
12960,0.045
12970,0.049
12980,0.045
12990,0.043
13000,0.047
13010,0.049
13020,0.047
13030,0.046
13040,0.046
13050,0.039
13060,0.047
13070,0.046
13080,0.047
13090,0.043
13100,0.034
13110,0.035
13120,0.042
13130,0.047
13140,0.046
13150,0.047
13160,0.037
13170,0.046
13180,0.051
13190,0.054
13200,0.043
13210,0.031
13220,0.038
13230,0.034
13240,0.041
13250,0.039
13260,0.027
13270,0.026
13280,0.037
13290,0.035
13300,0.039
13310,0.045
13320,0.035
13330,0.027
13340,0.037
13350,0.046
13360,0.049
13370,0.038
13380,0.046
13390,0.042
13400,0.046
13410,0.038
13420,0.031
13430,0.031
13440,0.027
13450,0.030
13460,0.023
13470,0.031
13480,0.026
13490,0.035
13500,0.034
13510,0.024
13520,0.039
13530,0.038
13540,0.039
13550,0.043
13560,0.043
13570,0.046
13580,0.037
13590,0.039
13600,0.030
13610,0.039
13620,0.039
13630,0.031
13640,0.030
13650,0.024
13660,0.028
13670,0.030
13680,0.035
13690,0.041
13700,0.058
13710,0.046
13720,0.035
13730,0.046
13740,0.049
13750,0.050
13760,0.051
13770,0.042
13780,0.030
13790,0.046
13800,0.049
13810,0.032
13820,0.038
13830,0.037
13840,0.038
13850,0.038
13860,0.035
13870,0.041
13880,0.043
13890,0.032
13900,0.031
13910,0.037
13920,0.038
13930,0.039
13940,0.032
13950,0.035
13960,0.037
13970,0.038
13980,0.046
13990,0.043
14000,0.045
14010,0.047
14020,0.045
14030,0.050
14040,0.045
14050,0.045
14060,0.045
14070,0.051
14080,0.045
14090,0.032
14100,0.030
14110,0.031
14120,0.027
14130,0.031
14140,0.034
14150,0.030
14160,0.031
14170,0.027
14180,0.026
14190,0.030
14200,0.035
14210,0.035
14220,0.028
14230,0.034
14240,0.032
14250,0.035
14260,0.041
14270,0.034
14280,0.037
14290,0.039
14300,0.039
14310,0.038
14320,0.037
14330,0.038
14340,0.035
14350,0.035
14360,0.032
14370,0.034
14380,0.037
14390,0.035
14400,0.032
14410,0.022
14420,0.023
14430,0.031
14440,0.038
14450,0.032
14460,0.032
14470,0.041
14480,0.027
14490,0.037
14500,0.037
14510,0.032
14520,0.034
14530,0.028
14540,0.031
14550,0.028
14560,0.037
14570,0.032
14580,0.041
14590,0.035
14600,0.037
14610,0.043
14620,0.041
14630,0.037
14640,0.034
14650,0.026
14660,0.030
14670,0.034
14680,0.047
14690,0.038
14700,0.032
14710,0.042
14720,0.030
14730,0.038
14740,0.032
14750,0.035
14760,0.038
14770,0.035
14780,0.041
14790,0.035
14800,0.047
14810,0.053
14820,0.047
14830,0.050
14840,0.039
14850,0.039
14860,0.032
14870,0.020
14880,0.032
14890,0.028
14900,0.037
14910,0.031
14920,0.032
14930,0.024
14940,0.024
14950,0.026
14960,0.031
14970,0.031
14980,0.034
14990,0.028
15000,0.027
15010,0.032
15020,0.020
15030,0.020
15040,0.024
15050,0.028
15060,0.023
15070,0.023
15080,0.026
15090,0.028
15100,0.028
15110,0.024
15120,0.027
15130,0.027
15140,0.022
15150,0.024
15160,0.024
15170,0.018
15180,0.027
15190,0.028
15200,0.032
15210,0.038
15220,0.026
15230,0.034
15240,0.031
15250,0.032
15260,0.022
15270,0.030
15280,0.035
15290,0.037
15300,0.043
15310,0.039
15320,0.034
15330,0.031
15340,0.045
15350,0.041
15360,0.049
15370,0.042
15380,0.039
15390,0.030
15400,0.035
15410,0.032
15420,0.032
15430,0.030
15440,0.037
15450,0.034
15460,0.035
15470,0.037
15480,0.035
15490,0.038
15500,0.043
15510,0.038
15520,0.043
15530,0.041
15540,0.041
15550,0.041
15560,0.057
15570,0.053
15580,0.050
15590,0.047
15600,0.049
15610,0.037
15620,0.039
15630,0.034
15640,0.034
15650,0.042
15660,0.042
15670,0.034
15680,0.039
15690,0.042
15700,0.039
15710,0.034
15720,0.034
15730,0.027
15740,0.035
15750,0.035
15760,0.031
15770,0.032
15780,0.041
15790,0.034
15800,0.034
15810,0.032
15820,0.037
15830,0.024
15840,0.034
15850,0.027
15860,0.031
15870,0.035
15880,0.045
15890,0.042
15900,0.041
15910,0.030
15920,0.037
15930,0.034
15940,0.038
15950,0.034
15960,0.049
15970,0.049
15980,0.042
15990,0.039
16000,0.042
16010,0.039
16020,0.034
16030,0.035
16040,0.042
16050,0.038
16060,0.037
16070,0.034
16080,0.035
16090,0.032
16100,0.039
16110,0.034
16120,0.047
16130,0.037
16140,0.038
16150,0.039
16160,0.041
16170,0.035
16180,0.026
16190,0.034
16200,0.030
16210,0.024
16220,0.028
16230,0.023
16240,0.027
16250,0.027
16260,0.026
16270,0.031
16280,0.022
16290,0.034
16300,0.039
16310,0.037
16320,0.028
16330,0.031
16340,0.031
16350,0.026
16360,0.020
16370,0.026
16380,0.023
16390,0.022
16400,0.023
16410,0.019
16420,0.022
16430,0.019
16440,0.030
16450,0.030
16460,0.026
16470,0.028
16480,0.030
16490,0.031
16500,0.031
16510,0.032
16520,0.028
16530,0.031
16540,0.024
16550,0.024
16560,0.027
16570,0.032
16580,0.035
16590,0.039
16600,0.032
16610,0.039
16620,0.032
16630,0.027
16640,0.024
16650,0.030
16660,0.024
16670,0.026
16680,0.035
16690,0.032
16700,0.039
16710,0.034
16720,0.035
16730,0.035
16740,0.039
16750,0.032
16760,0.032
16770,0.026
16780,0.023
16790,0.031
16800,0.032
16810,0.027
16820,0.026
16830,0.023
16840,0.018
16850,0.015
16860,0.019
16870,0.018
16880,0.026
16890,0.024
16900,0.037
16910,0.034
16920,0.031
16930,0.022
16940,0.028
16950,0.031
16960,0.028
16970,0.031
16980,0.032
16990,0.034
17000,0.034
17010,0.032
17020,0.031
17030,0.034
17040,0.028
17050,0.039
17060,0.030
17070,0.035
17080,0.039
17090,0.038
17100,0.037
17110,0.030
17120,0.031
17130,0.028
17140,0.028
17150,0.022
17160,0.023
17170,0.024
17180,0.028
17190,0.030
17200,0.034
17210,0.027
17220,0.026
17230,0.026
17240,0.023
17250,0.030
17260,0.035
17270,0.030
17280,0.019
17290,0.022
17300,0.028
17310,0.023
17320,0.028
17330,0.024
17340,0.032
17350,0.022
17360,0.026
17370,0.026
17380,0.028
17390,0.026
17400,0.024
17410,0.032
17420,0.031
17430,0.028
17440,0.031
17450,0.035
17460,0.024
17470,0.035
17480,0.028
17490,0.028
17500,0.030
17510,0.032
17520,0.035
17530,0.030
17540,0.030
17550,0.028
17560,0.024
17570,0.028
17580,0.032
17590,0.027
17600,0.018
17610,0.027
17620,0.031
17630,0.030
17640,0.034
17650,0.031
17660,0.032
17670,0.031
17680,0.032
17690,0.037
17700,0.043
17710,0.039
17720,0.034
17730,0.042
17740,0.032
17750,0.035
17760,0.032
17770,0.043
17780,0.037
17790,0.031
17800,0.032
17810,0.022
17820,0.031
17830,0.034
17840,0.028
17850,0.031
17860,0.038
17870,0.039
17880,0.035
17890,0.026
17900,0.026
17910,0.037
17920,0.032
17930,0.031
17940,0.028
17950,0.030
17960,0.035
17970,0.039
17980,0.035
17990,0.038
18000,0.045
18010,0.039
18020,0.047
18030,0.032
18040,0.032
18050,0.043
18060,0.042
18070,0.046
18080,0.042
18090,0.049
18100,0.043
18110,0.046
18120,0.050
18130,0.054
18140,0.041
18150,0.045
18160,0.045
18170,0.043
18180,0.039
18190,0.038
18200,0.043
18210,0.046
18220,0.049
18230,0.042
18240,0.046
18250,0.042
18260,0.037
18270,0.047
18280,0.046
18290,0.043
18300,0.047
18310,0.039
18320,0.045
18330,0.047
18340,0.046
18350,0.041
18360,0.046
18370,0.037
18380,0.042
18390,0.028
18400,0.032
18410,0.034
18420,0.032
18430,0.034
18440,0.035
18450,0.037
18460,0.043
18470,0.042
18480,0.047
18490,0.042
18500,0.039
18510,0.039
18520,0.035
18530,0.039
18540,0.043
18550,0.043
18560,0.047
18570,0.050
18580,0.045
18590,0.037
18600,0.035
18610,0.038
18620,0.035
18630,0.045
18640,0.043
18650,0.039
18660,0.038
18670,0.045
18680,0.038
18690,0.038
18700,0.035
18710,0.045
18720,0.050
18730,0.046
18740,0.037
18750,0.034
18760,0.038
18770,0.041
18780,0.039
18790,0.034
18800,0.031
18810,0.035
18820,0.031
18830,0.031
18840,0.027
18850,0.038
18860,0.032
18870,0.032
18880,0.043
18890,0.037
18900,0.041
18910,0.026
18920,0.030
18930,0.031
18940,0.034
18950,0.039
18960,0.034
18970,0.039
18980,0.032
18990,0.037
19000,0.037
19010,0.031
19020,0.034
19030,0.028
19040,0.031
19050,0.024
19060,0.026
19070,0.022
19080,0.030
19090,0.024
19100,0.020
19110,0.026
19120,0.020
19130,0.030
19140,0.016
19150,0.024
19160,0.022
19170,0.023
19180,0.023
19190,0.023
19200,0.023
19210,0.018
19220,0.022
19230,0.020
19240,0.022
19250,0.016
19260,0.019
19270,0.024
19280,0.023
19290,0.031
19300,0.027
19310,0.020
19320,0.024
19330,0.024
19340,0.022
19350,0.020
19360,0.022
19370,0.018
19380,0.020
19390,0.019
19400,0.022
19410,0.020
19420,0.019
19430,0.020
19440,0.022
19450,0.023
19460,0.024
19470,0.018
19480,0.019
19490,0.024
19500,0.026
19510,0.020
19520,0.026
19530,0.026
19540,0.024
19550,0.026
19560,0.026
19570,0.027
19580,0.024
19590,0.026
19600,0.022
19610,0.022
19620,0.024
19630,0.018
19640,0.028
19650,0.027
19660,0.027
19670,0.022
19680,0.028
19690,0.035
19700,0.031
19710,0.027
19720,0.023
19730,0.028
19740,0.020
19750,0.022
19760,0.022
19770,0.031
19780,0.030
19790,0.027
19800,0.028
19810,0.028
19820,0.030
19830,0.034
19840,0.030
19850,0.031
19860,0.027
19870,0.019
19880,0.018
19890,0.018
19900,0.018
19910,0.023
19920,0.018
19930,0.019
19940,0.020
19950,0.015
19960,0.011
19970,0.012
19980,0.016
19990,0.022
20000,0.011
