# time, fQ
0,0.760
10,0.640
20,0.629
30,0.578
40,0.593
50,0.601
60,0.617
70,0.586
80,0.576
90,0.548
100,0.535
110,0.552
120,0.551
130,0.564
140,0.539
150,0.520
160,0.532
170,0.536
180,0.536
190,0.526
200,0.509
210,0.539
220,0.540
230,0.503
240,0.490
250,0.499
260,0.533
270,0.498
280,0.503
290,0.491
300,0.491
310,0.507
320,0.461
330,0.465
340,0.486
350,0.468
360,0.493
370,0.442
380,0.444
390,0.478
400,0.452
410,0.437
420,0.464
430,0.465
440,0.437
450,0.436
460,0.421
470,0.405
480,0.430
490,0.390
500,0.410
510,0.411
520,0.398
530,0.398
540,0.440
550,0.442
560,0.402
570,0.390
580,0.411
590,0.418
600,0.425
610,0.410
620,0.403
630,0.413
640,0.392
650,0.372
660,0.380
670,0.369
680,0.415
690,0.399
700,0.398
710,0.386
720,0.388
730,0.405
740,0.406
750,0.410
760,0.405
770,0.391
780,0.396
790,0.392
800,0.399
810,0.388
820,0.394
830,0.395
840,0.398
850,0.367
860,0.380
870,0.357
880,0.369
890,0.372
900,0.334
910,0.348
920,0.346
930,0.349
940,0.359
950,0.357
960,0.336
970,0.342
980,0.315
990,0.325
1000,0.307
1010,0.326
1020,0.333
1030,0.346
1040,0.340
1050,0.352
1060,0.350
1070,0.344
1080,0.350
1090,0.332
1100,0.342
1110,0.329
1120,0.311
1130,0.322
1140,0.318
1150,0.318
1160,0.327
1170,0.311
1180,0.341
1190,0.313
1200,0.295
1210,0.291
1220,0.311
1230,0.304
1240,0.314
1250,0.329
1260,0.310
1270,0.296
1280,0.283
1290,0.318
1300,0.299
1310,0.303
1320,0.287
1330,0.267
1340,0.276
1350,0.277
1360,0.283
1370,0.281
1380,0.271
1390,0.265
1400,0.267
1410,0.264
1420,0.256
1430,0.272
1440,0.261
1450,0.252
1460,0.252
1470,0.252
1480,0.254
1490,0.248
1500,0.263
1510,0.267
1520,0.256
1530,0.249
1540,0.241
1550,0.234
1560,0.227
1570,0.235
1580,0.230
1590,0.225
1600,0.240
1610,0.227
1620,0.223
1630,0.208
1640,0.211
1650,0.223
1660,0.219
1670,0.221
1680,0.199
1690,0.218
1700,0.218
1710,0.248
1720,0.229
1730,0.238
1740,0.223
1750,0.229
1760,0.248
1770,0.229
1780,0.227
1790,0.215
1800,0.225
1810,0.215
1820,0.221
1830,0.227
1840,0.203
1850,0.211
1860,0.208
1870,0.208
1880,0.198
1890,0.185
1900,0.169
1910,0.173
1920,0.195
1930,0.191
1940,0.177
1950,0.188
1960,0.211
1970,0.204
1980,0.180
1990,0.184
2000,0.194
2010,0.191
2020,0.212
2030,0.202
2040,0.195
2050,0.187
2060,0.168
2070,0.185
2080,0.187
2090,0.180
2100,0.177
2110,0.154
2120,0.160
2130,0.152
2140,0.150
2150,0.161
2160,0.158
2170,0.157
2180,0.160
2190,0.162
2200,0.154
2210,0.145
2220,0.131
2230,0.131
2240,0.110
2250,0.116
2260,0.135
2270,0.130
2280,0.129
2290,0.124
2300,0.118
2310,0.115
2320,0.115
2330,0.119
2340,0.112
2350,0.112
2360,0.107
2370,0.110
2380,0.115
2390,0.092
2400,0.112
2410,0.110
2420,0.104
2430,0.114
2440,0.100
2450,0.108
2460,0.087
2470,0.095
2480,0.084
2490,0.077
2500,0.077
2510,0.084
2520,0.076
2530,0.078
2540,0.101
2550,0.115
2560,0.107
2570,0.112
2580,0.115
2590,0.103
2600,0.101
2610,0.112
2620,0.108
2630,0.108
2640,0.096
2650,0.103
2660,0.112
2670,0.099
2680,0.104
2690,0.096
2700,0.089
2710,0.077
2720,0.087
2730,0.068
2740,0.091
2750,0.078
2760,0.068
2770,0.089
2780,0.080
2790,0.066
2800,0.060
2810,0.069
2820,0.089
2830,0.092
2840,0.088
2850,0.097
2860,0.083
2870,0.084
2880,0.073
2890,0.066
2900,0.092
2910,0.072
2920,0.076
2930,0.080
2940,0.074
2950,0.062
2960,0.053
2970,0.041
2980,0.057
2990,0.069
3000,0.070
3010,0.074
3020,0.068
3030,0.061
3040,0.062
3050,0.055
3060,0.054
3070,0.061
3080,0.043
3090,0.047
3100,0.055
3110,0.049
3120,0.051
3130,0.049
3140,0.047
3150,0.050
3160,0.058
3170,0.064
3180,0.057
3190,0.062
3200,0.072
3210,0.055
3220,0.065
3230,0.064
3240,0.069
3250,0.069
3260,0.066
3270,0.068
3280,0.062
3290,0.065
3300,0.043
3310,0.050
3320,0.058
3330,0.053
3340,0.060
3350,0.051
3360,0.053
3370,0.057
3380,0.050
3390,0.066
3400,0.060
3410,0.065
3420,0.062
3430,0.054
3440,0.054
3450,0.057
3460,0.057
3470,0.055
3480,0.042
3490,0.042
3500,0.045
3510,0.046
3520,0.054
3530,0.046
3540,0.055
3550,0.043
3560,0.054
3570,0.042
3580,0.057
3590,0.051
3600,0.050
3610,0.057
3620,0.055
3630,0.045
3640,0.042
3650,0.049
3660,0.062
3670,0.061
3680,0.068
3690,0.060
3700,0.064
3710,0.068
3720,0.054
3730,0.060
3740,0.058
3750,0.062
3760,0.050
3770,0.066
3780,0.051
3790,0.061
3800,0.053
3810,0.039
3820,0.039
3830,0.051
3840,0.054
3850,0.055
3860,0.058
3870,0.046
3880,0.051
3890,0.074
3900,0.051
3910,0.053
3920,0.057
3930,0.057
3940,0.047
3950,0.039
3960,0.032
3970,0.043
3980,0.054
3990,0.049
4000,0.049
4010,0.058
4020,0.054
4030,0.054
4040,0.047
4050,0.051
4060,0.042
4070,0.046
4080,0.045
4090,0.034
4100,0.042
4110,0.039
4120,0.035
4130,0.038
4140,0.039
4150,0.039
4160,0.039
4170,0.049
4180,0.038
4190,0.042
4200,0.039
4210,0.030
4220,0.032
4230,0.031
4240,0.042
4250,0.046
4260,0.038
4270,0.045
4280,0.041
4290,0.046
4300,0.041
4310,0.037
4320,0.043
4330,0.041
4340,0.042
4350,0.045
4360,0.042
4370,0.032
4380,0.028
4390,0.028
4400,0.038
4410,0.043
4420,0.037
4430,0.027
4440,0.034
4450,0.037
4460,0.038
4470,0.041
4480,0.050
4490,0.032
4500,0.037
4510,0.050
4520,0.043
4530,0.055
4540,0.043
4550,0.041
4560,0.045
4570,0.038
4580,0.041
4590,0.038
4600,0.037
4610,0.037
4620,0.030
4630,0.030
4640,0.024
4650,0.024
4660,0.042
4670,0.041
4680,0.030
4690,0.028
4700,0.031
4710,0.039
4720,0.031
4730,0.045
4740,0.032
4750,0.038
4760,0.039
4770,0.041
4780,0.035
4790,0.031
4800,0.030
4810,0.031
4820,0.037
4830,0.026
4840,0.024
4850,0.014
4860,0.016
4870,0.023
4880,0.030
4890,0.023
4900,0.034
4910,0.022
4920,0.034
4930,0.027
4940,0.026
4950,0.027
4960,0.027
4970,0.030
4980,0.027
4990,0.032
5000,0.039
5010,0.035
5020,0.028
5030,0.030
5040,0.024
5050,0.026
5060,0.027
5070,0.034
5080,0.035
5090,0.035
5100,0.041
5110,0.034
5120,0.028
5130,0.031
5140,0.037
5150,0.031
5160,0.034
5170,0.038
5180,0.034
5190,0.038
5200,0.043
5210,0.047
5220,0.038
5230,0.032
5240,0.045
5250,0.037
5260,0.043
5270,0.023
5280,0.032
5290,0.032
5300,0.034
5310,0.023
5320,0.022
5330,0.026
5340,0.030
5350,0.023
5360,0.019
5370,0.019
5380,0.022
5390,0.037
5400,0.034
5410,0.034
5420,0.032
5430,0.028
5440,0.018
5450,0.030
5460,0.035
5470,0.030
5480,0.019
5490,0.027
5500,0.020
5510,0.018
5520,0.024
5530,0.023
5540,0.026
5550,0.030
5560,0.030
5570,0.037
5580,0.034
5590,0.030
5600,0.024
5610,0.020
5620,0.020
5630,0.022
5640,0.022
5650,0.031
5660,0.023
5670,0.028
5680,0.034
5690,0.032
5700,0.034
5710,0.028
5720,0.031
5730,0.027
5740,0.028
5750,0.030
5760,0.019
5770,0.023
5780,0.022
5790,0.024
5800,0.023
5810,0.027
5820,0.024
5830,0.019
5840,0.018
5850,0.018
5860,0.018
5870,0.018
5880,0.022
5890,0.020
5900,0.022
5910,0.028
5920,0.023
5930,0.014
5940,0.016
5950,0.011
5960,0.016
5970,0.018
5980,0.019
5990,0.028
6000,0.024
6010,0.018
6020,0.022
6030,0.020
6040,0.022
6050,0.018
6060,0.022
6070,0.024
6080,0.028
6090,0.026
6100,0.032
6110,0.026
6120,0.024
6130,0.028
6140,0.030
6150,0.032
6160,0.037
6170,0.028
6180,0.030
6190,0.030
6200,0.030
6210,0.032
6220,0.034
6230,0.037
6240,0.026
6250,0.035
6260,0.027
6270,0.035
6280,0.032
6290,0.024
6300,0.027
6310,0.030
6320,0.031
6330,0.028
6340,0.032
6350,0.032
6360,0.024
6370,0.032
6380,0.038
6390,0.041
6400,0.041
6410,0.039
6420,0.038
6430,0.041
6440,0.043
6450,0.027
6460,0.028
6470,0.037
6480,0.035
6490,0.032
6500,0.031
6510,0.037
6520,0.039
6530,0.039
6540,0.038
6550,0.028
6560,0.035
6570,0.037
6580,0.027
6590,0.032
6600,0.045
6610,0.035
6620,0.037
6630,0.035
6640,0.037
6650,0.032
6660,0.034
6670,0.039
6680,0.035
6690,0.038
6700,0.042
6710,0.032
6720,0.039
6730,0.032
6740,0.031
6750,0.038
6760,0.037
6770,0.041
6780,0.038
6790,0.035
6800,0.045
6810,0.050
6820,0.049
6830,0.045
6840,0.045
6850,0.045
6860,0.051
6870,0.054
6880,0.060
6890,0.050
6900,0.043
6910,0.043
6920,0.042
6930,0.041
6940,0.042
6950,0.041
6960,0.041
6970,0.034
6980,0.027
6990,0.030
7000,0.027
7010,0.026
7020,0.030
7030,0.027
7040,0.030
7050,0.035
7060,0.035
7070,0.031
7080,0.031
7090,0.032
7100,0.027
7110,0.032
7120,0.035
7130,0.026
7140,0.027
7150,0.032
7160,0.034
7170,0.027
7180,0.028
7190,0.026
7200,0.035
7210,0.032
7220,0.037
7230,0.034
7240,0.030
7250,0.035
7260,0.042
7270,0.041
7280,0.039
7290,0.030
7300,0.030
7310,0.031
7320,0.032
7330,0.032
7340,0.031
7350,0.031
7360,0.032
7370,0.043
7380,0.032
7390,0.030
7400,0.043
7410,0.050
7420,0.045
7430,0.046
7440,0.049
7450,0.043
7460,0.042
7470,0.046
7480,0.042
7490,0.039
7500,0.045
7510,0.039
7520,0.035
7530,0.042
7540,0.037
7550,0.050
7560,0.039
7570,0.038
7580,0.039
7590,0.042
7600,0.032
7610,0.031
7620,0.032
7630,0.035
7640,0.032
7650,0.031
7660,0.030
7670,0.027
7680,0.038
7690,0.027
7700,0.028
7710,0.034
7720,0.027
7730,0.024
7740,0.028
7750,0.024
7760,0.031
7770,0.020
7780,0.020
7790,0.027
7800,0.020
7810,0.016
7820,0.022
7830,0.027
7840,0.023
7850,0.026
7860,0.028
7870,0.035
7880,0.037
7890,0.032
7900,0.042
7910,0.030
7920,0.028
7930,0.043
7940,0.039
7950,0.045
7960,0.043
7970,0.045
7980,0.046
7990,0.045
8000,0.043
