# time, fQ
0,0.760
10,0.639
20,0.673
30,0.641
40,0.622
50,0.593
60,0.582
70,0.574
80,0.589
90,0.567
100,0.585
110,0.595
120,0.589
130,0.583
140,0.563
150,0.547
160,0.536
170,0.539
180,0.512
190,0.544
200,0.521
210,0.502
220,0.495
230,0.509
240,0.498
250,0.480
260,0.479
270,0.479
280,0.484
290,0.472
300,0.455
310,0.457
320,0.436
330,0.449
340,0.440
350,0.441
360,0.428
370,0.429
380,0.410
390,0.426
400,0.411
410,0.411
420,0.394
430,0.403
440,0.430
450,0.417
460,0.409
470,0.411
480,0.409
490,0.405
500,0.396
510,0.414
520,0.399
530,0.402
540,0.380
550,0.369
560,0.380
570,0.356
580,0.372
590,0.359
600,0.357
610,0.357
620,0.342
630,0.357
640,0.345
650,0.356
660,0.340
670,0.356
680,0.327
690,0.332
700,0.329
710,0.350
720,0.359
730,0.341
740,0.348
750,0.345
760,0.330
770,0.342
780,0.326
790,0.319
800,0.304
810,0.317
820,0.307
830,0.317
840,0.306
850,0.310
860,0.295
870,0.303
880,0.287
890,0.273
900,0.264
910,0.269
920,0.281
930,0.260
940,0.258
950,0.280
960,0.273
970,0.250
980,0.258
990,0.249
1000,0.249
1010,0.234
1020,0.250
1030,0.246
1040,0.248
1050,0.246
1060,0.246
1070,0.231
1080,0.235
1090,0.214
1100,0.223
1110,0.218
1120,0.212
1130,0.215
1140,0.231
1150,0.230
1160,0.221
1170,0.233
1180,0.222
1190,0.222
1200,0.242
1210,0.226
1220,0.223
1230,0.218
1240,0.192
1250,0.199
1260,0.202
1270,0.215
1280,0.206
1290,0.212
1300,0.204
1310,0.207
1320,0.223
1330,0.219
1340,0.198
1350,0.200
1360,0.196
1370,0.192
1380,0.175
1390,0.183
1400,0.162
1410,0.187
1420,0.171
1430,0.172
1440,0.184
1450,0.179
1460,0.179
1470,0.162
1480,0.175
1490,0.161
1500,0.153
1510,0.169
1520,0.177
1530,0.173
1540,0.195
1550,0.176
1560,0.177
1570,0.177
1580,0.192
1590,0.184
1600,0.195
1610,0.179
1620,0.175
1630,0.173
1640,0.189
1650,0.198
1660,0.204
1670,0.188
1680,0.204
1690,0.196
1700,0.200
1710,0.210
1720,0.203
1730,0.207
1740,0.233
1750,0.222
1760,0.219
1770,0.203
1780,0.230
1790,0.219
1800,0.217
1810,0.208
1820,0.192
1830,0.206
1840,0.198
1850,0.204
1860,0.217
1870,0.211
1880,0.191
1890,0.200
1900,0.199
1910,0.183
1920,0.208
1930,0.196
1940,0.199
1950,0.188
1960,0.189
1970,0.198
1980,0.207
1990,0.202
2000,0.199
2010,0.195
2020,0.183
2030,0.180
2040,0.179
2050,0.177
2060,0.166
2070,0.165
2080,0.161
2090,0.147
2100,0.153
2110,0.162
2120,0.165
2130,0.130
2140,0.122
2150,0.129
2160,0.134
2170,0.120
2180,0.122
2190,0.135
2200,0.124
2210,0.135
2220,0.129
2230,0.131
2240,0.123
2250,0.129
2260,0.127
2270,0.118
2280,0.124
2290,0.130
2300,0.095
2310,0.126
2320,0.101
2330,0.104
2340,0.107
2350,0.108
2360,0.111
2370,0.097
2380,0.112
2390,0.103
2400,0.120
2410,0.124
2420,0.099
2430,0.111
2440,0.124
2450,0.112
2460,0.110
2470,0.088
2480,0.091
2490,0.095
2500,0.088
2510,0.099
2520,0.095
2530,0.088
2540,0.096
2550,0.101
2560,0.099
2570,0.108
2580,0.106
2590,0.085
2600,0.097
2610,0.118
2620,0.115
2630,0.110
2640,0.091
2650,0.077
2660,0.065
2670,0.065
2680,0.072
2690,0.069
2700,0.081
2710,0.073
2720,0.084
2730,0.093
2740,0.103
2750,0.089
2760,0.087
2770,0.070
2780,0.064
2790,0.069
2800,0.070
2810,0.074
2820,0.073
2830,0.066
2840,0.068
2850,0.064
2860,0.068
2870,0.065
2880,0.076
2890,0.081
2900,0.083
2910,0.095
2920,0.080
2930,0.091
2940,0.087
2950,0.072
2960,0.088
2970,0.073
2980,0.078
2990,0.080
3000,0.093
3010,0.096
3020,0.078
3030,0.083
3040,0.087
3050,0.073
3060,0.077
3070,0.084
3080,0.074
3090,0.074
3100,0.072
3110,0.076
3120,0.072
3130,0.069
3140,0.058
3150,0.061
3160,0.054
3170,0.054
3180,0.043
3190,0.043
3200,0.060
3210,0.047
3220,0.034
3230,0.042
3240,0.034
3250,0.038
3260,0.030
3270,0.030
3280,0.043
3290,0.041
3300,0.050
3310,0.043
3320,0.047
3330,0.037
3340,0.045
3350,0.047
3360,0.043
3370,0.039
3380,0.043
3390,0.051
3400,0.046
3410,0.042
3420,0.055
3430,0.047
3440,0.051
3450,0.041
3460,0.046
3470,0.060
3480,0.047
3490,0.051
3500,0.050
3510,0.060
3520,0.039
3530,0.032
3540,0.039
3550,0.035
3560,0.049
3570,0.054
3580,0.060
3590,0.060
3600,0.055
3610,0.055
3620,0.060
3630,0.060
3640,0.047
3650,0.047
3660,0.053
3670,0.060
3680,0.053
3690,0.053
3700,0.068
3710,0.064
3720,0.060
3730,0.047
3740,0.060
3750,0.066
3760,0.055
3770,0.054
3780,0.053
3790,0.061
3800,0.083
3810,0.078
3820,0.072
3830,0.093
3840,0.077
3850,0.068
3860,0.073
3870,0.081
3880,0.073
3890,0.068
3900,0.069
3910,0.072
3920,0.073
3930,0.073
3940,0.072
3950,0.055
3960,0.061
3970,0.058
3980,0.050
3990,0.054
4000,0.057
4010,0.050
4020,0.043
4030,0.054
4040,0.058
4050,0.064
4060,0.072
4070,0.080
4080,0.073
4090,0.060
4100,0.076
4110,0.050
4120,0.046
4130,0.050
4140,0.045
4150,0.058
4160,0.050
4170,0.061
4180,0.050
4190,0.057
4200,0.060
4210,0.043
4220,0.041
4230,0.057
4240,0.057
4250,0.043
4260,0.045
4270,0.039
4280,0.039
4290,0.043
4300,0.032
4310,0.035
4320,0.043
4330,0.046
4340,0.042
4350,0.054
4360,0.034
4370,0.030
4380,0.030
4390,0.034
4400,0.034
4410,0.041
4420,0.041
4430,0.039
4440,0.041
4450,0.037
4460,0.035
4470,0.028
4480,0.030
4490,0.034
4500,0.027
4510,0.032
4520,0.037
4530,0.037
4540,0.034
4550,0.037
4560,0.023
4570,0.026
4580,0.030
4590,0.028
4600,0.030
4610,0.031
4620,0.028
4630,0.031
4640,0.028
4650,0.030
4660,0.031
4670,0.032
4680,0.035
4690,0.030
4700,0.018
4710,0.043
4720,0.032
4730,0.019
4740,0.023
4750,0.028
4760,0.030
4770,0.020
4780,0.046
4790,0.032
4800,0.031
4810,0.031
4820,0.039
4830,0.043
4840,0.027
4850,0.038
4860,0.034
4870,0.035
4880,0.042
4890,0.034
4900,0.038
4910,0.039
4920,0.045
4930,0.054
4940,0.042
4950,0.047
4960,0.041
4970,0.049
4980,0.041
4990,0.039
5000,0.045
5010,0.041
5020,0.047
5030,0.050
5040,0.035
5050,0.049
5060,0.050
5070,0.045
5080,0.031
5090,0.035
5100,0.045
5110,0.041
5120,0.043
5130,0.035
5140,0.043
5150,0.047
5160,0.046
5170,0.045
5180,0.043
5190,0.042
5200,0.046
5210,0.038
5220,0.034
5230,0.045
5240,0.027
5250,0.037
5260,0.041
5270,0.051
5280,0.043
5290,0.035
5300,0.037
5310,0.038
5320,0.049
5330,0.027
5340,0.026
5350,0.030
5360,0.035
5370,0.035
5380,0.032
5390,0.038
5400,0.035
5410,0.039
5420,0.037
5430,0.030
5440,0.035
5450,0.038
5460,0.042
5470,0.045
5480,0.034
5490,0.037
5500,0.031
5510,0.047
5520,0.057
5530,0.060
5540,0.043
5550,0.053
5560,0.054
5570,0.057
5580,0.051
5590,0.054
5600,0.042
5610,0.037
5620,0.042
5630,0.042
5640,0.042
5650,0.038
5660,0.034
5670,0.035
5680,0.050
5690,0.053
5700,0.051
5710,0.038
5720,0.034
5730,0.032
5740,0.023
5750,0.026
5760,0.028
5770,0.034
5780,0.032
5790,0.038
5800,0.037
5810,0.028
5820,0.024
5830,0.037
5840,0.039
5850,0.035
5860,0.034
5870,0.030
5880,0.027
5890,0.030
5900,0.027
5910,0.028
5920,0.037
5930,0.026
5940,0.027
5950,0.032
5960,0.026
5970,0.030
5980,0.026
5990,0.030
6000,0.022
6010,0.031
6020,0.024
6030,0.034
6040,0.038
6050,0.032
6060,0.028
6070,0.032
6080,0.028
6090,0.031
6100,0.031
6110,0.032
6120,0.035
6130,0.028
6140,0.027
6150,0.026
6160,0.030
6170,0.027
6180,0.031
6190,0.032
6200,0.023
6210,0.030
6220,0.030
6230,0.023
6240,0.028
6250,0.035
6260,0.034
6270,0.024
6280,0.022
6290,0.018
6300,0.018
6310,0.018
6320,0.015
6330,0.018
6340,0.018
6350,0.018
6360,0.018
6370,0.030
6380,0.027
6390,0.028
6400,0.031
6410,0.028
6420,0.031
6430,0.034
6440,0.034
6450,0.034
6460,0.032
6470,0.023
6480,0.035
6490,0.030
6500,0.030
6510,0.035
6520,0.045
6530,0.037
6540,0.039
6550,0.039
6560,0.030
6570,0.041
6580,0.046
6590,0.027
6600,0.035
6610,0.041
6620,0.034
6630,0.024
6640,0.035
6650,0.027
6660,0.022
6670,0.027
6680,0.027
6690,0.035
6700,0.026
6710,0.032
6720,0.042
6730,0.039
6740,0.041
6750,0.035
6760,0.030
6770,0.023
6780,0.022
6790,0.022
6800,0.026
6810,0.028
6820,0.023
6830,0.020
6840,0.024
6850,0.020
6860,0.024
6870,0.022
6880,0.018
6890,0.018
6900,0.014
6910,0.015
6920,0.014
6930,0.024
6940,0.020
6950,0.028
6960,0.016
6970,0.032
6980,0.031
6990,0.030
7000,0.024
7010,0.037
7020,0.034
7030,0.027
7040,0.022
7050,0.022
7060,0.023
7070,0.023
7080,0.030
7090,0.020
7100,0.022
7110,0.026
7120,0.032
7130,0.023
7140,0.019
7150,0.016
7160,0.024
7170,0.026
7180,0.027
7190,0.018
7200,0.020
7210,0.020
7220,0.023
7230,0.020
7240,0.030
7250,0.024
7260,0.028
7270,0.037
7280,0.030
7290,0.027
7300,0.031
7310,0.023
7320,0.026
7330,0.027
7340,0.038
7350,0.042
7360,0.032
7370,0.031
7380,0.031
7390,0.030
7400,0.034
7410,0.037
7420,0.024
7430,0.030
7440,0.031
7450,0.027
7460,0.032
7470,0.039
7480,0.026
7490,0.024
7500,0.034
7510,0.027
7520,0.032
7530,0.030
7540,0.037
7550,0.024
7560,0.034
7570,0.032
7580,0.035
7590,0.031
7600,0.038
7610,0.028
7620,0.032
7630,0.027
7640,0.030
7650,0.022
7660,0.026
7670,0.023
7680,0.034
7690,0.028
7700,0.031
7710,0.023
7720,0.031
7730,0.037
7740,0.037
7750,0.031
7760,0.038
7770,0.031
7780,0.031
7790,0.049
7800,0.042
7810,0.042
7820,0.050
7830,0.043
7840,0.045
7850,0.058
7860,0.057
7870,0.045
7880,0.047
7890,0.047
7900,0.046
7910,0.051
7920,0.050
7930,0.046
7940,0.051
7950,0.047
7960,0.049
7970,0.038
7980,0.035
7990,0.042
8000,0.035
